   1  2  4  8  16  32  64  61  55  43  19  38  9  18  36  5  10  20  40  13  26  52  37  7  14  28  56  45  23  46  25  50  33  66  65  63  59  51  35  3  6  12  24  48  29  58  49  31  62  57  47  27  54  41  15  30  60  53  39  11  22  44  21  42  17  34
   1  6  64  11  10  3  50  16  61  15  32  8  30  55  7  21  57  66  51  20  47  37  9  13  19  35  58  60  23  12  38  26  29  62  59  5  45  56  27  25  2  52  46  42  4  14  53  18  33  24  54  40  22  63  41  65  48  28  49  17  36  43  44  31  39  34
   1  7  49  8  56  57  64  46  54  43  33  30  9  63  39  5  35  44  40  12  17  52  29  2  14  31  16  45  47  61  25  41  19  66  60  18  59  11  10  3  21  13  24  34  37  58  4  28  62  32  23  27  55  50  15  38  65  53  36  51  22  20  6  42  26  48
   1  8  10  15  40  17  30  22  19  47  18  24  2  37  49  29  53  26  5  54  39  25  65  31  13  9  28  44  45  56  66  36  27  60  3  33  23  12  11  61  42  46  64  32  58  6  21  38  59  20  62  16  4  35  57  51  14  52  55  63  50  7  48  43  41  34
   1  11  54  58  35  50  14  20  19  8  21  30  62  12  65  45  26  18  64  34  39  27  29  51  25  7  10  43  4  44  15  31  6  66  56  13  9  32  17  53  47  48  59  46  37  5  55  2  22  41  49  3  33  28  40  38  16  42  60  57  24  63  23  52  36  61
   1  12  10  53  33  61  62  7  17  3  36  30  25  32  49  52  21  51  9  41  23  8  29  13  22  63  19  27  56  2  24  20  39  66  55  57  14  34  6  5  60  50  64  31  37  42  35  18  15  46  16  58  26  44  59  38  54  45  4  48  40  11  65  43  47  28
   1  14  46  27  64  59  36  40  25  11  42  6  50  49  43  53  41  38  65  24  15  55  35  19  61  63  4  62  45  56  18  66  21  54  33  51  23  12  29  37  30  28  52  2  22  48  57  32  5  8  20  10  16  17  39  9  44  58  7  3  26  31  60  13  47  34
   1  18  4  35  58  21  62  52  7  9  14  38  60  13  61  3  33  24  39  26  65  31  15  55  49  11  10  30  23  12  8  20  17  50  53  41  45  56  63  43  44  16  22  48  64  32  59  6  57  66  36  28  46  27  5  47  42  40  19  29  54  25  2  37  51  34
   1  18  56  3  54  34  9  28  35  27  17  38  14  51  47  42  19  7  59  57  21  43  37  63  62  44  55  52  65  31  22  61  26  66  49  11  64  13  33  58  39  32  40  50  29  53  16  20  25  48  60  8  10  46  24  30  4  5  23  12  15  2  36  45  6  41
   1  20  16  39  22  35  42  58  31  41  66  54  32  61  37  11  29  50  59  60  57  19  5  7  43  51  46  14  45  56  36  30  15  48  63  3  23  12  47  13  18  10  40  38  52  24  27  26  17  62  44  4  28  65  21  33  8  64  25  9  2  55  6  49  53  34
   1  20  65  27  4  13  59  41  16  52  35  30  64  7  6  53  55  28  24  11  19  45  29  44  9  46  49  42  36  50  62  34  10  66  47  2  40  63  54  8  26  51  15  32  37  3  60  61  14  12  39  43  56  48  22  38  23  58  21  18  25  31  17  5  33  57
   1  26  52  51  46  11  48  10  37  5  24  36  14  7  31  35  17  62  53  30  33  49  41  61  25  39  22  32  45  56  54  60  9  42  27  21  23  12  65  55  6  58  28  8  16  66  63  20  29  50  2  64  40  47  3  57  38  4  43  15  44  13  18  19  59  34
   1  28  47  43  65  11  40  48  4  45  54  38  59  44  26  58  16  46  15  18  35  42  37  31  64  50  60  5  6  34  14  57  55  66  39  20  24  2  56  27  19  63  22  13  29  8  23  41  9  51  21  52  49  32  25  30  36  3  17  7  62  61  33  53  10  12
   1  31  23  43  60  51  40  34  49  45  55  30  59  20  17  58  56  61  15  63  10  42  29  28  64  41  65  5  21  48  14  32  54  66  36  44  24  7  16  27  33  18  22  12  37  8  47  50  9  11  6  52  4  57  25  38  39  3  26  2  62  46  19  53  35  13
   1  32  19  5  26  28  25  63  6  58  47  30  22  34  16  43  36  13  14  46  65  3  29  57  15  11  17  8  55  18  40  7  23  66  35  48  62  41  39  42  4  61  9  20  37  45  33  51  24  31  54  53  21  2  64  38  10  52  56  50  59  12  49  27  60  44
   1  32  22  63  4  53  54  28  43  35  48  18  62  19  25  59  5  8  47  66  9  13  11  49  7  27  64  50  45  56  6  24  3  36  57  39  23  12  17  31  60  40  16  44  46  42  33  14  41  38  26  58  52  29  51  15  2  10  61  21  20  37  30  55  65  34
   1  34  17  42  21  44  22  11  39  53  60  30  15  41  54  27  47  57  62  31  49  58  29  48  24  12  6  3  35  51  59  63  65  66  33  50  25  46  23  45  56  28  14  7  37  52  26  13  40  20  10  5  36  18  9  38  19  43  55  61  64  32  16  8  4  2
   1  42  16  17  22  57  20  58  31  63  44  32  54  61  37  33  51  6  15  38  35  19  27  7  43  29  46  36  23  12  14  8  59  26  41  47  45  56  3  13  62  10  40  60  52  2  5  48  39  18  66  4  28  21  65  11  30  64  25  53  24  55  50  49  9  34
   1  44  28  21  52  5  66  64  55  29  30  48  26  43  13  41  47  32  35  6  27  7  17  25  37  3  16  20  45  56  42  18  57  24  51  9  23  12  53  49  36  4  58  50  40  60  39  2  65  14  8  46  10  59  15  63  62  22  31  33  38  19  54  61  11  34
   1  50  21  45  39  7  15  13  47  5  49  38  24  61  35  8  65  34  25  44  56  53  37  41  40  57  36  58  19  12  64  51  4  66  17  46  22  28  60  52  54  20  62  18  29  43  6  32  59  2  33  42  23  11  14  30  26  27  10  31  9  48  55  3  16  63
   2  1  29  66  53  28  45  65  56  52  9  27  49  44  14  64  4  55  58  51  6  8  40  26  38  48  17  43  24  13  21  63  36  3  30  54  46  57  10  50  15  5  59  7  41  39  18  25  22  37  31  47  11  16  60  42  19  23  32  12  61  20  33  62  34  35
   2  3  41  4  17  42  25  5  14  18  61  43  21  26  56  6  66  15  12  19  64  62  30  44  32  22  53  27  46  57  49  7  34  1  40  16  24  13  60  20  55  65  11  63  29  31  52  45  48  33  39  23  59  54  10  28  51  47  38  58  9  50  37  8  36  35
   2  7  65  12  11  4  51  17  62  16  33  9  31  56  8  22  58  1  52  21  48  38  10  14  20  36  59  61  24  13  39  27  30  63  60  6  46  57  28  26  3  53  47  43  5  15  54  19  34  25  55  41  23  64  42  66  49  29  50  18  37  44  45  32  40  35
   2  9  11  16  41  18  31  23  20  48  19  25  3  38  50  30  54  27  6  55  40  26  66  32  14  10  29  45  46  57  1  37  28  61  4  34  24  13  12  62  43  47  65  33  59  7  22  39  60  21  63  17  5  36  58  52  15  53  56  64  51  8  49  44  42  35
   2  14  31  16  45  47  61  25  41  19  66  60  18  59  11  10  3  21  13  24  34  37  58  4  28  62  32  23  27  55  50  15  38  65  53  36  51  22  20  6  42  26  48  1  7  49  8  56  57  64  46  54  43  33  30  9  63  39  5  35  44  40  12  17  52  29
   2  15  12  23  5  4  30  24  46  10  8  60  48  25  20  16  53  29  50  40  32  39  58  33  13  64  11  49  66  26  61  22  31  65  52  55  44  62  63  37  43  21  57  59  7  19  42  47  51  14  38  17  27  35  28  9  34  54  3  56  18  1  41  6  45  36
   2  15  47  28  65  60  37  41  26  12  43  7  51  50  44  54  42  39  66  25  16  56  36  20  62  64  5  63  46  57  19  1  22  55  34  52  24  13  30  38  31  29  53  3  23  49  58  33  6  9  21  11  17  18  40  10  45  59  8  4  27  32  61  14  48  35
   2  19  5  36  59  22  63  53  8  10  15  39  61  14  62  4  34  25  40  27  66  32  16  56  50  12  11  31  24  13  9  21  18  51  54  42  46  57  64  44  45  17  23  49  65  33  60  7  58  1  37  29  47  28  6  48  43  41  20  30  55  26  3  38  52  35
   2  21  17  40  23  36  43  59  32  42  1  55  33  62  38  12  30  51  60  61  58  20  6  8  44  52  47  15  46  57  37  31  16  49  64  4  24  13  48  14  19  11  41  39  53  25  28  27  18  63  45  5  29  66  22  34  9  65  26  10  3  56  7  50  54  35
   2  21  53  54  31  24  51  33  45  37  20  9  61  4  42  39  41  62  48  35  66  23  7  40  18  55  8  17  11  15  57  29  3  65  46  14  13  36  43  16  34  22  30  47  58  6  63  25  28  26  5  19  32  1  44  60  27  49  12  59  50  56  52  10  38  64
   2  22  41  49  3  33  28  40  38  16  42  60  57  24  63  23  52  36  61  1  11  54  58  35  50  14  20  19  8  21  30  62  12  65  45  26  18  64  34  39  27  29  51  25  7  10  43  4  44  15  31  6  66  56  13  9  32  17  53  47  48  59  46  37  5  55
   2  24  20  39  66  55  57  14  34  6  5  60  50  64  31  37  42  35  18  15  46  16  58  26  44  59  38  54  45  4  48  40  11  65  43  47  28  1  12  10  53  33  61  62  7  17  3  36  30  25  32  49  52  21  51  9  41  23  8  29  13  22  63  19  27  56
   2  25  11  37  27  36  48  64  63  17  45  60  13  62  38  6  8  33  44  14  41  10  58  55  51  1  46  39  52  47  18  24  32  65  42  56  30  40  31  19  3  4  50  22  7  54  5  29  61  59  34  23  53  26  57  9  12  16  66  21  28  15  20  49  43  35
   2  25  41  48  17  64  3  5  14  40  39  21  43  26  56  28  22  37  34  63  42  62  52  44  32  66  53  49  24  13  27  51  12  45  18  60  46  57  16  20  33  65  11  19  29  9  30  1  4  55  61  23  59  10  54  6  7  47  38  36  31  50  15  8  58  35
   2  26  3  39  38  25  57  4  52  6  11  9  50  47  8  37  12  22  18  33  27  16  7  24  44  36  66  54  32  14  48  21  5  65  41  64  28  29  42  10  63  15  61  56  58  17  20  59  30  55  45  49  34  40  51  60  43  23  31  1  13  35  53  19  46  62
   2  27  53  52  47  12  49  11  38  6  25  37  15  8  32  36  18  63  54  31  34  50  42  62  26  40  23  33  46  57  55  61  10  43  28  22  24  13  66  56  7  59  29  9  17  1  64  21  30  51  3  65  41  48  4  58  39  5  44  16  45  14  19  20  60  35
   2  29  52  17  12  40  44  35  5  39  63  9  30  33  43  54  46  64  57  56  8  49  7  1  48  26  42  6  20  22  51  36  53  65  38  15  50  55  27  23  32  62  28  4  58  37  34  24  13  21  3  10  11  59  18  60  66  19  41  25  61  47  45  16  31  14
   2  31  11  60  41  40  9  23  20  4  63  3  25  38  50  52  10  49  28  33  18  26  22  32  14  54  29  1  24  13  45  15  6  39  48  12  46  57  34  62  21  47  65  55  59  51  66  61  16  43  19  17  5  58  36  30  37  53  56  42  7  8  27  44  64  35
   2  33  23  64  5  54  55  29  44  36  49  19  63  20  26  60  6  9  48  1  10  14  12  50  8  28  65  51  46  57  7  25  4  37  58  40  24  13  18  32  61  41  17  45  47  43  34  15  42  39  27  59  53  30  52  16  3  11  62  22  21  38  31  56  66  35
   2  33  42  23  11  14  30  26  27  10  31  9  48  55  3  16  63  1  50  21  45  39  7  15  13  47  5  49  38  24  61  35  8  65  34  25  44  56  53  37  41  40  57  36  58  19  12  64  51  4  66  17  46  22  28  60  52  54  20  62  18  29  43  6  32  59
   2  35  43  49  20  15  28  21  66  16  12  9  57  26  53  23  34  59  61  29  5  54  7  22  50  4  3  19  31  40  30  56  42  65  32  24  18  47  52  39  46  1  51  55  58  10  41  14  44  33  8  6  38  62  13  60  45  17  63  64  48  36  27  37  11  25
   2  36  45  6  41  1  18  56  3  54  34  9  28  35  27  17  38  14  51  47  42  19  7  59  57  21  43  37  63  62  44  55  52  65  31  22  61  26  66  49  11  64  13  33  58  39  32  40  50  29  53  16  20  25  48  60  8  10  46  24  30  4  5  23  12  15
   2  37  47  6  65  16  15  41  26  34  21  51  7  50  44  10  64  61  22  3  60  56  58  20  62  42  5  19  24  13  63  45  66  33  12  30  46  57  52  38  9  29  53  25  23  27  36  55  28  31  43  11  17  40  18  54  1  59  8  48  49  32  39  14  4  35
   2  39  59  10  29  30  61  47  50  66  7  1  45  32  20  18  60  21  42  37  52  44  48  38  56  16  41  3  46  57  25  55  64  31  22  58  24  13  36  8  49  23  5  15  11  19  4  9  54  27  51  53  65  12  34  40  33  17  14  28  63  62  43  26  6  35
   2  43  17  18  23  58  21  59  32  64  45  33  55  62  38  34  52  7  16  39  36  20  28  8  44  30  47  37  24  13  15  9  60  27  42  48  46  57  4  14  63  11  41  61  53  3  6  49  40  19  1  5  29  22  66  12  31  65  26  54  25  56  51  50  10  35
   2  45  29  22  53  6  1  65  56  30  31  49  27  44  14  42  48  33  36  7  28  8  18  26  38  4  17  21  46  57  43  19  58  25  52  10  24  13  54  50  37  5  59  51  41  61  40  3  66  15  9  47  11  60  16  64  63  23  32  34  39  20  55  62  12  35
   2  47  66  10  34  62  50  36  42  49  46  9  44  29  45  19  11  24  28  55  53  6  7  64  30  35  52  16  41  59  13  4  27  65  20  1  57  33  5  17  31  25  18  21  58  23  38  22  48  56  43  39  12  14  61  60  3  37  32  15  51  26  8  54  63  40
   2  49  53  30  47  34  27  11  38  28  3  15  37  8  32  58  40  19  10  9  12  50  64  62  26  18  23  55  24  13  33  39  54  21  6  66  46  57  22  56  51  59  29  31  17  45  42  43  52  7  25  65  41  4  48  36  61  5  44  60  1  14  63  20  16  35
   2  51  65  34  11  48  7  17  62  60  55  31  9  56  8  66  36  45  30  43  4  38  54  14  20  58  59  39  46  57  61  49  52  19  16  28  24  13  6  26  25  53  47  21  5  37  10  63  12  3  33  41  23  42  64  22  27  29  50  40  15  44  1  32  18  35
   2  55  5  37  46  59  48  47  53  17  32  9  13  56  66  6  31  15  44  4  43  10  7  25  51  29  27  39  34  64  18  26  45  65  12  62  30  21  8  19  20  14  50  35  58  54  11  1  61  36  52  23  63  24  57  60  42  16  38  40  28  33  3  49  41  22
   2  55  23  42  5  10  33  29  44  58  27  63  19  20  26  16  28  31  4  45  54  14  34  50  8  6  65  7  24  13  51  3  48  15  36  18  46  57  40  32  39  41  17  1  47  21  12  37  64  61  49  59  53  52  30  60  25  11  62  66  43  38  9  56  22  35
   2  56  27  19  63  22  13  29  8  23  41  9  51  21  52  49  32  25  30  36  3  17  7  62  61  33  53  10  12  1  28  47  43  65  11  40  48  4  45  54  38  59  44  26  58  16  46  15  18  35  42  37  31  64  50  60  5  6  34  14  57  55  66  39  20  24
   2  59  32  6  43  29  18  62  20  54  52  60  28  22  46  17  66  4  51  64  12  19  58  36  57  40  41  37  53  56  44  25  34  65  8  35  61  24  38  49  5  47  13  15  7  39  45  21  50  1  63  16  3  55  48  9  31  10  27  26  30  14  11  23  42  33
   2  61  59  54  29  52  39  47  50  22  51  45  1  32  20  40  16  43  64  15  30  44  4  38  56  60  41  25  24  13  3  33  42  9  66  36  46  57  58  8  27  23  5  37  11  63  48  31  10  49  7  53  65  34  12  18  55  17  14  6  19  62  21  26  28  35
   2  62  46  19  53  35  13  1  31  23  43  60  51  40  34  49  45  55  30  59  20  17  58  56  61  15  63  10  42  29  28  64  41  65  5  21  48  14  32  54  66  36  44  24  7  16  27  33  18  22  12  37  8  47  50  9  11  6  52  4  57  25  38  39  3  26
   2  63  5  58  59  66  19  53  8  54  37  61  39  14  62  48  12  3  18  49  22  32  60  56  50  34  11  9  46  57  31  43  40  7  10  64  24  13  42  44  1  17  23  27  65  55  16  51  36  45  15  29  47  6  28  4  21  41  20  52  33  26  25  38  30  35
   2  64  38  10  52  56  50  59  12  49  27  60  44  1  32  19  5  26  28  25  63  6  58  47  30  22  34  16  43  36  13  14  46  65  3  29  57  15  11  17  8  55  18  40  7  23  66  35  48  62  41  39  42  4  61  9  20  37  45  33  51  24  31  54  53  21
   3  2  30  1  54  29  46  66  57  53  10  28  50  45  15  65  5  56  59  52  7  9  41  27  39  49  18  44  25  14  22  64  37  4  31  55  47  58  11  51  16  6  60  8  42  40  19  26  23  38  32  48  12  17  61  43  20  24  33  13  62  21  34  63  35  36
   3  4  42  5  18  43  26  6  15  19  62  44  22  27  57  7  1  16  13  20  65  63  31  45  33  23  54  28  47  58  50  8  35  2  41  17  25  14  61  21  56  66  12  64  30  32  53  46  49  34  40  24  60  55  11  29  52  48  39  59  10  51  38  9  37  36
   3  4  50  22  7  54  5  29  61  59  34  23  53  26  57  9  12  16  66  21  28  15  20  49  43  35  2  25  11  37  27  36  48  64  63  17  45  60  13  62  38  6  8  33  44  14  41  10  58  55  51  1  46  39  52  47  18  24  32  65  42  56  30  40  31  19
   3  6  12  24  48  29  58  49  31  62  57  47  27  54  41  15  30  60  53  39  11  22  44  21  42  17  34  1  2  4  8  16  32  64  61  55  43  19  38  9  18  36  5  10  20  40  13  26  52  37  7  14  28  56  45  23  46  25  50  33  66  65  63  59  51  35
   3  8  66  13  12  5  52  18  63  17  34  10  32  57  9  23  59  2  53  22  49  39  11  15  21  37  60  62  25  14  40  28  31  64  61  7  47  58  29  27  4  54  48  44  6  16  55  20  35  26  56  42  24  65  43  1  50  30  51  19  38  45  46  33  41  36
   3  10  11  59  18  60  66  19  41  25  61  47  45  16  31  14  2  29  52  17  12  40  44  35  5  39  63  9  30  33  43  54  46  64  57  56  8  49  7  1  48  26  42  6  20  22  51  36  53  65  38  15  50  55  27  23  32  62  28  4  58  37  34  24  13  21
   3  10  12  17  42  19  32  24  21  49  20  26  4  39  51  31  55  28  7  56  41  27  1  33  15  11  30  46  47  58  2  38  29  62  5  35  25  14  13  63  44  48  66  34  60  8  23  40  61  22  64  18  6  37  59  53  16  54  57  65  52  9  50  45  43  36
   3  16  48  29  66  61  38  42  27  13  44  8  52  51  45  55  43  40  1  26  17  57  37  21  63  65  6  64  47  58  20  2  23  56  35  53  25  14  31  39  32  30  54  4  24  50  59  34  7  10  22  12  18  19  41  11  46  60  9  5  28  33  62  15  49  36
   3  16  63  1  50  21  45  39  7  15  13  47  5  49  38  24  61  35  8  65  34  25  44  56  53  37  41  40  57  36  58  19  12  64  51  4  66  17  46  22  28  60  52  54  20  62  18  29  43  6  32  59  2  33  42  23  11  14  30  26  27  10  31  9  48  55
   3  17  7  62  61  33  53  10  12  1  28  47  43  65  11  40  48  4  45  54  38  59  44  26  58  16  46  15  18  35  42  37  31  64  50  60  5  6  34  14  57  55  66  39  20  24  2  56  27  19  63  22  13  29  8  23  41  9  51  21  52  49  32  25  30  36
   3  19  31  40  30  56  42  65  32  24  18  47  52  39  46  1  51  55  58  10  41  14  44  33  8  6  38  62  13  60  45  17  63  64  48  36  27  37  11  25  2  35  43  49  20  15  28  21  66  16  12  9  57  26  53  23  34  59  61  29  5  54  7  22  50  4
   3  20  6  37  60  23  64  54  9  11  16  40  62  15  63  5  35  26  41  28  1  33  17  57  51  13  12  32  25  14  10  22  19  52  55  43  47  58  65  45  46  18  24  50  66  34  61  8  59  2  38  30  48  29  7  49  44  42  21  31  56  27  4  39  53  36
   3  21  13  24  34  37  58  4  28  62  32  23  27  55  50  15  38  65  53  36  51  22  20  6  42  26  48  1  7  49  8  56  57  64  46  54  43  33  30  9  63  39  5  35  44  40  12  17  52  29  2  14  31  16  45  47  61  25  41  19  66  60  18  59  11  10
   3  22  18  41  24  37  44  60  33  43  2  56  34  63  39  13  31  52  61  62  59  21  7  9  45  53  48  16  47  58  38  32  17  50  65  5  25  14  49  15  20  12  42  40  54  26  29  28  19  64  46  6  30  1  23  35  10  66  27  11  4  57  8  51  55  36
   3  26  2  62  46  19  53  35  13  1  31  23  43  60  51  40  34  49  45  55  30  59  20  17  58  56  61  15  63  10  42  29  28  64  41  65  5  21  48  14  32  54  66  36  44  24  7  16  27  33  18  22  12  37  8  47  50  9  11  6  52  4  57  25  38  39
   3  26  42  49  18  65  4  6  15  41  40  22  44  27  57  29  23  38  35  64  43  63  53  45  33  1  54  50  25  14  28  52  13  46  19  61  47  58  17  21  34  66  12  20  30  10  31  2  5  56  62  24  60  11  55  7  8  48  39  37  32  51  16  9  59  36
   3  28  54  53  48  13  50  12  39  7  26  38  16  9  33  37  19  64  55  32  35  51  43  63  27  41  24  34  47  58  56  62  11  44  29  23  25  14  1  57  8  60  30  10  18  2  65  22  31  52  4  66  42  49  5  59  40  6  45  17  46  15  20  21  61  36
   3  32  12  61  42  41  10  24  21  5  64  4  26  39  51  53  11  50  29  34  19  27  23  33  15  55  30  2  25  14  46  16  7  40  49  13  47  58  35  63  22  48  66  56  60  52  1  62  17  44  20  18  6  59  37  31  38  54  57  43  8  9  28  45  65  36
   3  33  28  40  38  16  42  60  57  24  63  23  52  36  61  1  11  54  58  35  50  14  20  19  8  21  30  62  12  65  45  26  18  64  34  39  27  29  51  25  7  10  43  4  44  15  31  6  66  56  13  9  32  17  53  47  48  59  46  37  5  55  2  22  41  49
   3  35  51  59  63  65  66  33  50  25  46  23  45  56  28  14  7  37  52  26  13  40  20  10  5  36  18  9  38  19  43  55  61  64  32  16  8  4  2  1  34  17  42  21  44  22  11  39  53  60  30  15  41  54  27  47  57  62  31  49  58  29  48  24  12  6
   3  36  30  25  32  49  52  21  51  9  41  23  8  29  13  22  63  19  27  56  2  24  20  39  66  55  57  14  34  6  5  60  50  64  31  37  42  35  18  15  46  16  58  26  44  59  38  54  45  4  48  40  11  65  43  47  28  1  12  10  53  33  61  62  7  17
   3  37  32  15  51  26  8  54  63  40  2  47  66  10  34  62  50  36  42  49  46  9  44  29  45  19  11  24  28  55  53  6  7  64  30  35  52  16  41  59  13  4  27  65  20  1  57  33  5  17  31  25  18  21  58  23  38  22  48  56  43  39  12  14  61  60
   3  38  48  7  66  17  16  42  27  35  22  52  8  51  45  11  65  62  23  4  61  57  59  21  63  43  6  20  25  14  64  46  1  34  13  31  47  58  53  39  10  30  54  26  24  28  37  56  29  32  44  12  18  41  19  55  2  60  9  49  50  33  40  15  5  36
   3  39  38  25  57  4  52  6  11  9  50  47  8  37  12  22  18  33  27  16  7  24  44  36  66  54  32  14  48  21  5  65  41  64  28  29  42  10  63  15  61  56  58  17  20  59  30  55  45  49  34  40  51  60  43  23  31  1  13  35  53  19  46  62  2  26
   3  40  60  11  30  31  62  48  51  1  8  2  46  33  21  19  61  22  43  38  53  45  49  39  57  17  42  4  47  58  26  56  65  32  23  59  25  14  37  9  50  24  6  16  12  20  5  10  55  28  52  54  66  13  35  41  34  18  15  29  64  63  44  27  7  36
   3  44  18  19  24  59  22  60  33  65  46  34  56  63  39  35  53  8  17  40  37  21  29  9  45  31  48  38  25  14  16  10  61  28  43  49  47  58  5  15  64  12  42  62  54  4  7  50  41  20  2  6  30  23  1  13  32  66  27  55  26  57  52  51  11  36
   3  46  30  23  54  7  2  66  57  31  32  50  28  45  15  43  49  34  37  8  29  9  19  27  39  5  18  22  47  58  44  20  59  26  53  11  25  14  55  51  38  6  60  52  42  62  41  4  1  16  10  48  12  61  17  65  64  24  33  35  40  21  56  63  13  36
   3  49  41  22  2  55  5  37  46  59  48  47  53  17  32  9  13  56  66  6  31  15  44  4  43  10  7  25  51  29  27  39  34  64  18  26  45  65  12  62  30  21  8  19  20  14  50  35  58  54  11  1  61  36  52  23  63  24  57  60  42  16  38  40  28  33
   3  50  54  31  48  35  28  12  39  29  4  16  38  9  33  59  41  20  11  10  13  51  65  63  27  19  24  56  25  14  34  40  55  22  7  1  47  58  23  57  52  60  30  32  18  46  43  44  53  8  26  66  42  5  49  37  62  6  45  61  2  15  64  21  17  36
   3  52  66  35  12  49  8  18  63  61  56  32  10  57  9  1  37  46  31  44  5  39  55  15  21  59  60  40  47  58  62  50  53  20  17  29  25  14  7  27  26  54  48  22  6  38  11  64  13  4  34  42  24  43  65  23  28  30  51  41  16  45  2  33  19  36
   3  56  18  1  41  6  45  36  2  15  12  23  5  4  30  24  46  10  8  60  48  25  20  16  53  29  50  40  32  39  58  33  13  64  11  49  66  26  61  22  31  65  52  55  44  62  63  37  43  21  57  59  7  19  42  47  51  14  38  17  27  35  28  9  34  54
   3  56  24  43  6  11  34  30  45  59  28  64  20  21  27  17  29  32  5  46  55  15  35  51  9  7  66  8  25  14  52  4  49  16  37  19  47  58  41  33  40  42  18  2  48  22  13  38  65  62  50  60  54  53  31  61  26  12  63  1  44  39  10  57  23  36
   3  60  61  14  12  39  43  56  48  22  38  23  58  21  18  25  31  17  5  33  57  1  20  65  27  4  13  59  41  16  52  35  30  64  7  6  53  55  28  24  11  19  45  29  44  9  46  49  42  36  50  62  34  10  66  47  2  40  63  54  8  26  51  15  32  37
   3  62  60  55  30  53  40  48  51  23  52  46  2  33  21  41  17  44  65  16  31  45  5  39  57  61  42  26  25  14  4  34  43  10  1  37  47  58  59  9  28  24  6  38  12  64  49  32  11  50  8  54  66  35  13  19  56  18  15  7  20  63  22  27  29  36
   3  64  6  59  60  1  20  54  9  55  38  62  40  15  63  49  13  4  19  50  23  33  61  57  51  35  12  10  47  58  32  44  41  8  11  65  25  14  43  45  2  18  24  28  66  56  17  52  37  46  16  30  48  7  29  5  22  42  21  53  34  27  26  39  31  36
   3  65  46  14  13  36  43  16  34  22  30  47  58  6  63  25  28  26  5  19  32  1  44  60  27  49  12  59  50  56  52  10  38  64  2  21  53  54  31  24  51  33  45  37  20  9  61  4  42  39  41  62  48  35  66  23  7  40  18  55  8  17  11  15  57  29
   4  3  19  31  40  30  56  42  65  32  24  18  47  52  39  46  1  51  55  58  10  41  14  44  33  8  6  38  62  13  60  45  17  63  64  48  36  27  37  11  25  2  35  43  49  20  15  28  21  66  16  12  9  57  26  53  23  34  59  61  29  5  54  7  22  50
   4  3  31  2  55  30  47  1  58  54  11  29  51  46  16  66  6  57  60  53  8  10  42  28  40  50  19  45  26  15  23  65  38  5  32  56  48  59  12  52  17  7  61  9  43  41  20  27  24  39  33  49  13  18  62  44  21  25  34  14  63  22  35  64  36  37
   4  5  23  12  15  2  36  45  6  41  1  18  56  3  54  34  9  28  35  27  17  38  14  51  47  42  19  7  59  57  21  43  37  63  62  44  55  52  65  31  22  61  26  66  49  11  64  13  33  58  39  32  40  50  29  53  16  20  25  48  60  8  10  46  24  30
   4  5  43  6  19  44  27  7  16  20  63  45  23  28  58  8  2  17  14  21  66  64  32  46  34  24  55  29  48  59  51  9  36  3  42  18  26  15  62  22  57  1  13  65  31  33  54  47  50  35  41  25  61  56  12  30  53  49  40  60  11  52  39  10  38  37
   4  11  13  18  43  20  33  25  22  50  21  27  5  40  52  32  56  29  8  57  42  28  2  34  16  12  31  47  48  59  3  39  30  63  6  36  26  15  14  64  45  49  1  35  61  9  24  41  62  23  65  19  7  38  60  54  17  55  58  66  53  10  51  46  44  37
   4  13  59  41  16  52  35  30  64  7  6  53  55  28  24  11  19  45  29  44  9  46  49  42  36  50  62  34  10  66  47  2  40  63  54  8  26  51  15  32  37  3  60  61  14  12  39  43  56  48  22  38  23  58  21  18  25  31  17  5  33  57  1  20  65  27
   4  17  49  30  1  62  39  43  28  14  45  9  53  52  46  56  44  41  2  27  18  58  38  22  64  66  7  65  48  59  21  3  24  57  36  54  26  15  32  40  33  31  55  5  25  51  60  35  8  11  23  13  19  20  42  12  47  61  10  6  29  34  63  16  50  37
   4  21  7  38  61  24  65  55  10  12  17  41  63  16  64  6  36  27  42  29  2  34  18  58  52  14  13  33  26  15  11  23  20  53  56  44  48  59  66  46  47  19  25  51  1  35  62  9  60  3  39  31  49  30  8  50  45  43  22  32  57  28  5  40  54  37
   4  23  19  42  25  38  45  61  34  44  3  57  35  64  40  14  32  53  62  63  60  22  8  10  46  54  49  17  48  59  39  33  18  51  66  6  26  15  50  16  21  13  43  41  55  27  30  29  20  65  47  7  31  2  24  36  11  1  28  12  5  58  9  52  56  37
   4  27  43  50  19  66  5  7  16  42  41  23  45  28  58  30  24  39  36  65  44  64  54  46  34  2  55  51  26  15  29  53  14  47  20  62  48  59  18  22  35  1  13  21  31  11  32  3  6  57  63  25  61  12  56  8  9  49  40  38  33  52  17  10  60  37
   4  27  65  20  1  57  33  5  17  31  25  18  21  58  23  38  22  48  56  43  39  12  14  61  60  3  37  32  15  51  26  8  54  63  40  2  47  66  10  34  62  50  36  42  49  46  9  44  29  45  19  11  24  28  55  53  6  7  64  30  35  52  16  41  59  13
   4  28  62  32  23  27  55  50  15  38  65  53  36  51  22  20  6  42  26  48  1  7  49  8  56  57  64  46  54  43  33  30  9  63  39  5  35  44  40  12  17  52  29  2  14  31  16  45  47  61  25  41  19  66  60  18  59  11  10  3  21  13  24  34  37  58
   4  29  55  54  49  14  51  13  40  8  27  39  17  10  34  38  20  65  56  33  36  52  44  64  28  42  25  35  48  59  57  63  12  45  30  24  26  15  2  58  9  61  31  11  19  3  66  23  32  53  5  1  43  50  6  60  41  7  46  18  47  16  21  22  62  37
   4  30  24  46  10  8  60  48  25  20  16  53  29  50  40  32  39  58  33  13  64  11  49  66  26  61  22  31  65  52  55  44  62  63  37  43  21  57  59  7  19  42  47  51  14  38  17  27  35  28  9  34  54  3  56  18  1  41  6  45  36  2  15  12  23  5
   4  39  49  8  1  18  17  43  28  36  23  53  9  52  46  12  66  63  24  5  62  58  60  22  64  44  7  21  26  15  65  47  2  35  14  32  48  59  54  40  11  31  55  27  25  29  38  57  30  33  45  13  19  42  20  56  3  61  10  50  51  34  41  16  6  37
   4  41  61  12  31  32  63  49  52  2  9  3  47  34  22  20  62  23  44  39  54  46  50  40  58  18  43  5  48  59  27  57  66  33  24  60  26  15  38  10  51  25  7  17  13  21  6  11  56  29  53  55  1  14  36  42  35  19  16  30  65  64  45  28  8  37
   4  42  39  41  62  48  35  66  23  7  40  18  55  8  17  11  15  57  29  3  65  46  14  13  36  43  16  34  22  30  47  58  6  63  25  28  26  5  19  32  1  44  60  27  49  12  59  50  56  52  10  38  64  2  21  53  54  31  24  51  33  45  37  20  9  61
   4  43  10  7  25  51  29  27  39  34  64  18  26  45  65  12  62  30  21  8  19  20  14  50  35  58  54  11  1  61  36  52  23  63  24  57  60  42  16  38  40  28  33  3  49  41  22  2  55  5  37  46  59  48  47  53  17  32  9  13  56  66  6  31  15  44
   4  44  15  31  6  66  56  13  9  32  17  53  47  48  59  46  37  5  55  2  22  41  49  3  33  28  40  38  16  42  60  57  24  63  23  52  36  61  1  11  54  58  35  50  14  20  19  8  21  30  62  12  65  45  26  18  64  34  39  27  29  51  25  7  10  43
   4  45  19  20  25  60  23  61  34  66  47  35  57  64  40  36  54  9  18  41  38  22  30  10  46  32  49  39  26  15  17  11  62  29  44  50  48  59  6  16  65  13  43  63  55  5  8  51  42  21  3  7  31  24  2  14  33  1  28  56  27  58  53  52  12  37
   4  45  54  38  59  44  26  58  16  46  15  18  35  42  37  31  64  50  60  5  6  34  14  57  55  66  39  20  24  2  56  27  19  63  22  13  29  8  23  41  9  51  21  52  49  32  25  30  36  3  17  7  62  61  33  53  10  12  1  28  47  43  65  11  40  48
   4  47  31  24  55  8  3  1  58  32  33  51  29  46  16  44  50  35  38  9  30  10  20  28  40  6  19  23  48  59  45  21  60  27  54  12  26  15  56  52  39  7  61  53  43  63  42  5  2  17  11  49  13  62  18  66  65  25  34  36  41  22  57  64  14  37
   4  48  40  11  65  43  47  28  1  12  10  53  33  61  62  7  17  3  36  30  25  32  49  52  21  51  9  41  23  8  29  13  22  63  19  27  56  2  24  20  39  66  55  57  14  34  6  5  60  50  64  31  37  42  35  18  15  46  16  58  26  44  59  38  54  45
   4  51  55  32  49  36  29  13  40  30  5  17  39  10  34  60  42  21  12  11  14  52  66  64  28  20  25  57  26  15  35  41  56  23  8  2  48  59  24  58  53  61  31  33  19  47  44  45  54  9  27  1  43  6  50  38  63  7  46  62  3  16  65  22  18  37
   4  52  6  11  9  50  47  8  37  12  22  18  33  27  16  7  24  44  36  66  54  32  14  48  21  5  65  41  64  28  29  42  10  63  15  61  56  58  17  20  59  30  55  45  49  34  40  51  60  43  23  31  1  13  35  53  19  46  62  2  26  3  39  38  25  57
   4  57  25  38  39  3  26  2  62  46  19  53  35  13  1  31  23  43  60  51  40  34  49  45  55  30  59  20  17  58  56  61  15  63  10  42  29  28  64  41  65  5  21  48  14  32  54  66  36  44  24  7  16  27  33  18  22  12  37  8  47  50  9  11  6  52
   4  57  25  44  7  12  35  31  46  60  29  65  21  22  28  18  30  33  6  47  56  16  36  52  10  8  1  9  26  15  53  5  50  17  38  20  48  59  42  34  41  43  19  3  49  23  14  39  66  63  51  61  55  54  32  62  27  13  64  2  45  40  11  58  24  37
   4  58  37  34  24  13  21  3  10  11  59  18  60  66  19  41  25  61  47  45  16  31  14  2  29  52  17  12  40  44  35  5  39  63  9  30  33  43  54  46  64  57  56  8  49  7  1  48  26  42  6  20  22  51  36  53  65  38  15  50  55  27  23  32  62  28
   4  61  9  20  37  45  33  51  24  31  54  53  21  2  64  38  10  52  56  50  59  12  49  27  60  44  1  32  19  5  26  28  25  63  6  58  47  30  22  34  16  43  36  13  14  46  65  3  29  57  15  11  17  8  55  18  40  7  23  66  35  48  62  41  39  42
   4  63  61  56  31  54  41  49  52  24  53  47  3  34  22  42  18  45  66  17  32  46  6  40  58  62  43  27  26  15  5  35  44  11  2  38  48  59  60  10  29  25  7  39  13  65  50  33  12  51  9  55  1  36  14  20  57  19  16  8  21  64  23  28  30  37
   4  65  7  60  61  2  21  55  10  56  39  63  41  16  64  50  14  5  20  51  24  34  62  58  52  36  13  11  48  59  33  45  42  9  12  66  26  15  44  46  3  19  25  29  1  57  18  53  38  47  17  31  49  8  30  6  23  43  22  54  35  28  27  40  32  37
   5  4  30  24  46  10  8  60  48  25  20  16  53  29  50  40  32  39  58  33  13  64  11  49  66  26  61  22  31  65  52  55  44  62  63  37  43  21  57  59  7  19  42  47  51  14  38  17  27  35  28  9  34  54  3  56  18  1  41  6  45  36  2  15  12  23
   5  4  32  3  56  31  48  2  59  55  12  30  52  47  17  1  7  58  61  54  9  11  43  29  41  51  20  46  27  16  24  66  39  6  33  57  49  60  13  53  18  8  62  10  44  42  21  28  25  40  34  50  14  19  63  45  22  26  35  15  64  23  36  65  37  38
   5  6  34  14  57  55  66  39  20  24  2  56  27  19  63  22  13  29  8  23  41  9  51  21  52  49  32  25  30  36  3  17  7  62  61  33  53  10  12  1  28  47  43  65  11  40  48  4  45  54  38  59  44  26  58  16  46  15  18  35  42  37  31  64  50  60
   5  6  44  7  20  45  28  8  17  21  64  46  24  29  59  9  3  18  15  22  1  65  33  47  35  25  56  30  49  60  52  10  37  4  43  19  27  16  63  23  58  2  14  66  32  34  55  48  51  36  42  26  62  57  13  31  54  50  41  61  12  53  40  11  39  38
   5  10  2  15  14  7  54  20  65  19  36  12  34  59  11  25  61  4  55  24  51  41  13  17  23  39  62  64  27  16  42  30  33  66  63  9  49  60  31  29  6  56  50  46  8  18  57  22  37  28  58  44  26  1  45  3  52  32  53  21  40  47  48  35  43  38
   5  10  20  40  13  26  52  37  7  14  28  56  45  23  46  25  50  33  66  65  63  59  51  35  3  6  12  24  48  29  58  49  31  62  57  47  27  54  41  15  30  60  53  39  11  22  44  21  42  17  34  1  2  4  8  16  32  64  61  55  43  19  38  9  18  36
   5  12  14  19  44  21  34  26  23  51  22  28  6  41  53  33  57  30  9  58  43  29  3  35  17  13  32  48  49  60  4  40  31  64  7  37  27  16  15  65  46  50  2  36  62  10  25  42  63  24  66  20  8  39  61  55  18  56  59  1  54  11  52  47  45  38
   5  18  50  31  2  63  40  44  29  15  46  10  54  53  47  57  45  42  3  28  19  59  39  23  65  1  8  66  49  60  22  4  25  58  37  55  27  16  33  41  34  32  56  6  26  52  61  36  9  12  24  14  20  21  43  13  48  62  11  7  30  35  64  17  51  38
   5  22  8  39  62  25  66  56  11  13  18  42  64  17  65  7  37  28  43  30  3  35  19  59  53  15  14  34  27  16  12  24  21  54  57  45  49  60  1  47  48  20  26  52  2  36  63  10  61  4  40  32  50  31  9  51  46  44  23  33  58  29  6  41  55  38
   5  24  20  43  26  39  46  62  35  45  4  58  36  65  41  15  33  54  63  64  61  23  9  11  47  55  50  18  49  60  40  34  19  52  1  7  27  16  51  17  22  14  44  42  56  28  31  30  21  66  48  8  32  3  25  37  12  2  29  13  6  59  10  53  57  38
   5  28  44  51  20  1  6  8  17  43  42  24  46  29  59  31  25  40  37  66  45  65  55  47  35  3  56  52  27  16  30  54  15  48  21  63  49  60  19  23  36  2  14  22  32  12  33  4  7  58  64  26  62  13  57  9  10  50  41  39  34  53  18  11  61  38
   5  29  61  59  34  23  53  26  57  9  12  16  66  21  28  15  20  49  43  35  2  25  11  37  27  36  48  64  63  17  45  60  13  62  38  6  8  33  44  14  41  10  58  55  51  1  46  39  52  47  18  24  32  65  42  56  30  40  31  19  3  4  50  22  7  54
   5  30  56  55  50  15  52  14  41  9  28  40  18  11  35  39  21  66  57  34  37  53  45  65  29  43  26  36  49  60  58  64  13  46  31  25  27  16  3  59  10  62  32  12  20  4  1  24  33  54  6  2  44  51  7  61  42  8  47  19  48  17  22  23  63  38
   5  35  44  40  12  17  52  29  2  14  31  16  45  47  61  25  41  19  66  60  18  59  11  10  3  21  13  24  34  37  58  4  28  62  32  23  27  55  50  15  38  65  53  36  51  22  20  6  42  26  48  1  7  49  8  56  57  64  46  54  43  33  30  9  63  39
   5  36  18  9  38  19  43  55  61  64  32  16  8  4  2  1  34  17  42  21  44  22  11  39  53  60  30  15  41  54  27  47  57  62  31  49  58  29  48  24  12  6  3  35  51  59  63  65  66  33  50  25  46  23  45  56  28  14  7  37  52  26  13  40  20  10
   5  37  46  59  48  47  53  17  32  9  13  56  66  6  31  15  44  4  43  10  7  25  51  29  27  39  34  64  18  26  45  65  12  62  30  21  8  19  20  14  50  35  58  54  11  1  61  36  52  23  63  24  57  60  42  16  38  40  28  33  3  49  41  22  2  55
   5  39  63  9  30  33  43  54  46  64  57  56  8  49  7  1  48  26  42  6  20  22  51  36  53  65  38  15  50  55  27  23  32  62  28  4  58  37  34  24  13  21  3  10  11  59  18  60  66  19  41  25  61  47  45  16  31  14  2  29  52  17  12  40  44  35
   5  40  50  9  2  19  18  44  29  37  24  54  10  53  47  13  1  64  25  6  63  59  61  23  65  45  8  22  27  16  66  48  3  36  15  33  49  60  55  41  12  32  56  28  26  30  39  58  31  34  46  14  20  43  21  57  4  62  11  51  52  35  42  17  7  38
   5  42  62  13  32  33  64  50  53  3  10  4  48  35  23  21  63  24  45  40  55  47  51  41  59  19  44  6  49  60  28  58  1  34  25  61  27  16  39  11  52  26  8  18  14  22  7  12  57  30  54  56  2  15  37  43  36  20  17  31  66  65  46  29  9  38
   5  46  20  21  26  61  24  62  35  1  48  36  58  65  41  37  55  10  19  42  39  23  31  11  47  33  50  40  27  16  18  12  63  30  45  51  49  60  7  17  66  14  44  64  56  6  9  52  43  22  4  8  32  25  3  15  34  2  29  57  28  59  54  53  13  38
   5  47  13  15  7  39  45  21  50  1  63  16  3  55  48  9  31  10  27  26  30  14  11  23  42  33  2  59  32  6  43  29  18  62  20  54  52  60  28  22  46  17  66  4  51  64  12  19  58  36  57  40  41  37  53  56  44  25  34  65  8  35  61  24  38  49
   5  48  32  25  56  9  4  2  59  33  34  52  30  47  17  45  51  36  39  10  31  11  21  29  41  7  20  24  49  60  46  22  61  28  55  13  27  16  57  53  40  8  62  54  44  64  43  6  3  18  12  50  14  63  19  1  66  26  35  37  42  23  58  65  15  38
   5  49  38  24  61  35  8  65  34  25  44  56  53  37  41  40  57  36  58  19  12  64  51  4  66  17  46  22  28  60  52  54  20  62  18  29  43  6  32  59  2  33  42  23  11  14  30  26  27  10  31  9  48  55  3  16  63  1  50  21  45  39  7  15  13  47
   5  54  2  37  14  51  10  20  65  63  58  34  12  59  11  3  39  48  33  46  7  41  57  17  23  61  62  42  49  60  64  52  55  22  19  31  27  16  9  29  28  56  50  24  8  40  13  66  15  6  36  44  26  45  1  25  30  32  53  43  18  47  4  35  21  38
   5  54  7  22  50  4  3  19  31  40  30  56  42  65  32  24  18  47  52  39  46  1  51  55  58  10  41  14  44  33  8  6  38  62  13  60  45  17  63  64  48  36  27  37  11  25  2  35  43  49  20  15  28  21  66  16  12  9  57  26  53  23  34  59  61  29
   5  55  2  22  41  49  3  33  28  40  38  16  42  60  57  24  63  23  52  36  61  1  11  54  58  35  50  14  20  19  8  21  30  62  12  65  45  26  18  64  34  39  27  29  51  25  7  10  43  4  44  15  31  6  66  56  13  9  32  17  53  47  48  59  46  37
   5  58  26  45  8  13  36  32  47  61  30  66  22  23  29  19  31  34  7  48  57  17  37  53  11  9  2  10  27  16  54  6  51  18  39  21  49  60  43  35  42  44  20  4  50  24  15  40  1  64  52  62  56  55  33  63  28  14  65  3  46  41  12  59  25  38
   5  60  50  64  31  37  42  35  18  15  46  16  58  26  44  59  38  54  45  4  48  40  11  65  43  47  28  1  12  10  53  33  61  62  7  17  3  36  30  25  32  49  52  21  51  9  41  23  8  29  13  22  63  19  27  56  2  24  20  39  66  55  57  14  34  6
   5  64  62  57  32  55  42  50  53  25  54  48  4  35  23  43  19  46  1  18  33  47  7  41  59  63  44  28  27  16  6  36  45  12  3  39  49  60  61  11  30  26  8  40  14  66  51  34  13  52  10  56  2  37  15  21  58  20  17  9  22  65  24  29  31  38
   5  65  41  64  28  29  42  10  63  15  61  56  58  17  20  59  30  55  45  49  34  40  51  60  43  23  31  1  13  35  53  19  46  62  2  26  3  39  38  25  57  4  52  6  11  9  50  47  8  37  12  22  18  33  27  16  7  24  44  36  66  54  32  14  48  21
   6  3  35  51  59  63  65  66  33  50  25  46  23  45  56  28  14  7  37  52  26  13  40  20  10  5  36  18  9  38  19  43  55  61  64  32  16  8  4  2  1  34  17  42  21  44  22  11  39  53  60  30  15  41  54  27  47  57  62  31  49  58  29  48  24  12
   6  7  45  8  21  46  29  9  18  22  65  47  25  30  60  10  4  19  16  23  2  66  34  48  36  26  57  31  50  61  53  11  38  5  44  20  28  17  64  24  59  3  15  1  33  35  56  49  52  37  43  27  63  58  14  32  55  51  42  62  13  54  41  12  40  39
   6  7  64  30  35  52  16  41  59  13  4  27  65  20  1  57  33  5  17  31  25  18  21  58  23  38  22  48  56  43  39  12  14  61  60  3  37  32  15  51  26  8  54  63  40  2  47  66  10  34  62  50  36  42  49  46  9  44  29  45  19  11  24  28  55  53
   6  8  33  44  14  41  10  58  55  51  1  46  39  52  47  18  24  32  65  42  56  30  40  31  19  3  4  50  22  7  54  5  29  61  59  34  23  53  26  57  9  12  16  66  21  28  15  20  49  43  35  2  25  11  37  27  36  48  64  63  17  45  60  13  62  38
   6  11  3  16  15  8  55  21  66  20  37  13  35  60  12  26  62  5  56  25  52  42  14  18  24  40  63  65  28  17  43  31  34  1  64  10  50  61  32  30  7  57  51  47  9  19  58  23  38  29  59  45  27  2  46  4  53  33  54  22  41  48  49  36  44  39
   6  11  9  50  47  8  37  12  22  18  33  27  16  7  24  44  36  66  54  32  14  48  21  5  65  41  64  28  29  42  10  63  15  61  56  58  17  20  59  30  55  45  49  34  40  51  60  43  23  31  1  13  35  53  19  46  62  2  26  3  39  38  25  57  4  52
   6  13  15  20  45  22  35  27  24  52  23  29  7  42  54  34  58  31  10  59  44  30  4  36  18  14  33  49  50  61  5  41  32  65  8  38  28  17  16  66  47  51  3  37  63  11  26  43  64  25  1  21  9  40  62  56  19  57  60  2  55  12  53  48  46  39
   6  19  51  32  3  64  41  45  30  16  47  11  55  54  48  58  46  43  4  29  20  60  40  24  66  2  9  1  50  61  23  5  26  59  38  56  28  17  34  42  35  33  57  7  27  53  62  37  10  13  25  15  21  22  44  14  49  63  12  8  31  36  65  18  52  39
   6  23  9  40  63  26  1  57  12  14  19  43  65  18  66  8  38  29  44  31  4  36  20  60  54  16  15  35  28  17  13  25  22  55  58  46  50  61  2  48  49  21  27  53  3  37  64  11  62  5  41  33  51  32  10  52  47  45  24  34  59  30  7  42  56  39
   6  25  21  44  27  40  47  63  36  46  5  59  37  66  42  16  34  55  64  65  62  24  10  12  48  56  51  19  50  61  41  35  20  53  2  8  28  17  52  18  23  15  45  43  57  29  32  31  22  1  49  9  33  4  26  38  13  3  30  14  7  60  11  54  58  39
   6  29  45  52  21  2  7  9  18  44  43  25  47  30  60  32  26  41  38  1  46  66  56  48  36  4  57  53  28  17  31  55  16  49  22  64  50  61  20  24  37  3  15  23  33  13  34  5  8  59  65  27  63  14  58  10  11  51  42  40  35  54  19  12  62  39
   6  31  57  56  51  16  53  15  42  10  29  41  19  12  36  40  22  1  58  35  38  54  46  66  30  44  27  37  50  61  59  65  14  47  32  26  28  17  4  60  11  63  33  13  21  5  2  25  34  55  7  3  45  52  8  62  43  9  48  20  49  18  23  24  64  39
   6  32  59  2  33  42  23  11  14  30  26  27  10  31  9  48  55  3  16  63  1  50  21  45  39  7  15  13  47  5  49  38  24  61  35  8  65  34  25  44  56  53  37  41  40  57  36  58  19  12  64  51  4  66  17  46  22  28  60  52  54  20  62  18  29  43
   6  35  15  64  45  44  13  27  24  8  1  7  29  42  54  56  14  53  32  37  22  30  26  36  18  58  33  5  28  17  49  19  10  43  52  16  50  61  38  66  25  51  3  59  63  55  4  65  20  47  23  21  9  62  40  34  41  57  60  46  11  12  31  48  2  39
   6  37  27  2  9  58  59  33  48  40  53  23  1  24  30  64  10  13  52  5  14  18  16  54  12  32  3  55  50  61  11  29  8  41  62  44  28  17  22  36  65  45  21  49  51  47  38  19  46  43  31  63  57  34  56  20  7  15  66  26  25  42  35  60  4  39
   6  38  62  13  60  45  17  63  64  48  36  27  37  11  25  2  35  43  49  20  15  28  21  66  16  12  9  57  26  53  23  34  59  61  29  5  54  7  22  50  4  3  19  31  40  30  56  42  65  32  24  18  47  52  39  46  1  51  55  58  10  41  14  44  33  8
   6  41  51  10  3  20  19  45  30  38  25  55  11  54  48  14  2  65  26  7  64  60  62  24  66  46  9  23  28  17  1  49  4  37  16  34  50  61  56  42  13  33  57  29  27  31  40  59  32  35  47  15  21  44  22  58  5  63  12  52  53  36  43  18  8  39
   6  43  29  18  62  20  54  52  60  28  22  46  17  66  4  51  64  12  19  58  36  57  40  41  37  53  56  44  25  34  65  8  35  61  24  38  49  5  47  13  15  7  39  45  21  50  1  63  16  3  55  48  9  31  10  27  26  30  14  11  23  42  33  2  59  32
   6  47  21  22  27  62  25  63  36  2  49  37  59  66  42  38  56  11  20  43  40  24  32  12  48  34  51  41  28  17  19  13  64  31  46  52  50  61  8  18  1  15  45  65  57  7  10  53  44  23  5  9  33  26  4  16  35  3  30  58  29  60  55  54  14  39
   6  52  4  57  25  38  39  3  26  2  62  46  19  53  35  13  1  31  23  43  60  51  40  34  49  45  55  30  59  20  17  58  56  61  15  63  10  42  29  28  64  41  65  5  21  48  14  32  54  66  36  44  24  7  16  27  33  18  22  12  37  8  47  50  9  11
   6  53  55  28  24  11  19  45  29  44  9  46  49  42  36  50  62  34  10  66  47  2  40  63  54  8  26  51  15  32  37  3  60  61  14  12  39  43  56  48  22  38  23  58  21  18  25  31  17  5  33  57  1  20  65  27  4  13  59  41  16  52  35  30  64  7
   6  55  3  38  15  52  11  21  66  64  59  35  13  60  12  4  40  49  34  47  8  42  58  18  24  62  63  43  50  61  65  53  56  23  20  32  28  17  10  30  29  57  51  25  9  41  14  1  16  7  37  45  27  46  2  26  31  33  54  44  19  48  5  36  22  39
   6  59  27  46  9  14  37  33  48  62  31  1  23  24  30  20  32  35  8  49  58  18  38  54  12  10  3  11  28  17  55  7  52  19  40  22  50  61  44  36  43  45  21  5  51  25  16  41  2  65  53  63  57  56  34  64  29  15  66  4  47  42  13  60  26  39
   6  63  25  28  26  5  19  32  1  44  60  27  49  12  59  50  56  52  10  38  64  2  21  53  54  31  24  51  33  45  37  20  9  61  4  42  39  41  62  48  35  66  23  7  40  18  55  8  17  11  15  57  29  3  65  46  14  13  36  43  16  34  22  30  47  58
   7  2  10  63  64  5  24  58  13  59  42  66  44  19  1  53  17  8  23  54  27  37  65  61  55  39  16  14  51  62  36  48  45  12  15  3  29  18  47  49  6  22  28  32  4  60  21  56  41  50  20  34  52  11  33  9  26  46  25  57  38  31  30  43  35  40
   7  8  46  9  22  47  30  10  19  23  66  48  26  31  61  11  5  20  17  24  3  1  35  49  37  27  58  32  51  62  54  12  39  6  45  21  29  18  65  25  60  4  16  2  34  36  57  50  53  38  44  28  64  59  15  33  56  52  43  63  14  55  42  13  41  40
   7  10  43  4  44  15  31  6  66  56  13  9  32  17  53  47  48  59  46  37  5  55  2  22  41  49  3  33  28  40  38  16  42  60  57  24  63  23  52  36  61  1  11  54  58  35  50  14  20  19  8  21  30  62  12  65  45  26  18  64  34  39  27  29  51  25
   7  12  4  17  16  9  56  22  1  21  38  14  36  61  13  27  63  6  57  26  53  43  15  19  25  41  64  66  29  18  44  32  35  2  65  11  51  62  33  31  8  58  52  48  10  20  59  24  39  30  60  46  28  3  47  5  54  34  55  23  42  49  50  37  45  40
   7  14  16  21  46  23  36  28  25  53  24  30  8  43  55  35  59  32  11  60  45  31  5  37  19  15  34  50  51  62  6  42  33  66  9  39  29  18  17  1  48  52  4  38  64  12  27  44  65  26  2  22  10  41  63  57  20  58  61  3  56  13  54  49  47  40
   7  14  28  56  45  23  46  25  50  33  66  65  63  59  51  35  3  6  12  24  48  29  58  49  31  62  57  47  27  54  41  15  30  60  53  39  11  22  44  21  42  17  34  1  2  4  8  16  32  64  61  55  43  19  38  9  18  36  5  10  20  40  13  26  52  37
   7  19  42  47  51  14  38  17  27  35  28  9  34  54  3  56  18  1  41  6  45  36  2  15  12  23  5  4  30  24  46  10  8  60  48  25  20  16  53  29  50  40  32  39  58  33  13  64  11  49  66  26  61  22  31  65  52  55  44  62  63  37  43  21  57  59
   7  22  50  4  3  19  31  40  30  56  42  65  32  24  18  47  52  39  46  1  51  55  58  10  41  14  44  33  8  6  38  62  13  60  45  17  63  64  48  36  27  37  11  25  2  35  43  49  20  15  28  21  66  16  12  9  57  26  53  23  34  59  61  29  5  54
   7  24  10  41  64  27  2  58  13  15  20  44  66  19  1  9  39  30  45  32  5  37  21  61  55  17  16  36  29  18  14  26  23  56  59  47  51  62  3  49  50  22  28  54  4  38  65  12  63  6  42  34  52  33  11  53  48  46  25  35  60  31  8  43  57  40
   7  25  51  29  27  39  34  64  18  26  45  65  12  62  30  21  8  19  20  14  50  35  58  54  11  1  61  36  52  23  63  24  57  60  42  16  38  40  28  33  3  49  41  22  2  55  5  37  46  59  48  47  53  17  32  9  13  56  66  6  31  15  44  4  43  10
   7  26  22  45  28  41  48  64  37  47  6  60  38  1  43  17  35  56  65  66  63  25  11  13  49  57  52  20  51  62  42  36  21  54  3  9  29  18  53  19  24  16  46  44  58  30  33  32  23  2  50  10  34  5  27  39  14  4  31  15  8  61  12  55  59  40
   7  30  46  53  22  3  8  10  19  45  44  26  48  31  61  33  27  42  39  2  47  1  57  49  37  5  58  54  29  18  32  56  17  50  23  65  51  62  21  25  38  4  16  24  34  14  35  6  9  60  66  28  64  15  59  11  12  52  43  41  36  55  20  13  63  40
   7  32  58  57  52  17  54  16  43  11  30  42  20  13  37  41  23  2  59  36  39  55  47  1  31  45  28  38  51  62  60  66  15  48  33  27  29  18  5  61  12  64  34  14  22  6  3  26  35  56  8  4  46  53  9  63  44  10  49  21  50  19  24  25  65  40
   7  36  16  65  46  45  14  28  25  9  2  8  30  43  55  57  15  54  33  38  23  31  27  37  19  59  34  6  29  18  50  20  11  44  53  17  51  62  39  1  26  52  4  60  64  56  5  66  21  48  24  22  10  63  41  35  42  58  61  47  12  13  32  49  3  40
   7  37  52  26  13  40  20  10  5  36  18  9  38  19  43  55  61  64  32  16  8  4  2  1  34  17  42  21  44  22  11  39  53  60  30  15  41  54  27  47  57  62  31  49  58  29  48  24  12  6  3  35  51  59  63  65  66  33  50  25  46  23  45  56  28  14
   7  38  28  3  10  59  60  34  49  41  54  24  2  25  31  65  11  14  53  6  15  19  17  55  13  33  4  56  51  62  12  30  9  42  63  45  29  18  23  37  66  46  22  50  52  48  39  20  47  44  32  64  58  35  57  21  8  16  1  27  26  43  36  61  5  40
   7  42  52  11  4  21  20  46  31  39  26  56  12  55  49  15  3  66  27  8  65  61  63  25  1  47  10  24  29  18  2  50  5  38  17  35  51  62  57  43  14  34  58  30  28  32  41  60  33  36  48  16  22  45  23  59  6  64  13  53  54  37  44  19  9  40
   7  48  22  23  28  63  26  64  37  3  50  38  60  1  43  39  57  12  21  44  41  25  33  13  49  35  52  42  29  18  20  14  65  32  47  53  51  62  9  19  2  16  46  66  58  8  11  54  45  24  6  10  34  27  5  17  36  4  31  59  30  61  56  55  15  40
   7  54  5  29  61  59  34  23  53  26  57  9  12  16  66  21  28  15  20  49  43  35  2  25  11  37  27  36  48  64  63  17  45  60  13  62  38  6  8  33  44  14  41  10  58  55  51  1  46  39  52  47  18  24  32  65  42  56  30  40  31  19  3  4  50  22
   7  54  58  35  52  39  32  16  43  33  8  20  42  13  37  63  45  24  15  14  17  55  3  1  31  23  28  60  29  18  38  44  59  26  11  5  51  62  27  61  56  64  34  36  22  50  47  48  57  12  30  4  46  9  53  41  66  10  49  65  6  19  2  25  21  40
   7  56  4  39  16  53  12  22  1  65  60  36  14  61  13  5  41  50  35  48  9  43  59  19  25  63  64  44  51  62  66  54  57  24  21  33  29  18  11  31  30  58  52  26  10  42  15  2  17  8  38  46  28  47  3  27  32  34  55  45  20  49  6  37  23  40
   7  59  57  21  43  37  63  62  44  55  52  65  31  22  61  26  66  49  11  64  13  33  58  39  32  40  50  29  53  16  20  25  48  60  8  10  46  24  30  4  5  23  12  15  2  36  45  6  41  1  18  56  3  54  34  9  28  35  27  17  38  14  51  47  42  19
   7  60  28  47  10  15  38  34  49  63  32  2  24  25  31  21  33  36  9  50  59  19  39  55  13  11  4  12  29  18  56  8  53  20  41  23  51  62  45  37  44  46  22  6  52  26  17  42  3  66  54  64  58  57  35  65  30  16  1  5  48  43  14  61  27  40
   7  62  61  33  53  10  12  1  28  47  43  65  11  40  48  4  45  54  38  59  44  26  58  16  46  15  18  35  42  37  31  64  50  60  5  6  34  14  57  55  66  39  20  24  2  56  27  19  63  22  13  29  8  23  41  9  51  21  52  49  32  25  30  36  3  17
   8  3  11  64  65  6  25  59  14  60  43  1  45  20  2  54  18  9  24  55  28  38  66  62  56  40  17  15  52  63  37  49  46  13  16  4  30  19  48  50  7  23  29  33  5  61  22  57  42  51  21  35  53  12  34  10  27  47  26  58  39  32  31  44  36  41
   8  6  38  62  13  60  45  17  63  64  48  36  27  37  11  25  2  35  43  49  20  15  28  21  66  16  12  9  57  26  53  23  34  59  61  29  5  54  7  22  50  4  3  19  31  40  30  56  42  65  32  24  18  47  52  39  46  1  51  55  58  10  41  14  44  33
   8  9  47  10  23  48  31  11  20  24  1  49  27  32  62  12  6  21  18  25  4  2  36  50  38  28  59  33  52  63  55  13  40  7  46  22  30  19  66  26  61  5  17  3  35  37  58  51  54  39  45  29  65  60  16  34  57  53  44  64  15  56  43  14  42  41
   8  13  5  18  17  10  57  23  2  22  39  15  37  62  14  28  64  7  58  27  54  44  16  20  26  42  65  1  30  19  45  33  36  3  66  12  52  63  34  32  9  59  53  49  11  21  60  25  40  31  61  47  29  4  48  6  55  35  56  24  43  50  51  38  46  41
   8  15  17  22  47  24  37  29  26  54  25  31  9  44  56  36  60  33  12  61  46  32  6  38  20  16  35  51  52  63  7  43  34  1  10  40  30  19  18  2  49  53  5  39  65  13  28  45  66  27  3  23  11  42  64  58  21  59  62  4  57  14  55  50  48  41
   8  19  20  14  50  35  58  54  11  1  61  36  52  23  63  24  57  60  42  16  38  40  28  33  3  49  41  22  2  55  5  37  46  59  48  47  53  17  32  9  13  56  66  6  31  15  44  4  43  10  7  25  51  29  27  39  34  64  18  26  45  65  12  62  30  21
   8  21  30  62  12  65  45  26  18  64  34  39  27  29  51  25  7  10  43  4  44  15  31  6  66  56  13  9  32  17  53  47  48  59  46  37  5  55  2  22  41  49  3  33  28  40  38  16  42  60  57  24  63  23  52  36  61  1  11  54  58  35  50  14  20  19
   8  23  41  9  51  21  52  49  32  25  30  36  3  17  7  62  61  33  53  10  12  1  28  47  43  65  11  40  48  4  45  54  38  59  44  26  58  16  46  15  18  35  42  37  31  64  50  60  5  6  34  14  57  55  66  39  20  24  2  56  27  19  63  22  13  29
   8  25  11  42  65  28  3  59  14  16  21  45  1  20  2  10  40  31  46  33  6  38  22  62  56  18  17  37  30  19  15  27  24  57  60  48  52  63  4  50  51  23  29  55  5  39  66  13  64  7  43  35  53  34  12  54  49  47  26  36  61  32  9  44  58  41
   8  27  23  46  29  42  49  65  38  48  7  61  39  2  44  18  36  57  66  1  64  26  12  14  50  58  53  21  52  63  43  37  22  55  4  10  30  19  54  20  25  17  47  45  59  31  34  33  24  3  51  11  35  6  28  40  15  5  32  16  9  62  13  56  60  41
   8  29  13  22  63  19  27  56  2  24  20  39  66  55  57  14  34  6  5  60  50  64  31  37  42  35  18  15  46  16  58  26  44  59  38  54  45  4  48  40  11  65  43  47  28  1  12  10  53  33  61  62  7  17  3  36  30  25  32  49  52  21  51  9  41  23
   8  31  47  54  23  4  9  11  20  46  45  27  49  32  62  34  28  43  40  3  48  2  58  50  38  6  59  55  30  19  33  57  18  51  24  66  52  63  22  26  39  5  17  25  35  15  36  7  10  61  1  29  65  16  60  12  13  53  44  42  37  56  21  14  64  41
   8  37  12  22  18  33  27  16  7  24  44  36  66  54  32  14  48  21  5  65  41  64  28  29  42  10  63  15  61  56  58  17  20  59  30  55  45  49  34  40  51  60  43  23  31  1  13  35  53  19  46  62  2  26  3  39  38  25  57  4  52  6  11  9  50  47
   8  39  29  4  11  60  61  35  50  42  55  25  3  26  32  66  12  15  54  7  16  20  18  56  14  34  5  57  52  63  13  31  10  43  64  46  30  19  24  38  1  47  23  51  53  49  40  21  48  45  33  65  59  36  58  22  9  17  2  28  27  44  37  62  6  41
   8  43  53  12  5  22  21  47  32  40  27  57  13  56  50  16  4  1  28  9  66  62  64  26  2  48  11  25  30  19  3  51  6  39  18  36  52  63  58  44  15  35  59  31  29  33  42  61  34  37  49  17  23  46  24  60  7  65  14  54  55  38  45  20  10  41
   8  47  50  9  11  6  52  4  57  25  38  39  3  26  2  62  46  19  53  35  13  1  31  23  43  60  51  40  34  49  45  55  30  59  20  17  58  56  61  15  63  10  42  29  28  64  41  65  5  21  48  14  32  54  66  36  44  24  7  16  27  33  18  22  12  37
   8  49  23  24  29  64  27  65  38  4  51  39  61  2  44  40  58  13  22  45  42  26  34  14  50  36  53  43  30  19  21  15  66  33  48  54  52  63  10  20  3  17  47  1  59  9  12  55  46  25  7  11  35  28  6  18  37  5  32  60  31  62  57  56  16  41
   8  51  35  28  59  12  7  5  62  36  37  55  33  50  20  48  54  39  42  13  34  14  24  32  44  10  23  27  52  63  49  25  64  31  58  16  30  19  60  56  43  11  65  57  47  1  46  9  6  21  15  53  17  66  22  4  3  29  38  40  45  26  61  2  18  41
   8  57  5  40  17  54  13  23  2  66  61  37  15  62  14  6  42  51  36  49  10  44  60  20  26  64  65  45  52  63  1  55  58  25  22  34  30  19  12  32  31  59  53  27  11  43  16  3  18  9  39  47  29  48  4  28  33  35  56  46  21  50  7  38  24  41
   8  60  48  25  20  16  53  29  50  40  32  39  58  33  13  64  11  49  66  26  61  22  31  65  52  55  44  62  63  37  43  21  57  59  7  19  42  47  51  14  38  17  27  35  28  9  34  54  3  56  18  1  41  6  45  36  2  15  12  23  5  4  30  24  46  10
   8  61  29  48  11  16  39  35  50  64  33  3  25  26  32  22  34  37  10  51  60  20  40  56  14  12  5  13  30  19  57  9  54  21  42  24  52  63  46  38  45  47  23  7  53  27  18  43  4  1  55  65  59  58  36  66  31  17  2  6  49  44  15  62  28  41
   8  65  34  25  44  56  53  37  41  40  57  36  58  19  12  64  51  4  66  17  46  22  28  60  52  54  20  62  18  29  43  6  32  59  2  33  42  23  11  14  30  26  27  10  31  9  48  55  3  16  63  1  50  21  45  39  7  15  13  47  5  49  38  24  61  35
   9  8  36  7  60  35  52  6  63  59  16  34  56  51  21  5  11  62  65  58  13  15  47  33  45  55  24  50  31  20  28  4  43  10  37  61  53  64  17  57  22  12  66  14  48  46  25  32  29  44  38  54  18  23  1  49  26  30  39  19  2  27  40  3  41  42
   9  10  48  11  24  49  32  12  21  25  2  50  28  33  63  13  7  22  19  26  5  3  37  51  39  29  60  34  53  64  56  14  41  8  47  23  31  20  1  27  62  6  18  4  36  38  59  52  55  40  46  30  66  61  17  35  58  54  45  65  16  57  44  15  43  42
   9  11  6  52  4  57  25  38  39  3  26  2  62  46  19  53  35  13  1  31  23  43  60  51  40  34  49  45  55  30  59  20  17  58  56  61  15  63  10  42  29  28  64  41  65  5  21  48  14  32  54  66  36  44  24  7  16  27  33  18  22  12  37  8  47  50
   9  14  6  19  18  11  58  24  3  23  40  16  38  63  15  29  65  8  59  28  55  45  17  21  27  43  66  2  31  20  46  34  37  4  1  13  53  64  35  33  10  60  54  50  12  22  61  26  41  32  62  48  30  5  49  7  56  36  57  25  44  51  52  39  47  42
   9  16  18  23  48  25  38  30  27  55  26  32  10  45  57  37  61  34  13  62  47  33  7  39  21  17  36  52  53  64  8  44  35  2  11  41  31  20  19  3  50  54  6  40  66  14  29  46  1  28  4  24  12  43  65  59  22  60  63  5  58  15  56  51  49  42
   9  18  36  5  10  20  40  13  26  52  37  7  14  28  56  45  23  46  25  50  33  66  65  63  59  51  35  3  6  12  24  48  29  58  49  31  62  57  47  27  54  41  15  30  60  53  39  11  22  44  21  42  17  34  1  2  4  8  16  32  64  61  55  43  19  38
   9  32  48  55  24  5  10  12  21  47  46  28  50  33  63  35  29  44  41  4  49  3  59  51  39  7  60  56  31  20  34  58  19  52  25  1  53  64  23  27  40  6  18  26  36  16  37  8  11  62  2  30  66  17  61  13  14  54  45  43  38  57  22  15  65  42
   9  38  19  43  55  61  64  32  16  8  4  2  1  34  17  42  21  44  22  11  39  53  60  30  15  41  54  27  47  57  62  31  49  58  29  48  24  12  6  3  35  51  59  63  65  66  33  50  25  46  23  45  56  28  14  7  37  52  26  13  40  20  10  5  36  18
   9  40  30  5  12  61  62  36  51  43  56  26  4  27  33  1  13  16  55  8  17  21  19  57  15  35  6  58  53  64  14  32  11  44  65  47  31  20  25  39  2  48  24  52  54  50  41  22  49  46  34  66  60  37  59  23  10  18  3  29  28  45  38  63  7  42
   9  41  23  8  29  13  22  63  19  27  56  2  24  20  39  66  55  57  14  34  6  5  60  50  64  31  37  42  35  18  15  46  16  58  26  44  59  38  54  45  4  48  40  11  65  43  47  28  1  12  10  53  33  61  62  7  17  3  36  30  25  32  49  52  21  51
   9  44  29  45  19  11  24  28  55  53  6  7  64  30  35  52  16  41  59  13  4  27  65  20  1  57  33  5  17  31  25  18  21  58  23  38  22  48  56  43  39  12  14  61  60  3  37  32  15  51  26  8  54  63  40  2  47  66  10  34  62  50  36  42  49  46
   9  46  49  42  36  50  62  34  10  66  47  2  40  63  54  8  26  51  15  32  37  3  60  61  14  12  39  43  56  48  22  38  23  58  21  18  25  31  17  5  33  57  1  20  65  27  4  13  59  41  16  52  35  30  64  7  6  53  55  28  24  11  19  45  29  44
   9  50  47  8  37  12  22  18  33  27  16  7  24  44  36  66  54  32  14  48  21  5  65  41  64  28  29  42  10  63  15  61  56  58  17  20  59  30  55  45  49  34  40  51  60  43  23  31  1  13  35  53  19  46  62  2  26  3  39  38  25  57  4  52  6  11
   9  51  21  52  49  32  25  30  36  3  17  7  62  61  33  53  10  12  1  28  47  43  65  11  40  48  4  45  54  38  59  44  26  58  16  46  15  18  35  42  37  31  64  50  60  5  6  34  14  57  55  66  39  20  24  2  56  27  19  63  22  13  29  8  23  41
   9  52  36  29  60  13  8  6  63  37  38  56  34  51  21  49  55  40  43  14  35  15  25  33  45  11  24  28  53  64  50  26  65  32  59  17  31  20  61  57  44  12  66  58  48  2  47  10  7  22  16  54  18  1  23  5  4  30  39  41  46  27  62  3  19  42
   9  58  6  41  18  55  14  24  3  1  62  38  16  63  15  7  43  52  37  50  11  45  61  21  27  65  66  46  53  64  2  56  59  26  23  35  31  20  13  33  32  60  54  28  12  44  17  4  19  10  40  48  30  49  5  29  34  36  57  47  22  51  8  39  25  42
   9  61  4  42  39  41  62  48  35  66  23  7  40  18  55  8  17  11  15  57  29  3  65  46  14  13  36  43  16  34  22  30  47  58  6  63  25  28  26  5  19  32  1  44  60  27  49  12  59  50  56  52  10  38  64  2  21  53  54  31  24  51  33  45  37  20
   9  62  30  49  12  17  40  36  51  65  34  4  26  27  33  23  35  38  11  52  61  21  41  57  15  13  6  14  31  20  58  10  55  22  43  25  53  64  47  39  46  48  24  8  54  28  19  44  5  2  56  66  60  59  37  1  32  18  3  7  50  45  16  63  29  42
   9  63  39  5  35  44  40  12  17  52  29  2  14  31  16  45  47  61  25  41  19  66  60  18  59  11  10  3  21  13  24  34  37  58  4  28  62  32  23  27  55  50  15  38  65  53  36  51  22  20  6  42  26  48  1  7  49  8  56  57  64  46  54  43  33  30
   10  5  36  18  9  38  19  43  55  61  64  32  16  8  4  2  1  34  17  42  21  44  22  11  39  53  60  30  15  41  54  27  47  57  62  31  49  58  29  48  24  12  6  3  35  51  59  63  65  66  33  50  25  46  23  45  56  28  14  7  37  52  26  13  40  20
   10  8  60  48  25  20  16  53  29  50  40  32  39  58  33  13  64  11  49  66  26  61  22  31  65  52  55  44  62  63  37  43  21  57  59  7  19  42  47  51  14  38  17  27  35  28  9  34  54  3  56  18  1  41  6  45  36  2  15  12  23  5  4  30  24  46
   10  9  37  8  61  36  53  7  64  60  17  35  57  52  22  6  12  63  66  59  14  16  48  34  46  56  25  51  32  21  29  5  44  11  38  62  54  65  18  58  23  13  1  15  49  47  26  33  30  45  39  55  19  24  2  50  27  31  40  20  3  28  41  4  42  43
   10  15  7  20  19  12  59  25  4  24  41  17  39  64  16  30  66  9  60  29  56  46  18  22  28  44  1  3  32  21  47  35  38  5  2  14  54  65  36  34  11  61  55  51  13  23  62  27  42  33  63  49  31  6  50  8  57  37  58  26  45  52  53  40  48  43
   10  17  19  24  49  26  39  31  28  56  27  33  11  46  58  38  62  35  14  63  48  34  8  40  22  18  37  53  54  65  9  45  36  3  12  42  32  21  20  4  51  55  7  41  1  15  30  47  2  29  5  25  13  44  66  60  23  61  64  6  59  16  57  52  50  43
   10  35  61  60  55  20  57  19  46  14  33  45  23  16  40  44  26  5  62  39  42  58  50  4  34  48  31  41  54  65  63  3  18  51  36  30  32  21  8  64  15  1  37  17  25  9  6  29  38  59  11  7  49  56  12  66  47  13  52  24  53  22  27  28  2  43
   10  38  64  2  21  53  54  31  24  51  33  45  37  20  9  61  4  42  39  41  62  48  35  66  23  7  40  18  55  8  17  11  15  57  29  3  65  46  14  13  36  43  16  34  22  30  47  58  6  63  25  28  26  5  19  32  1  44  60  27  49  12  59  50  56  52
   10  39  19  2  49  48  17  31  28  12  5  11  33  46  58  60  18  57  36  41  26  34  30  40  22  62  37  9  32  21  53  23  14  47  56  20  54  65  42  4  29  55  7  63  1  59  8  3  24  51  27  25  13  66  44  38  45  61  64  50  15  16  35  52  6  43
   10  41  31  6  13  62  63  37  52  44  57  27  5  28  34  2  14  17  56  9  18  22  20  58  16  36  7  59  54  65  15  33  12  45  66  48  32  21  26  40  3  49  25  53  55  51  42  23  50  47  35  1  61  38  60  24  11  19  4  30  29  46  39  64  8  43
   10  52  56  50  59  12  49  27  60  44  1  32  19  5  26  28  25  63  6  58  47  30  22  34  16  43  36  13  14  46  65  3  29  57  15  11  17  8  55  18  40  7  23  66  35  48  62  41  39  42  4  61  9  20  37  45  33  51  24  31  54  53  21  2  64  38
   10  53  37  30  61  14  9  7  64  38  39  57  35  52  22  50  56  41  44  15  36  16  26  34  46  12  25  29  54  65  51  27  66  33  60  18  32  21  62  58  45  13  1  59  49  3  48  11  8  23  17  55  19  2  24  6  5  31  40  42  47  28  63  4  20  43
   10  57  61  38  55  42  35  19  46  36  11  23  45  16  40  66  48  27  18  17  20  58  6  4  34  26  31  63  32  21  41  47  62  29  14  8  54  65  30  64  59  1  37  39  25  53  50  51  60  15  33  7  49  12  56  44  3  13  52  2  9  22  5  28  24  43
   10  59  7  42  19  56  15  25  4  2  63  39  17  64  16  8  44  53  38  51  12  46  62  22  28  66  1  47  54  65  3  57  60  27  24  36  32  21  14  34  33  61  55  29  13  45  18  5  20  11  41  49  31  50  6  30  35  37  58  48  23  52  9  40  26  43
   10  63  15  61  56  58  17  20  59  30  55  45  49  34  40  51  60  43  23  31  1  13  35  53  19  46  62  2  26  3  39  38  25  57  4  52  6  11  9  50  47  8  37  12  22  18  33  27  16  7  24  44  36  66  54  32  14  48  21  5  65  41  64  28  29  42
   11  4  2  63  38  61  48  56  59  31  60  54  10  41  29  49  25  52  7  24  39  53  13  47  65  3  50  34  33  22  12  42  51  18  9  45  55  66  1  17  36  32  14  46  20  6  57  40  19  58  16  62  8  43  21  27  64  26  23  15  28  5  30  35  37  44
   11  10  38  9  62  37  54  8  65  61  18  36  58  53  23  7  13  64  1  60  15  17  49  35  47  57  26  52  33  22  30  6  45  12  39  63  55  66  19  59  24  14  2  16  50  48  27  34  31  46  40  56  20  25  3  51  28  32  41  21  4  29  42  5  43  44
   11  14  30  26  27  10  31  9  48  55  3  16  63  1  50  21  45  39  7  15  13  47  5  49  38  24  61  35  8  65  34  25  44  56  53  37  41  40  57  36  58  19  12  64  51  4  66  17  46  22  28  60  52  54  20  62  18  29  43  6  32  59  2  33  42  23
   11  16  8  21  20  13  60  26  5  25  42  18  40  65  17  31  1  10  61  30  57  47  19  23  29  45  2  4  33  22  48  36  39  6  3  15  55  66  37  35  12  62  56  52  14  24  63  28  43  34  64  50  32  7  51  9  58  38  59  27  46  53  54  41  49  44
   11  18  20  25  50  27  40  32  29  57  28  34  12  47  59  39  63  36  15  64  49  35  9  41  23  19  38  54  55  66  10  46  37  4  13  43  33  22  21  5  52  56  8  42  2  16  31  48  3  30  6  26  14  45  1  61  24  62  65  7  60  17  58  53  51  44
   11  19  45  29  44  9  46  49  42  36  50  62  34  10  66  47  2  40  63  54  8  26  51  15  32  37  3  60  61  14  12  39  43  56  48  22  38  23  58  21  18  25  31  17  5  33  57  1  20  65  27  4  13  59  41  16  52  35  30  64  7  6  53  55  28  24
   11  23  42  33  2  59  32  6  43  29  18  62  20  54  52  60  28  22  46  17  66  4  51  64  12  19  58  36  57  40  41  37  53  56  44  25  34  65  8  35  61  24  38  49  5  47  13  15  7  39  45  21  50  1  63  16  3  55  48  9  31  10  27  26  30  14
   11  24  28  55  53  6  7  64  30  35  52  16  41  59  13  4  27  65  20  1  57  33  5  17  31  25  18  21  58  23  38  22  48  56  43  39  12  14  61  60  3  37  32  15  51  26  8  54  63  40  2  47  66  10  34  62  50  36  42  49  46  9  44  29  45  19
   11  24  56  37  8  3  46  50  35  21  52  16  60  59  53  63  51  48  9  34  25  65  45  29  5  7  14  6  55  66  28  10  31  64  43  61  33  22  39  47  40  38  62  12  32  58  1  42  15  18  30  20  26  27  49  19  54  2  17  13  36  41  4  23  57  44
   11  25  2  35  43  49  20  15  28  21  66  16  12  9  57  26  53  23  34  59  61  29  5  54  7  22  50  4  3  19  31  40  30  56  42  65  32  24  18  47  52  39  46  1  51  55  58  10  41  14  44  33  8  6  38  62  13  60  45  17  63  64  48  36  27  37
   11  28  14  45  2  31  6  62  17  19  24  48  4  23  5  13  43  34  49  36  9  41  25  65  59  21  20  40  33  22  18  30  27  60  63  51  55  66  7  53  54  26  32  58  8  42  3  16  1  10  46  38  56  37  15  57  52  50  29  39  64  35  12  47  61  44
   11  30  26  49  32  45  52  2  41  51  10  64  42  5  47  21  39  60  3  4  1  29  15  17  53  61  56  24  55  66  46  40  25  58  7  13  33  22  57  23  28  20  50  48  62  34  37  36  27  6  54  14  38  9  31  43  18  8  35  19  12  65  16  59  63  44
   11  40  20  3  50  49  18  32  29  13  6  12  34  47  59  61  19  58  37  42  27  35  31  41  23  63  38  10  33  22  54  24  15  48  57  21  55  66  43  5  30  56  8  64  2  60  9  4  25  52  28  26  14  1  45  39  46  62  65  51  16  17  36  53  7  44
   11  42  32  7  14  63  64  38  53  45  58  28  6  29  35  3  15  18  57  10  19  23  21  59  17  37  8  60  55  66  16  34  13  46  1  49  33  22  27  41  4  50  26  54  56  52  43  24  51  48  36  2  62  39  61  25  12  20  5  31  30  47  40  65  9  44
   11  46  56  15  8  25  24  50  35  43  30  60  16  59  53  19  7  4  31  12  3  65  1  29  5  51  14  28  33  22  6  54  9  42  21  39  55  66  61  47  18  38  62  34  32  36  45  64  37  40  52  20  26  49  27  63  10  2  17  57  58  41  48  23  13  44
   11  48  2  19  38  39  4  56  59  9  16  10  54  41  29  27  3  30  51  46  61  53  57  47  65  25  50  12  55  66  34  64  7  40  31  1  33  22  45  17  58  32  14  24  20  28  13  18  63  36  60  62  8  21  43  49  42  26  23  37  6  5  52  35  15  44
   11  54  38  31  62  15  10  8  65  39  40  58  36  53  23  51  57  42  45  16  37  17  27  35  47  13  26  30  55  66  52  28  1  34  61  19  33  22  63  59  46  14  2  60  50  4  49  12  9  24  18  56  20  3  25  7  6  32  41  43  48  29  64  5  21  44
   11  58  62  39  56  43  36  20  47  37  12  24  46  17  41  1  49  28  19  18  21  59  7  5  35  27  32  64  33  22  42  48  63  30  15  9  55  66  31  65  60  2  38  40  26  54  51  52  61  16  34  8  50  13  57  45  4  14  53  3  10  23  6  29  25  44
   11  60  8  43  20  57  16  26  5  3  64  40  18  65  17  9  45  54  39  52  13  47  63  23  29  1  2  48  55  66  4  58  61  28  25  37  33  22  15  35  34  62  56  30  14  46  19  6  21  12  42  50  32  51  7  31  36  38  59  49  24  53  10  41  27  44
   12  5  3  64  39  62  49  57  60  32  61  55  11  42  30  50  26  53  8  25  40  54  14  48  66  4  51  35  34  23  13  43  52  19  10  46  56  1  2  18  37  33  15  47  21  7  58  41  20  59  17  63  9  44  22  28  65  27  24  16  29  6  31  36  38  45
   12  7  15  2  3  10  29  63  18  64  47  5  49  24  6  58  22  13  28  59  32  42  4  66  60  44  21  19  56  1  41  53  50  17  20  8  34  23  52  54  11  27  33  37  9  65  26  61  46  55  25  39  57  16  38  14  31  51  30  62  43  36  35  48  40  45
   12  13  51  14  27  52  35  15  24  28  5  53  31  36  66  16  10  25  22  29  8  6  40  54  42  32  63  37  56  1  59  17  44  11  50  26  34  23  4  30  65  9  21  7  39  41  62  55  58  43  49  33  3  64  20  38  61  57  48  2  19  60  47  18  46  45
   12  14  61  60  3  37  32  15  51  26  8  54  63  40  2  47  66  10  34  62  50  36  42  49  46  9  44  29  45  19  11  24  28  55  53  6  7  64  30  35  52  16  41  59  13  4  27  65  20  1  57  33  5  17  31  25  18  21  58  23  38  22  48  56  43  39
   12  17  9  22  21  14  61  27  6  26  43  19  41  66  18  32  2  11  62  31  58  48  20  24  30  46  3  5  34  23  49  37  40  7  4  16  56  1  38  36  13  63  57  53  15  25  64  29  44  35  65  51  33  8  52  10  59  39  60  28  47  54  55  42  50  45
   12  17  52  29  2  14  31  16  45  47  61  25  41  19  66  60  18  59  11  10  3  21  13  24  34  37  58  4  28  62  32  23  27  55  50  15  38  65  53  36  51  22  20  6  42  26  48  1  7  49  8  56  57  64  46  54  43  33  30  9  63  39  5  35  44  40
   12  25  57  38  9  4  47  51  36  22  53  17  61  60  54  64  52  49  10  35  26  66  46  30  6  8  15  7  56  1  29  11  32  65  44  62  34  23  40  48  41  39  63  13  33  59  2  43  16  19  31  21  27  28  50  20  55  3  18  14  37  42  5  24  58  45
   12  29  15  46  3  32  7  63  18  20  25  49  5  24  6  14  44  35  50  37  10  42  26  66  60  22  21  41  34  23  19  31  28  61  64  52  56  1  8  54  55  27  33  59  9  43  4  17  2  11  47  39  57  38  16  58  53  51  30  40  65  36  13  48  62  45
   12  35  51  58  27  8  13  15  24  50  49  31  53  36  66  38  32  47  44  7  52  6  62  54  42  10  63  59  34  23  37  61  22  55  28  4  56  1  26  30  43  9  21  29  39  19  40  11  14  65  5  33  3  20  64  16  17  57  48  46  41  60  25  18  2  45
   12  37  63  62  57  22  59  21  48  16  35  47  25  18  42  46  28  7  64  41  44  60  52  6  36  50  33  43  56  1  65  5  20  53  38  32  34  23  10  66  17  3  39  19  27  11  8  31  40  61  13  9  51  58  14  2  49  15  54  26  55  24  29  30  4  45
   12  39  43  56  48  22  38  23  58  21  18  25  31  17  5  33  57  1  20  65  27  4  13  59  41  16  52  35  30  64  7  6  53  55  28  24  11  19  45  29  44  9  46  49  42  36  50  62  34  10  66  47  2  40  63  54  8  26  51  15  32  37  3  60  61  14
   12  40  44  35  5  39  63  9  30  33  43  54  46  64  57  56  8  49  7  1  48  26  42  6  20  22  51  36  53  65  38  15  50  55  27  23  32  62  28  4  58  37  34  24  13  21  3  10  11  59  18  60  66  19  41  25  61  47  45  16  31  14  2  29  52  17
   12  47  57  16  9  26  25  51  36  44  31  61  17  60  54  20  8  5  32  13  4  66  2  30  6  52  15  29  34  23  7  55  10  43  22  40  56  1  62  48  19  39  63  35  33  37  46  65  38  41  53  21  27  50  28  64  11  3  18  58  59  42  49  24  14  45
   12  49  3  20  39  40  5  57  60  10  17  11  55  42  30  28  4  31  52  47  62  54  58  48  66  26  51  13  56  1  35  65  8  41  32  2  34  23  46  18  59  33  15  25  21  29  14  19  64  37  61  63  9  22  44  50  43  27  24  38  7  6  53  36  16  45
   12  59  63  40  57  44  37  21  48  38  13  25  47  18  42  2  50  29  20  19  22  60  8  6  36  28  33  65  34  23  43  49  64  31  16  10  56  1  32  66  61  3  39  41  27  55  52  53  62  17  35  9  51  14  58  46  5  15  54  4  11  24  7  30  26  45
   12  61  9  44  21  58  17  27  6  4  65  41  19  66  18  10  46  55  40  53  14  48  64  24  30  2  3  49  56  1  5  59  62  29  26  38  34  23  16  36  35  63  57  31  15  47  20  7  22  13  43  51  33  52  8  32  37  39  60  50  25  54  11  42  28  45
   13  8  16  3  4  11  30  64  19  65  48  6  50  25  7  59  23  14  29  60  33  43  5  1  61  45  22  20  57  2  42  54  51  18  21  9  35  24  53  55  12  28  34  38  10  66  27  62  47  56  26  40  58  17  39  15  32  52  31  63  44  37  36  49  41  46
   13  14  46  65  3  29  57  15  11  17  8  55  18  40  7  23  66  35  48  62  41  39  42  4  61  9  20  37  45  33  51  24  31  54  53  21  2  64  38  10  52  56  50  59  12  49  27  60  44  1  32  19  5  26  28  25  63  6  58  47  30  22  34  16  43  36
   13  14  52  15  28  53  36  16  25  29  6  54  32  37  1  17  11  26  23  30  9  7  41  55  43  33  64  38  57  2  60  18  45  12  51  27  35  24  5  31  66  10  22  8  40  42  63  56  59  44  50  34  4  65  21  39  62  58  49  3  20  61  48  19  47  46
   13  18  10  23  22  15  62  28  7  27  44  20  42  1  19  33  3  12  63  32  59  49  21  25  31  47  4  6  35  24  50  38  41  8  5  17  57  2  39  37  14  64  58  54  16  26  65  30  45  36  66  52  34  9  53  11  60  40  61  29  48  55  56  43  51  46
   13  26  52  37  7  14  28  56  45  23  46  25  50  33  66  65  63  59  51  35  3  6  12  24  48  29  58  49  31  62  57  47  27  54  41  15  30  60  53  39  11  22  44  21  42  17  34  1  2  4  8  16  32  64  61  55  43  19  38  9  18  36  5  10  20  40
   13  26  58  39  10  5  48  52  37  23  54  18  62  61  55  65  53  50  11  36  27  1  47  31  7  9  16  8  57  2  30  12  33  66  45  63  35  24  41  49  42  40  64  14  34  60  3  44  17  20  32  22  28  29  51  21  56  4  19  15  38  43  6  25  59  46
   13  36  43  16  34  22  30  47  58  6  63  25  28  26  5  19  32  1  44  60  27  49  12  59  50  56  52  10  38  64  2  21  53  54  31  24  51  33  45  37  20  9  61  4  42  39  41  62  48  35  66  23  7  40  18  55  8  17  11  15  57  29  3  65  46  14
   13  36  52  59  28  9  14  16  25  51  50  32  54  37  1  39  33  48  45  8  53  7  63  55  43  11  64  60  35  24  38  62  23  56  29  5  57  2  27  31  44  10  22  30  40  20  41  12  15  66  6  34  4  21  65  17  18  58  49  47  42  61  26  19  3  46
   13  38  64  63  58  23  60  22  49  17  36  48  26  19  43  47  29  8  65  42  45  61  53  7  37  51  34  44  57  2  66  6  21  54  39  33  35  24  11  1  18  4  40  20  28  12  9  32  41  62  14  10  52  59  15  3  50  16  55  27  56  25  30  31  5  46
   13  40  20  10  5  36  18  9  38  19  43  55  61  64  32  16  8  4  2  1  34  17  42  21  44  22  11  39  53  60  30  15  41  54  27  47  57  62  31  49  58  29  48  24  12  6  3  35  51  59  63  65  66  33  50  25  46  23  45  56  28  14  7  37  52  26
   13  48  58  17  10  27  26  52  37  45  32  62  18  61  55  21  9  6  33  14  5  1  3  31  7  53  16  30  35  24  8  56  11  44  23  41  57  2  63  49  20  40  64  36  34  38  47  66  39  42  54  22  28  51  29  65  12  4  19  59  60  43  50  25  15  46
   13  50  4  21  40  41  6  58  61  11  18  12  56  43  31  29  5  32  53  48  63  55  59  49  1  27  52  14  57  2  36  66  9  42  33  3  35  24  47  19  60  34  16  26  22  30  15  20  65  38  62  64  10  23  45  51  44  28  25  39  8  7  54  37  17  46
   13  60  64  41  58  45  38  22  49  39  14  26  48  19  43  3  51  30  21  20  23  61  9  7  37  29  34  66  35  24  44  50  65  32  17  11  57  2  33  1  62  4  40  42  28  56  53  54  63  18  36  10  52  15  59  47  6  16  55  5  12  25  8  31  27  46
   14  13  36  43  16  34  22  30  47  58  6  63  25  28  26  5  19  32  1  44  60  27  49  12  59  50  56  52  10  38  64  2  21  53  54  31  24  51  33  45  37  20  9  61  4  42  39  41  62  48  35  66  23  7  40  18  55  8  17  11  15  57  29  3  65  46
   14  13  41  12  65  40  57  11  2  64  21  39  61  56  26  10  16  1  4  63  18  20  52  38  50  60  29  55  36  25  33  9  48  15  42  66  58  3  22  62  27  17  5  19  53  51  30  37  34  49  43  59  23  28  6  54  31  35  44  24  7  32  45  8  46  47
   14  19  11  24  23  16  63  29  8  28  45  21  43  2  20  34  4  13  64  33  60  50  22  26  32  48  5  7  36  25  51  39  42  9  6  18  58  3  40  38  15  65  59  55  17  27  66  31  46  37  1  53  35  10  54  12  61  41  62  30  49  56  57  44  52  47
   14  21  23  28  53  30  43  35  32  60  31  37  15  50  62  42  66  39  18  1  52  38  12  44  26  22  41  57  58  3  13  49  40  7  16  46  36  25  24  8  55  59  11  45  5  19  34  51  6  33  9  29  17  48  4  64  27  65  2  10  63  20  61  56  54  47
   14  27  59  40  11  6  49  53  38  24  55  19  63  62  56  66  54  51  12  37  28  2  48  32  8  10  17  9  58  3  31  13  34  1  46  64  36  25  42  50  43  41  65  15  35  61  4  45  18  21  33  23  29  30  52  22  57  5  20  16  39  44  7  26  60  47
   14  39  65  64  59  24  61  23  50  18  37  49  27  20  44  48  30  9  66  43  46  62  54  8  38  52  35  45  58  3  1  7  22  55  40  34  36  25  12  2  19  5  41  21  29  13  10  33  42  63  15  11  53  60  16  4  51  17  56  28  57  26  31  32  6  47
   14  43  23  6  53  52  21  35  32  16  9  15  37  50  62  64  22  61  40  45  30  38  34  44  26  66  41  13  36  25  57  27  18  51  60  24  58  3  46  8  33  59  11  1  5  63  12  7  28  55  31  29  17  4  48  42  49  65  2  54  19  20  39  56  10  47
   14  51  5  22  41  42  7  59  62  12  19  13  57  44  32  30  6  33  54  49  64  56  60  50  2  28  53  15  58  3  37  1  10  43  34  4  36  25  48  20  61  35  17  27  23  31  16  21  66  39  63  65  11  24  46  52  45  29  26  40  9  8  55  38  18  47
   14  61  65  42  59  46  39  23  50  40  15  27  49  20  44  4  52  31  22  21  24  62  10  8  38  30  35  1  36  25  45  51  66  33  18  12  58  3  34  2  63  5  41  43  29  57  54  55  64  19  37  11  53  16  60  48  7  17  56  6  13  26  9  32  28  47
   15  18  35  42  37  31  64  50  60  5  6  34  14  57  55  66  39  20  24  2  56  27  19  63  22  13  29  8  23  41  9  51  21  52  49  32  25  30  36  3  17  7  62  61  33  53  10  12  1  28  47  43  65  11  40  48  4  45  54  38  59  44  26  58  16  46
   15  20  12  25  24  17  64  30  9  29  46  22  44  3  21  35  5  14  65  34  61  51  23  27  33  49  6  8  37  26  52  40  43  10  7  19  59  4  41  39  16  66  60  56  18  28  1  32  47  38  2  54  36  11  55  13  62  42  63  31  50  57  58  45  53  48
   15  28  60  41  12  7  50  54  39  25  56  20  64  63  57  1  55  52  13  38  29  3  49  33  9  11  18  10  59  4  32  14  35  2  47  65  37  26  43  51  44  42  66  16  36  62  5  46  19  22  34  24  30  31  53  23  58  6  21  17  40  45  8  27  61  48
   15  46  16  58  26  44  59  38  54  45  4  48  40  11  65  43  47  28  1  12  10  53  33  61  62  7  17  3  36  30  25  32  49  52  21  51  9  41  23  8  29  13  22  63  19  27  56  2  24  20  39  66  55  57  14  34  6  5  60  50  64  31  37  42  35  18
   15  64  12  47  24  61  20  30  9  7  2  44  22  3  21  13  49  58  43  56  17  51  1  27  33  5  6  52  59  4  8  62  65  32  29  41  37  26  19  39  38  66  60  34  18  50  23  10  25  16  46  54  36  55  11  35  40  42  63  53  28  57  14  45  31  48
   16  17  55  18  31  56  39  19  28  32  9  57  35  40  4  20  14  29  26  33  12  10  44  58  46  36  1  41  60  5  63  21  48  15  54  30  38  27  8  34  3  13  25  11  43  45  66  59  62  47  53  37  7  2  24  42  65  61  52  6  23  64  51  22  50  49
   16  21  13  26  25  18  65  31  10  30  47  23  45  4  22  36  6  15  66  35  62  52  24  28  34  50  7  9  38  27  53  41  44  11  8  20  60  5  42  40  17  1  61  57  19  29  2  33  48  39  3  55  37  12  56  14  63  43  64  32  51  58  59  46  54  49
   16  29  61  42  13  8  51  55  40  26  57  21  65  64  58  2  56  53  14  39  30  4  50  34  10  12  19  11  60  5  33  15  36  3  48  66  38  27  44  52  45  43  1  17  37  63  6  47  20  23  35  25  31  32  54  24  59  7  22  18  41  46  9  28  62  49
   16  35  31  54  37  50  57  7  46  56  15  3  47  10  52  26  44  65  8  9  6  34  20  22  58  66  61  29  60  5  51  45  30  63  12  18  38  27  62  28  33  25  55  53  1  39  42  41  32  11  59  19  43  14  36  48  23  13  40  24  17  4  21  64  2  49
   16  39  55  62  31  12  17  19  28  54  53  35  57  40  4  42  36  51  48  11  56  10  66  58  46  14  1  63  38  27  41  65  26  59  32  8  60  5  30  34  47  13  25  33  43  23  44  15  18  3  9  37  7  24  2  20  21  61  52  50  45  64  29  22  6  49
   16  51  61  20  13  30  29  55  40  48  35  65  21  64  58  24  12  9  36  17  8  4  6  34  10  56  19  33  38  27  11  59  14  47  26  44  60  5  66  52  23  43  1  39  37  41  50  3  42  45  57  25  31  54  32  2  15  7  22  62  63  46  53  28  18  49
   16  57  31  32  37  6  35  7  46  12  59  47  3  10  52  48  66  21  30  53  50  34  42  22  58  44  61  51  38  27  29  23  8  41  56  62  60  5  18  28  11  25  55  9  1  17  20  63  54  33  15  19  43  36  14  26  45  13  40  2  39  4  65  64  24  49
   16  58  26  44  59  38  54  45  4  48  40  11  65  43  47  28  1  12  10  53  33  61  62  7  17  3  36  30  25  32  49  52  21  51  9  41  23  8  29  13  22  63  19  27  56  2  24  20  39  66  55  57  14  34  6  5  60  50  64  31  37  42  35  18  15  46
   16  65  13  48  25  62  21  31  10  8  3  45  23  4  22  14  50  59  44  57  18  52  2  28  34  6  7  53  60  5  9  63  66  33  30  42  38  27  20  40  39  1  61  35  19  51  24  11  26  17  47  55  37  56  12  36  41  43  64  54  29  58  15  46  32  49
   17  36  32  55  38  51  58  8  47  57  16  4  48  11  53  27  45  66  9  10  7  35  21  23  59  1  62  30  61  6  52  46  31  64  13  19  39  28  63  29  34  26  56  54  2  40  43  42  33  12  60  20  44  15  37  49  24  14  41  25  18  5  22  65  3  50
   17  40  56  63  32  13  18  20  29  55  54  36  58  41  5  43  37  52  49  12  57  11  1  59  47  15  2  64  39  28  42  66  27  60  33  9  61  6  31  35  48  14  26  34  44  24  45  16  19  4  10  38  8  25  3  21  22  62  53  51  46  65  30  23  7  50
