   1  3  7  15  31  26  16  33  30  24  12  25  14  29  22  8  17  35  34  32  28  20  4  9  19  2  5  11  23  10  21  6  13  27  18
   1  12  7  27  32  30  3  24  31  17  19  2  16  29  20  13  10  35  11  15  23  33  21  8  26  25  4  34  14  6  9  5  22  28  18
   1  15  22  24  29  6  32  31  4  12  16  8  18  35  5  23  21  17  14  9  20  7  19  2  3  28  13  33  27  30  10  34  25  11  26
   2  5  31  22  34  30  9  15  19  16  21  14  25  13  32  27  26  11  3  17  35  29  18  20  4  12  28  1  8  6  23  24  10  33  7
   2  15  8  24  31  6  3  7  25  12  27  32  22  23  1  11  14  5  13  9  34  19  17  26  20  4  16  33  28  30  18  10  29  35  21
   2  20  4  1  32  30  11  14  35  5  15  16  28  21  23  3  29  7  18  17  26  13  9  22  10  25  8  12  34  6  33  27  19  24  31
   2  20  4  19  32  30  29  14  17  23  33  16  28  3  5  21  11  25  18  35  26  31  27  22  10  7  8  12  34  6  15  9  1  24  13
   2  23  13  22  34  30  27  33  1  16  3  14  7  31  32  9  26  29  21  35  17  11  18  20  4  12  28  19  8  6  5  24  10  15  25
   2  33  8  21  32  10  17  3  31  12  13  11  15  7  23  28  18  1  35  4  29  16  5  27  20  34  6  25  24  26  22  30  14  9  19
   2  33  8  24  13  6  21  25  7  12  9  32  22  5  19  29  14  23  31  27  34  1  35  26  20  4  16  15  28  30  18  10  11  17  3
   3  5  35  22  18  30  4  15  28  16  8  14  23  13  10  27  7  11  2  17  31  29  34  20  9  12  19  1  21  6  25  24  32  33  26
   3  11  10  33  21  6  34  9  28  23  7  20  25  16  17  24  27  29  8  22  32  12  2  14  18  15  1  35  5  30  26  19  13  31  4
   3  29  23  34  18  30  16  15  4  28  32  2  11  25  22  27  19  35  26  5  7  17  10  8  9  12  31  13  21  6  1  24  20  33  14
   4  13  31  1  26  30  23  17  19  33  18  14  2  12  32  22  8  11  9  24  35  16  7  20  25  5  28  27  34  6  3  15  10  29  21
   4  19  16  21  10  30  18  9  5  7  25  28  22  8  29  12  20  1  15  2  14  24  33  34  26  3  32  31  35  6  17  23  13  11  27
   4  24  13  32  16  10  17  15  5  29  1  9  12  27  28  33  21  35  31  11  22  3  19  25  18  20  30  6  34  26  23  8  7  2  14
   5  3  2  12  1  30  16  11  20  24  8  4  18  31  25  7  33  13  34  9  28  35  23  10  15  32  29  21  27  6  14  26  17  19  22
   5  12  14  4  17  26  18  21  6  7  2  27  13  9  29  3  22  1  32  25  23  33  20  11  19  16  31  30  35  10  24  28  8  34  15
   5  22  10  7  27  16  15  8  12  6  32  19  21  29  20  35  13  31  17  2  11  3  1  14  24  30  26  33  34  9  25  28  4  23  18
   7  24  31  27  33  6  10  12  32  1  22  34  9  25  14  5  18  19  17  3  11  21  4  28  15  29  23  2  35  30  20  13  16  8  26
   8  11  32  33  2  6  18  9  1  23  5  20  26  16  13  24  4  29  3  22  10  12  21  14  34  15  28  35  7  30  25  19  17  31  27
   9  17  7  29  23  6  5  25  20  21  14  10  15  24  2  26  33  31  8  12  35  32  34  4  19  1  11  27  18  30  22  3  28  13  16
   10  7  29  2  26  6  27  21  5  8  15  34  35  11  16  9  22  1  33  31  13  19  18  28  20  24  32  23  4  30  25  12  14  3  17
   10  28  20  5  16  6  19  34  31  25  3  8  32  33  7  15  1  35  18  13  22  29  9  2  14  17  4  24  26  30  21  27  23  12  11
   11  24  5  9  28  6  33  12  17  7  29  22  32  31  4  35  2  25  13  21  1  3  15  16  34  23  8  14  10  30  27  19  26  20  18
   12  20  13  33  34  10  31  8  5  3  14  9  18  24  28  6  16  35  23  15  22  2  1  25  4  27  30  32  21  26  17  11  7  29  19
   14  15  20  24  19  6  3  31  13  12  27  8  10  35  25  23  26  17  1  9  22  7  29  2  32  28  4  33  16  30  18  34  5  11  21
