   1  3  2  14  8  11  21  16  7  23  15  19  17  18  6  12  9  22  4  13  20  5  10
   1  10  18  7  21  12  14  13  8  11  4  20  16  6  23  17  5  9  15  22  19  2  3
   1  11  22  21  13  18  15  10  16  6  19  5  12  14  17  4  2  20  8  9  3  7  23
   1  14  12  20  10  13  18  17  8  4  11  5  16  22  15  19  6  7  2  21  9  23  3
   1  15  10  4  5  12  21  23  11  3  9  6  14  13  2  19  22  18  16  20  7  17  8
   1  16  13  11  17  8  19  22  12  7  21  15  20  5  9  18  14  2  10  3  4  6  23
   1  17  15  23  13  16  21  20  11  7  14  8  19  3  18  22  9  10  5  2  12  4  6
   2  8  6  11  12  3  10  18  15  5  16  4  7  21  14  23  22  17  19  13  9  1  20
   2  9  14  4  10  12  16  17  1  21  8  18  7  19  22  13  11  6  3  20  5  23  15
   2  19  20  17  3  22  11  21  14  12  18  23  8  7  10  1  5  16  6  13  15  9  4
   2  21  14  4  10  12  16  5  13  9  8  18  19  7  22  1  23  6  15  20  17  11  3
   3  19  1  4  15  6  7  17  14  23  11  18  16  9  5  13  8  12  2  20  22  21  10
   5  3  2  20  1  12  9  19  7  15  21  6  22  17  10  23  14  18  8  4  11  13  16
   8  5  19  20  16  18  22  7  2  1  14  6  21  15  23  11  9  12  17  4  10  3  13
