   1  3  7  15  31  2  5  11  23  47  34  8  17  35  10  21  43  26  53  46  32  4  9  19  39  18  37  14  29  59  58  56  52  44  28  57  54  48  36  12  25  51  42  24  49  38  16  33  6  13  27  55  50  40  20  41  22  45  30
   1  29  12  20  41  47  27  36  48  50  46  44  30  40  17  43  5  19  14  52  34  23  42  39  4  24  56  25  15  49  28  51  35  16  9  57  13  7  31  2  37  55  54  45  32  8  11  38  53  10  21  22  26  59  6  58  3  33  18
   1  56  14  36  6  5  45  53  12  50  23  9  26  3  52  21  34  37  46  22  16  20  11  58  39  13  48  38  54  59  55  40  51  17  44  4  18  28  25  32  57  49  47  35  7  19  43  27  42  10  33  15  8  29  31  2  41  24  30
   1  59  36  45  52  11  23  25  24  10  4  32  38  28  41  34  49  7  54  26  22  17  42  27  53  44  8  48  29  37  58  46  35  40  18  21  5  9  43  16  13  55  6  20  56  12  51  14  15  50  33  3  30  47  57  19  39  31  2
   2  1  9  49  27  17  30  33  3  50  45  14  21  12  56  20  6  25  43  16  13  39  35  51  18  40  5  46  58  7  59  48  8  44  23  57  42  47  22  26  54  37  19  34  11  28  38  32  4  10  24  55  53  41  52  15  36  29  31
   2  1  25  15  42  49  55  35  17  50  47  28  54  32  4  26  9  53  45  34  27  43  30  33  3  16  21  12  58  23  59  14  24  20  8  39  37  51  36  44  56  5  22  40  19  48  11  46  6  10  38  57  18  13  7  41  52  29  31
   2  56  7  27  28  43  22  20  51  10  18  9  15  11  29  12  37  23  47  14  35  48  38  8  17  21  57  45  1  13  54  31  36  53  42  26  49  52  32  4  30  59  6  34  44  19  16  3  5  50  24  46  41  55  33  25  58  40  39
   2  56  37  57  28  13  22  20  21  10  18  39  45  41  59  12  7  53  17  14  5  48  38  8  47  51  27  15  31  43  54  1  36  23  42  26  19  52  32  4  30  29  6  34  44  49  16  33  35  50  24  46  11  25  3  55  58  40  9
   2  57  8  45  32  58  6  49  24  13  35  52  18  25  11  39  44  34  54  14  33  56  10  41  40  42  38  46  30  1  59  4  53  16  29  3  55  12  37  48  26  9  43  36  50  22  17  27  7  47  28  5  51  20  21  19  23  15  31
   3  20  26  5  21  35  37  2  48  10  25  51  32  23  28  38  42  43  30  8  4  44  53  22  54  1  12  47  18  41  17  45  9  57  49  16  46  36  55  58  19  31  29  24  13  7  15  33  6  50  27  40  14  11  56  39  59  52  34
   3  40  46  25  21  55  17  22  48  50  5  51  52  43  8  58  42  23  30  28  44  4  13  2  54  41  12  7  18  1  37  45  9  57  29  56  26  36  35  38  59  11  49  24  53  47  15  33  6  10  27  20  34  31  16  39  19  32  14
   4  17  35  20  57  11  49  48  43  50  1  32  42  40  56  19  23  7  29  16  33  59  38  27  18  12  39  25  54  37  13  3  36  28  53  21  51  31  24  26  58  55  30  45  41  44  5  14  2  10  22  46  6  47  52  34  8  9  15
   4  47  5  20  27  41  19  48  13  50  31  32  42  40  56  49  53  37  59  16  3  29  38  57  18  12  9  55  54  7  43  33  36  28  23  51  21  1  24  26  58  25  30  15  11  44  35  14  2  10  22  46  6  17  52  34  8  39  45
   5  4  9  24  16  55  42  7  35  10  3  51  13  57  53  39  17  23  18  38  27  40  52  2  29  47  19  22  30  1  59  20  46  43  54  56  15  32  48  28  37  11  34  25  8  41  26  33  14  50  44  45  49  31  21  58  12  36  6
   5  16  21  36  4  55  18  43  35  10  27  39  37  33  17  51  53  47  42  2  3  40  28  38  41  23  31  58  30  49  11  20  34  7  6  44  15  8  12  52  13  59  46  25  32  29  14  57  26  50  56  45  1  19  9  22  48  24  54
   5  28  33  48  52  55  54  19  35  10  51  27  1  9  41  3  29  11  6  26  39  40  4  14  53  59  43  34  30  37  23  20  22  31  18  32  15  44  36  16  49  47  58  25  56  17  2  21  38  50  8  45  13  7  57  46  24  12  42
   5  35  32  14  28  51  6  41  7  47  43  19  58  48  49  55  30  2  17  46  37  44  25  33  20  3  23  21  9  59  54  24  27  45  31  8  53  18  52  12  16  40  1  11  10  4  29  57  42  13  22  15  34  26  39  56  36  38  50
   5  52  57  12  28  55  6  31  35  10  39  3  49  21  29  27  41  59  54  14  51  40  16  26  17  11  7  46  30  13  47  20  58  19  42  8  15  56  24  4  1  23  22  25  44  53  38  9  2  50  32  45  37  43  33  34  36  48  18
   6  4  24  3  18  47  41  40  28  50  30  21  54  19  16  48  44  7  25  46  36  12  49  52  57  9  2  45  51  17  58  59  23  37  32  34  38  8  39  56  42  31  15  26  1  11  53  27  43  10  55  14  22  35  13  5  33  20  29
   6  21  51  26  42  43  22  14  57  50  1  46  7  16  4  45  18  35  29  34  47  59  41  9  33  32  55  27  56  53  15  5  52  48  8  3  54  31  38  44  58  23  25  11  49  20  30  28  2  10  36  12  39  19  37  40  24  13  17
   6  21  51  46  42  23  2  34  57  10  41  26  47  56  44  45  18  55  49  14  7  19  1  9  33  52  35  27  16  13  15  25  32  48  28  3  54  11  58  4  38  43  5  31  29  40  30  8  22  50  36  12  39  59  17  20  24  53  37
   6  25  33  46  29  9  7  19  8  13  44  41  59  12  50  5  31  58  18  14  38  16  26  27  21  57  24  39  10  1  55  36  28  15  32  52  54  42  53  48  17  20  2  49  11  56  30  3  43  47  23  45  35  34  40  4  37  22  51
   6  36  12  38  21  11  29  45  4  10  34  33  46  1  28  5  14  31  17  8  48  52  15  16  54  23  26  40  19  41  30  2  59  7  49  22  32  20  27  58  18  43  37  39  13  57  53  51  3  50  55  47  42  35  56  24  9  44  25
   6  36  12  58  51  1  19  15  44  50  14  3  26  11  8  55  34  41  7  28  48  32  45  56  54  13  46  20  29  31  30  22  49  17  59  2  52  40  57  38  18  53  47  9  23  27  43  21  33  10  5  37  42  25  16  24  39  4  35
   6  44  24  3  18  7  1  20  8  10  30  21  54  59  56  48  4  47  5  26  36  12  29  32  57  9  22  45  51  37  38  19  43  17  52  14  58  28  39  16  42  11  15  46  41  31  13  27  23  50  35  34  2  55  53  25  33  40  49
   6  44  24  33  18  37  31  20  8  10  30  51  54  29  56  48  4  17  35  26  36  12  59  32  27  39  22  15  21  7  38  49  13  47  52  14  58  28  9  16  42  41  45  46  11  1  43  57  53  50  5  34  2  25  23  55  3  40  19
   6  48  37  21  31  40  42  56  32  47  30  33  54  18  10  15  50  51  58  46  23  45  16  57  39  35  7  55  25  59  53  11  22  38  28  19  17  3  27  12  29  26  5  41  49  44  9  8  1  13  36  14  43  2  20  24  52  4  34
   6  51  21  26  42  13  22  14  27  50  31  46  37  16  4  15  18  5  59  34  17  29  11  39  3  32  25  57  56  23  45  35  52  48  8  33  54  1  38  44  58  53  55  41  19  20  30  28  2  10  36  12  9  49  7  40  24  43  47
   6  51  21  46  42  53  2  34  27  10  11  26  17  56  44  15  18  25  19  14  37  49  31  39  3  52  5  57  16  43  45  55  32  48  28  33  54  41  58  4  38  13  35  1  59  40  30  8  22  50  36  12  9  29  47  20  24  23  7
   7  12  38  39  32  20  43  4  33  13  31  27  55  42  11  45  51  9  59  14  24  15  17  3  40  25  8  5  26  1  54  49  23  22  29  41  18  57  28  48  30  34  6  19  50  16  10  52  2  47  37  46  44  58  21  36  53  56  35
   7  32  38  12  42  35  15  11  24  50  41  3  2  21  4  27  58  19  22  34  52  20  17  46  33  31  36  26  18  53  25  40  57  59  8  28  6  16  55  44  39  43  29  5  49  13  1  9  54  10  51  45  56  23  37  14  47  48  30
   7  42  14  34  49  43  21  24  41  45  56  40  50  16  28  29  31  2  48  25  52  39  3  8  47  6  57  5  23  53  35  27  36  17  38  33  9  22  55  18  32  1  59  58  46  20  10  26  15  11  54  51  13  19  4  44  12  37  30
   7  53  12  15  4  17  41  55  48  10  28  44  26  16  47  58  43  49  18  2  34  59  54  9  11  8  56  36  23  19  46  22  5  40  6  27  35  3  1  52  31  25  42  20  32  24  57  38  45  50  51  21  30  29  39  13  33  37  14
   8  19  25  40  39  37  23  36  41  10  47  4  54  20  52  53  1  29  43  32  51  13  46  9  6  24  33  35  18  59  11  21  12  56  31  27  57  17  48  22  26  5  30  15  7  28  55  58  34  50  14  2  42  49  44  38  16  3  45
   8  49  55  40  9  7  53  36  11  10  17  4  54  20  52  23  31  59  13  32  21  43  46  39  6  24  3  5  18  29  41  51  12  56  1  57  27  47  48  22  26  35  30  45  37  28  25  58  34  50  14  2  42  19  44  38  16  33  15
   9  20  38  35  3  5  31  26  24  10  55  33  56  29  4  14  6  49  30  44  52  32  59  46  42  43  36  41  54  23  11  15  27  51  7  28  58  48  25  34  37  13  47  12  19  1  45  39  18  50  21  40  2  53  8  57  17  16  22
   11  16  34  36  6  55  15  43  12  10  13  39  46  33  32  51  14  47  26  2  56  40  1  38  9  23  48  58  54  49  5  20  21  7  4  44  18  8  35  52  27  59  37  25  17  29  53  57  42  50  3  45  28  19  41  22  31  24  30
   11  19  12  40  31  37  57  36  48  10  26  4  30  20  7  53  55  29  34  32  14  13  42  9  44  24  16  35  45  59  8  21  25  56  39  27  23  17  41  22  47  5  54  15  52  28  1  58  43  50  51  2  46  49  6  38  33  3  18
   13  40  21  25  41  55  14  58  35  50  11  39  1  7  17  22  15  47  54  52  3  16  46  38  4  29  31  43  26  49  27  45  34  33  9  44  53  24  12  2  5  59  28  36  32  23  18  57  30  10  56  20  37  19  6  51  48  8  42
   15  9  28  14  32  7  6  26  2  50  22  34  25  4  1  45  30  35  38  46  24  11  51  21  13  8  36  3  53  17  54  5  39  12  18  27  58  19  33  56  49  47  43  59  16  20  42  52  41  10  23  48  29  31  57  40  55  37  44
   16  44  32  11  20  51  29  21  7  13  54  19  34  45  49  56  53  2  50  12  37  35  1  33  28  4  23  41  42  59  43  15  27  48  39  8  30  38  52  46  5  40  25  14  10  3  6  57  9  47  22  24  58  26  31  55  36  18  17
   17  20  9  5  49  35  46  2  55  10  19  51  29  23  13  38  15  43  6  8  27  44  14  22  56  1  59  47  34  41  3  45  26  57  21  16  37  36  48  58  25  31  32  24  28  7  42  33  30  50  4  40  53  11  54  39  12  52  18
   17  43  12  45  44  7  31  5  48  50  8  4  46  56  37  38  53  59  18  22  14  49  54  39  1  28  16  36  13  29  26  2  55  20  6  57  25  33  11  32  41  35  42  40  52  24  27  58  15  10  21  51  30  19  9  23  3  47  34
   17  43  44  7  29  11  6  39  46  50  42  2  37  36  53  20  14  55  52  28  12  57  59  33  16  40  48  58  13  1  26  24  27  32  21  51  30  41  9  38  15  31  3  22  8  4  18  56  49  10  19  25  5  23  54  45  35  47  34
