   1  45  3  79  7  55  32  42  9  70  25  77  37  38  21  19  69  5  65  10  16  72  54  46  74  73  27  53  64  50  39  33  75  24  78  71  13  8  31  40  44  34  52  43  63  22  6  57  76  20  47  49  36  15  29  14  35  66  23  30  18  51  48  11  26  56  68  41  2  60  12  58  61  17  62  67  4  59  28
   1  56  3  69  43  8  19  6  9  30  63  47  42  31  49  77  44  24  7  50  57  35  28  18  66  26  27  23  33  10  14  79  29  65  22  61  58  75  46  40  55  13  5  17  67  39  12  71  15  20  52  51  64  72  41  2  21  37  68  70  36  62  11  53  34  25  45  59  4  60  48  54  76  74  38  73  16  78  32
   2  66  6  31  74  38  43  58  18  20  71  13  29  15  62  51  36  34  79  10  49  19  68  14  23  24  54  37  41  60  63  17  53  33  61  39  21  11  7  40  64  45  32  27  26  55  52  73  16  70  28  1  75  22  78  46  77  5  12  30  76  8  67  59  47  57  48  9  44  50  25  42  4  56  69  3  35  72  65
   2  66  6  71  74  38  3  58  18  20  31  53  69  55  62  11  36  34  39  10  9  59  68  14  63  24  54  77  1  60  23  57  13  73  21  79  61  51  47  40  64  5  32  67  26  15  52  33  16  70  28  41  35  22  78  46  37  45  12  30  76  8  27  19  7  17  48  49  44  50  65  42  4  56  29  43  75  72  25
   3  8  9  47  49  24  57  18  27  10  29  61  46  13  67  71  52  72  21  70  11  25  4  54  38  78  1  69  19  30  42  77  7  35  66  23  14  65  58  40  5  39  15  51  41  37  36  53  45  60  76  73  32  56  43  6  63  31  44  50  28  26  33  79  22  75  55  17  12  20  64  2  68  62  34  59  48  74  16
   3  47  9  71  54  61  15  34  27  60  32  53  31  8  2  63  62  23  48  70  45  58  17  22  33  35  1  77  5  20  37  21  16  46  11  79  39  42  13  40  44  24  52  43  6  72  73  29  76  10  26  49  4  69  18  38  64  56  74  50  59  65  55  7  57  14  68  41  51  30  28  66  78  75  19  67  36  25  12
   3  55  9  77  21  5  16  46  27  50  75  71  31  34  63  57  47  15  35  30  48  56  2  58  62  59  1  79  32  70  37  19  65  72  74  53  39  24  13  40  52  22  76  49  29  66  18  11  68  60  61  67  28  45  7  42  25  38  69  10  54  73  64  33  78  8  44  43  6  20  36  14  23  51  26  41  12  17  4
   4  15  12  69  53  45  66  62  36  50  37  47  76  18  79  49  65  55  13  30  38  72  48  26  46  3  28  23  22  70  52  43  31  24  42  61  44  8  68  40  11  54  33  73  77  2  32  67  19  60  35  59  7  5  71  74  39  6  75  10  16  1  34  41  14  56  57  51  64  20  29  78  25  27  58  17  63  9  21
   4  37  12  61  66  31  3  54  36  20  46  23  44  8  38  53  64  13  14  50  9  78  45  2  67  65  28  47  1  60  68  71  58  26  49  69  76  62  52  40  33  24  19  73  34  72  5  79  57  30  32  59  21  39  22  18  42  56  48  70  15  75  27  77  43  74  11  51  55  10  7  6  16  25  41  17  29  35  63
   4  55  12  29  13  5  66  62  36  50  77  7  76  18  39  9  25  15  53  30  38  72  48  26  46  43  28  63  22  70  52  3  71  24  42  21  44  8  68  40  51  54  73  33  37  2  32  27  59  60  75  19  47  45  31  74  79  6  35  10  16  41  34  1  14  56  17  11  64  20  69  78  65  67  58  57  23  49  61
   4  57  12  1  26  11  63  14  36  20  6  3  44  8  78  73  64  33  54  10  29  38  65  42  47  5  28  27  21  60  68  51  18  66  69  9  76  22  52  40  53  24  79  13  74  72  25  59  77  70  32  39  41  19  62  58  2  56  48  30  75  55  7  17  23  34  71  31  35  50  67  46  16  45  61  37  49  15  43
   4  75  12  9  73  65  26  22  36  10  57  27  76  58  59  69  5  35  33  70  78  72  48  66  6  63  28  3  62  30  52  23  11  24  2  1  44  8  68  40  71  14  53  13  17  42  32  47  79  60  15  39  67  25  51  34  19  46  55  50  16  21  74  61  54  56  77  31  64  20  49  38  45  7  18  37  43  29  41
   4  77  12  21  66  71  43  54  36  20  46  63  44  8  38  13  64  53  14  50  49  78  5  2  27  25  28  7  41  60  68  31  58  26  9  29  76  62  52  40  73  24  59  33  34  72  45  39  17  30  32  19  61  79  22  18  42  56  48  70  55  35  67  37  3  74  51  11  15  10  47  6  16  65  1  57  69  75  23
   5  8  15  47  41  24  36  18  45  10  76  61  32  13  43  71  63  72  44  70  28  25  33  54  22  78  55  69  12  30  64  77  68  35  34  23  48  65  16  40  3  39  9  51  49  37  57  53  27  60  29  73  46  56  67  6  52  31  21  50  11  26  4  79  38  75  1  17  19  20  42  2  7  62  66  59  14  74  58
   5  24  15  31  73  72  68  34  45  10  28  13  16  29  59  23  79  56  12  70  44  25  49  22  6  14  55  37  76  30  32  61  4  35  2  39  64  65  48  40  19  7  57  3  17  21  41  69  11  60  77  9  78  8  51  38  36  63  53  50  43  58  52  47  54  75  33  1  67  20  26  66  71  46  18  27  62  42  74
   5  72  15  63  9  56  4  2  45  10  44  29  48  77  27  39  47  8  76  70  12  25  17  6  38  62  55  21  28  30  16  13  52  35  66  7  32  65  64  40  67  71  41  19  1  53  73  37  43  60  61  57  14  24  3  54  68  79  69  50  59  74  36  31  22  75  49  33  51  20  58  18  23  78  34  11  46  26  42
   6  38  18  13  62  34  49  14  54  60  53  39  7  45  26  73  28  22  77  30  67  57  44  42  69  72  2  31  43  20  29  51  79  19  23  37  63  33  21  40  32  55  16  1  78  5  76  59  48  50  4  3  65  66  74  58  71  15  36  10  68  24  41  17  61  11  64  27  52  70  75  46  12  8  47  9  25  56  35
   7  3  21  59  46  9  35  26  63  60  48  17  19  72  58  67  38  27  32  30  25  2  13  78  77  55  29  73  65  20  33  49  64  54  79  51  11  18  57  40  76  56  68  47  14  8  37  41  44  50  34  61  36  1  42  62  16  24  66  10  31  45  75  43  53  6  52  69  39  70  12  74  22  15  71  23  4  5  28
   7  72  21  3  61  56  53  42  63  50  41  9  54  57  23  59  68  8  49  30  79  5  36  46  62  22  29  1  71  70  18  73  43  55  74  27  6  45  2  40  65  11  35  39  69  33  4  17  25  60  44  37  48  24  47  14  67  19  76  10  12  34  77  51  78  15  75  13  28  20  16  58  52  38  26  31  32  66  64
   7  75  21  73  49  65  64  54  63  10  15  59  19  26  67  53  3  35  55  70  32  24  58  2  38  31  29  51  48  30  33  71  45  8  66  17  11  56  57  40  68  78  44  61  41  74  42  79  52  60  9  23  12  25  43  18  5  62  1  50  46  37  16  77  22  72  76  47  14  20  4  6  27  39  34  69  28  13  36
   9  5  27  71  63  15  48  58  1  70  65  53  13  22  29  11  61  45  25  10  64  8  6  14  26  17  3  77  16  50  31  57  35  56  62  79  37  72  39  40  76  66  68  67  7  38  54  33  44  20  23  41  4  55  21  46  75  34  47  30  2  59  32  19  74  24  52  49  18  60  28  42  69  73  78  43  36  51  12
   9  24  27  61  67  72  11  54  1  30  7  23  58  39  41  53  76  56  63  50  33  75  12  2  34  74  3  47  57  10  46  71  21  25  38  69  42  35  14  40  15  37  45  73  43  31  28  79  55  20  68  59  16  8  49  18  29  13  52  70  4  78  19  77  66  65  5  51  36  60  32  6  44  26  22  17  64  62  48
   11  15  33  69  77  45  32  62  19  50  35  47  7  18  71  49  39  55  75  30  16  72  34  26  14  3  57  23  64  70  29  43  25  24  58  61  63  8  21  40  4  54  12  73  53  2  66  67  36  60  37  59  76  5  79  74  65  6  13  10  38  1  48  41  46  56  28  51  22  20  52  78  31  27  42  17  44  9  68
   11  39  33  47  38  37  55  18  19  60  64  61  7  56  34  71  14  31  16  70  5  26  9  54  41  75  57  69  45  20  29  77  32  62  67  23  63  74  21  40  28  8  4  51  22  24  1  53  12  10  42  73  68  13  66  6  48  72  58  50  3  25  15  79  49  78  36  17  27  30  76  2  46  35  43  59  52  65  44
   11  56  33  39  73  8  49  66  19  10  53  37  62  21  59  47  4  24  77  70  67  65  68  38  6  46  57  13  43  30  74  69  79  75  2  31  78  25  26  40  45  63  55  27  17  29  52  61  5  60  12  1  64  72  51  22  71  7  28  50  76  42  41  23  54  35  15  9  44  20  48  34  36  14  18  3  16  58  32
   12  5  36  7  39  15  38  26  28  70  71  21  68  54  37  27  75  45  79  10  34  56  64  78  58  49  4  29  66  50  76  9  53  72  46  63  52  24  44  40  73  2  59  19  31  6  16  1  17  20  65  57  61  55  13  62  77  18  25  30  48  43  22  3  42  8  51  33  32  60  47  74  35  41  14  11  69  67  23
   12  11  36  3  78  33  29  42  28  60  18  9  52  24  74  59  32  19  2  30  7  34  35  46  61  15  4  1  63  20  44  73  54  38  47  27  68  66  76  40  79  72  77  39  62  56  75  17  71  50  16  37  43  57  26  14  6  8  64  10  65  5  21  51  69  22  53  13  25  70  41  58  48  55  23  31  67  45  49
   12  31  36  23  38  13  9  2  28  60  58  69  52  24  34  79  32  39  42  70  27  74  55  6  41  35  4  61  3  20  44  53  14  78  67  47  68  26  76  40  19  72  57  59  22  56  15  77  11  10  16  17  63  37  66  54  46  8  64  50  45  65  1  71  49  62  33  73  5  30  21  18  48  75  43  51  7  25  29
   12  65  36  27  59  35  78  66  28  30  11  1  68  14  17  47  15  25  19  50  74  56  64  38  18  29  4  9  26  10  76  69  33  72  6  3  52  24  44  40  53  42  79  39  51  46  16  61  77  20  45  37  41  75  73  22  57  58  5  70  48  63  62  23  2  8  71  13  32  60  67  34  55  21  54  31  49  7  43
   13  17  39  41  74  51  65  14  37  20  32  43  1  8  62  33  2  73  48  10  35  38  47  42  63  45  31  67  75  60  27  11  16  66  21  49  9  22  3  40  4  24  12  53  26  72  23  19  36  70  6  79  44  59  78  58  64  56  54  30  69  15  25  57  7  34  28  71  61  50  68  46  18  5  29  77  76  55  52
   13  25  39  67  11  75  16  66  37  30  5  41  1  14  33  7  17  65  45  50  48  56  62  38  2  69  31  49  32  10  27  29  15  72  54  43  9  24  3  40  12  42  36  79  19  46  78  21  28  20  51  77  68  35  57  22  55  58  59  70  74  23  64  63  18  8  4  53  26  60  76  34  73  61  6  71  52  47  44
   14  62  42  17  38  26  21  6  46  60  57  51  3  65  34  77  12  78  33  70  63  13  76  18  41  8  58  59  7  20  1  79  11  31  67  73  27  37  9  40  48  35  64  69  22  25  44  71  32  10  36  47  5  74  66  2  19  75  4  50  52  56  29  53  49  39  16  23  68  30  55  54  28  72  43  61  45  24  15
   14  62  42  57  38  26  61  6  46  60  17  11  43  25  34  37  12  78  73  70  23  53  76  18  1  8  58  19  47  20  41  39  51  71  27  33  67  77  49  40  48  75  64  29  22  65  44  31  32  10  36  7  45  74  66  2  59  35  4  50  52  56  69  13  9  79  16  63  68  30  15  54  28  72  3  21  5  24  55
   15  56  45  29  27  8  12  6  55  30  52  7  64  71  1  37  61  24  68  50  36  75  51  18  34  26  5  63  4  10  48  39  76  25  38  21  16  35  32  40  41  53  43  57  3  79  59  31  49  20  23  11  42  72  9  2  44  77  47  70  17  62  28  13  66  65  67  19  73  60  14  54  69  74  22  33  58  78  46
   16  74  48  19  34  62  68  2  64  20  12  57  15  35  22  39  73  26  28  50  44  71  23  6  3  56  32  33  76  60  5  13  36  77  1  11  55  79  45  40  58  25  14  63  66  75  47  37  42  30  59  29  41  78  38  54  4  65  51  70  61  72  52  31  27  53  46  21  69  10  67  18  17  24  9  7  49  8  43
   25  24  75  11  13  72  68  74  65  50  28  33  16  49  39  3  59  56  12  30  44  45  69  62  46  54  35  57  76  70  32  1  4  15  42  19  64  5  48  40  79  67  77  63  37  41  61  9  71  60  17  29  38  8  31  78  36  43  73  10  23  18  52  27  14  55  53  21  47  20  66  26  51  6  58  7  22  2  34
