   1  3  16  5  15  18  24  7  31  17  12  20  8  26  30  9  2  33  34  19  39  14  13  22  29  10  6  28  40  32  37  11  27  4  38  35  25  36  23  21
   1  3  36  5  15  38  4  7  31  17  32  40  28  6  10  9  22  33  14  19  39  34  13  2  29  30  26  8  20  12  37  11  27  24  18  35  25  16  23  21
   1  6  36  11  25  27  39  29  10  19  32  28  4  24  21  3  18  26  33  34  40  35  5  30  16  14  2  12  31  22  9  13  37  17  20  38  23  15  8  7
   1  7  6  13  3  12  30  19  11  9  34  18  22  36  8  25  4  17  20  15  35  40  37  24  5  28  16  2  38  14  29  31  39  10  32  23  33  26  27  21
   1  7  8  15  23  38  20  17  37  13  9  22  31  12  2  14  16  30  5  35  40  34  33  26  18  3  21  24  4  28  32  19  10  29  39  27  25  11  36  6
   1  7  26  13  3  32  10  19  11  9  14  38  2  16  28  25  24  17  40  15  35  20  37  4  5  8  36  22  18  34  29  31  39  30  12  23  33  6  27  21
   1  11  39  19  4  3  33  35  16  12  9  17  23  7  36  27  10  28  21  26  40  30  2  22  37  38  8  6  25  29  32  24  18  34  5  14  31  13  20  15
   1  12  21  6  31  3  36  22  18  11  9  26  25  13  33  27  37  34  39  17  40  29  20  35  10  38  5  19  23  30  32  15  16  28  8  14  4  7  2  24
   1  15  6  29  19  20  22  3  11  33  18  34  30  36  24  17  28  25  12  7  27  32  5  8  37  4  16  10  14  38  13  31  23  2  40  39  9  26  35  21
   1  15  20  13  31  14  5  34  18  24  32  29  25  6  8  38  37  22  2  30  40  26  21  28  10  27  36  7  23  17  9  12  16  35  33  3  4  19  39  11
   1  19  16  37  7  34  8  15  31  25  20  12  24  26  22  33  10  9  18  3  23  38  29  30  13  2  6  4  32  40  5  11  35  28  14  27  17  36  39  21
   1  19  33  12  23  27  21  30  37  6  32  34  31  15  39  3  16  17  36  28  40  22  8  29  18  14  20  11  4  35  9  7  10  26  2  38  25  24  5  13
   1  22  33  29  23  14  21  11  37  35  32  7  31  26  39  38  16  24  36  13  40  19  8  12  18  27  20  30  4  6  9  34  10  15  2  3  25  17  5  28
   1  23  26  5  35  8  34  27  11  17  22  30  18  16  20  9  32  33  24  39  19  4  13  12  29  40  36  38  10  2  37  31  7  14  28  15  25  6  3  21
   1  27  36  13  23  22  20  39  31  9  24  8  12  6  18  25  14  17  30  35  15  10  37  34  5  38  26  32  28  4  29  11  19  40  2  3  33  16  7  21
   1  29  21  35  31  38  36  19  18  30  9  15  25  28  33  14  37  7  39  24  40  12  20  6  10  3  5  22  23  11  32  26  16  13  8  27  4  34  2  17
   1  34  3  18  30  37  24  29  20  22  15  36  40  16  11  14  27  4  26  9  39  10  28  7  31  19  17  23  8  5  25  33  32  2  38  12  6  35  21  13
   2  3  25  17  5  28  1  22  33  29  23  14  21  11  37  35  32  7  31  26  39  38  16  24  36  13  40  19  8  12  18  27  20  30  4  6  9  34  10  15
   2  4  17  6  16  19  25  8  32  18  13  21  9  27  31  10  3  34  35  20  40  15  14  23  30  11  7  29  1  33  38  12  28  5  39  36  26  37  24  22
   2  4  37  6  16  39  5  8  32  18  33  1  29  7  11  10  23  34  15  20  40  35  14  3  30  31  27  9  21  13  38  12  28  25  19  36  26  17  24  22
   2  7  4  14  8  28  16  15  32  30  23  19  5  38  10  35  20  29  40  17  39  34  37  27  33  13  25  26  9  11  18  22  36  3  31  6  21  12  1  24
   2  8  7  14  4  13  31  20  12  10  35  19  23  37  9  26  5  18  21  16  36  1  38  25  6  29  17  3  39  15  30  32  40  11  33  24  34  27  28  22
   2  8  27  14  4  33  11  20  12  10  15  39  3  17  29  26  25  18  1  16  36  21  38  5  6  9  37  23  19  35  30  32  40  31  13  24  34  7  28  22
   2  11  40  15  21  13  10  14  36  34  23  24  9  29  16  6  33  38  4  22  39  30  1  26  20  28  31  27  5  7  18  17  32  12  25  35  8  3  37  19
   2  12  31  22  9  13  37  17  20  38  23  15  8  7  1  6  36  11  25  27  39  29  10  19  32  28  4  24  21  3  18  26  33  34  40  35  5  30  16  14
   2  14  16  30  5  35  40  34  33  26  18  3  21  24  4  28  32  19  10  29  39  27  25  11  36  6  1  7  8  15  23  38  20  17  37  13  9  22  31  12
   2  15  10  34  9  6  4  30  20  27  18  12  8  19  40  13  36  24  16  38  39  26  31  7  32  35  37  11  21  14  23  29  33  22  1  28  5  17  25  3
   2  16  7  30  20  21  23  4  12  34  19  35  31  37  25  18  29  26  13  8  28  33  6  9  38  5  17  11  15  39  14  32  24  3  1  40  10  27  36  22
   2  16  27  30  20  1  3  4  12  34  39  15  11  17  5  18  9  26  33  8  28  13  6  29  38  25  37  31  35  19  14  32  24  23  21  40  10  7  36  22
   2  17  1  29  21  35  31  38  36  19  18  30  9  15  25  28  33  14  37  7  39  24  40  12  20  6  10  3  5  22  23  11  32  26  16  13  8  27  4  34
   2  19  37  3  8  35  25  12  32  17  18  7  5  27  31  28  20  26  1  30  39  22  4  38  33  6  16  29  9  24  23  34  36  14  10  13  21  15  40  11
   2  20  37  38  8  15  29  16  32  26  1  33  5  7  3  34  31  10  39  4  24  19  30  11  14  23  27  25  13  21  6  12  36  9  35  28  18  17  40  22
   2  24  1  12  21  6  31  3  36  22  18  11  9  26  25  13  33  27  37  34  39  17  40  29  20  35  10  38  5  19  23  30  32  15  16  28  8  14  4  7
   2  24  7  6  36  29  15  28  12  18  3  11  39  37  1  10  13  34  5  40  20  25  14  33  30  21  17  19  31  23  38  32  8  35  9  16  26  27  4  22
   2  24  27  6  36  9  35  28  12  18  23  31  19  17  21  10  33  34  25  40  20  5  14  13  30  1  37  39  11  3  38  32  8  15  29  16  26  7  4  22
   2  26  10  7  9  35  4  11  20  14  18  29  8  22  40  28  36  17  16  3  39  15  31  34  32  6  37  30  21  27  23  12  33  19  1  13  5  24  25  38
   2  27  16  11  5  6  40  7  33  15  18  38  21  17  4  13  32  22  10  12  39  14  25  30  36  35  1  34  8  26  23  3  20  24  37  28  9  19  31  29
   2  28  17  14  24  3  1  40  32  10  5  29  33  27  39  26  35  18  11  36  16  31  38  15  6  19  7  13  9  25  30  12  20  21  23  4  34  37  8  22
   2  28  37  14  24  23  21  40  32  10  25  9  13  7  19  26  15  18  31  36  16  11  38  35  6  39  27  33  29  5  30  12  20  1  3  4  34  17  8  22
   2  29  31  19  9  28  37  24  20  3  23  26  8  34  1  35  36  30  25  14  39  12  10  22  32  13  4  17  21  38  18  15  33  7  40  6  5  11  16  27
   2  30  40  26  21  28  10  27  36  7  23  17  9  12  16  35  33  3  4  19  39  11  1  15  20  13  31  14  5  34  18  24  32  29  25  6  8  38  37  22
   2  34  4  27  8  13  16  26  32  11  23  22  5  3  10  6  20  12  40  24  39  7  37  14  33  28  25  15  9  30  18  19  36  38  31  35  21  29  1  17
   2  36  17  30  40  11  33  24  32  34  29  5  1  27  15  18  19  26  3  28  8  23  6  39  38  35  7  21  25  9  14  12  4  13  31  20  10  37  16  22
   2  36  27  30  7  37  6  12  40  13  18  28  29  26  20  16  15  24  31  10  8  33  35  9  23  5  32  19  3  25  38  14  22  17  34  4  39  1  21  11
   2  36  37  30  40  31  13  24  32  34  9  25  21  7  35  18  39  26  23  28  8  3  6  19  38  15  27  1  5  29  14  12  4  33  11  20  10  17  16  22
   2  38  25  24  5  13  1  19  33  12  23  27  21  30  37  6  32  34  31  15  39  3  16  17  36  28  40  22  8  29  18  14  20  11  4  35  9  7  10  26
   3  2  15  10  34  9  6  4  30  20  27  18  12  8  19  40  13  36  24  16  38  39  26  31  7  32  35  37  11  21  14  23  29  33  22  1  28  5  17  25
   3  4  19  39  11  1  15  20  13  31  14  5  34  18  24  32  29  25  6  8  38  37  22  2  30  40  26  21  28  10  27  36  7  23  17  9  12  16  35  33
   3  5  18  7  17  20  26  9  33  19  14  22  10  28  32  11  4  35  36  21  1  16  15  24  31  12  8  30  2  34  39  13  29  6  40  37  27  38  25  23
   3  5  22  23  11  32  26  16  13  8  27  4  34  2  17  1  29  21  35  31  38  36  19  18  30  9  15  25  28  33  14  37  7  39  24  40  12  20  6  10
   3  5  38  7  17  40  6  9  33  19  34  2  30  8  12  11  24  35  16  21  1  36  15  4  31  32  28  10  22  14  39  13  29  26  20  37  27  18  25  23
   3  8  35  25  12  32  17  18  7  5  27  31  28  20  26  1  30  39  22  4  38  33  6  16  29  9  24  23  34  36  14  10  13  21  15  40  11  2  19  37
   3  9  8  15  5  14  32  21  13  11  36  20  24  38  10  27  6  19  22  17  37  2  39  26  7  30  18  4  40  16  31  33  1  12  34  25  35  28  29  23
   3  9  28  15  5  34  12  21  13  11  16  40  4  18  30  27  26  19  2  17  37  22  39  6  7  10  38  24  20  36  31  33  1  32  14  25  35  8  29  23
   3  10  6  20  12  40  24  39  7  37  14  33  28  25  15  9  30  18  19  36  38  31  35  21  29  1  17  2  34  4  27  8  13  16  26  32  11  23  22  5
   3  17  8  31  21  22  24  5  13  35  20  36  32  38  26  19  30  27  14  9  29  34  7  10  39  6  18  12  16  40  15  33  25  4  2  1  11  28  37  23
   3  17  28  31  21  2  4  5  13  35  40  16  12  18  6  19  10  27  34  9  29  14  7  30  39  26  38  32  36  20  15  33  25  24  22  1  11  8  37  23
   3  18  26  33  34  40  35  5  30  16  14  2  12  31  22  9  13  37  17  20  38  23  15  8  7  1  6  36  11  25  27  39  29  10  19  32  28  4  24  21
   3  20  24  37  28  9  19  31  29  2  27  16  11  5  6  40  7  33  15  18  38  21  17  4  13  32  22  10  12  39  14  25  30  36  35  1  34  8  26  23
   3  21  24  4  28  32  19  10  29  39  27  25  11  36  6  1  7  8  15  23  38  20  17  37  13  9  22  31  12  2  14  16  30  5  35  40  34  33  26  18
   3  23  26  8  34  1  35  36  30  25  14  39  12  10  22  32  13  4  17  21  38  18  15  33  7  40  6  5  11  16  27  2  29  31  19  9  28  37  24  20
   3  25  8  7  37  30  16  29  13  19  4  12  40  38  2  11  14  35  6  1  21  26  15  34  31  22  18  20  32  24  39  33  9  36  10  17  27  28  5  23
   3  25  28  7  37  10  36  29  13  19  24  32  20  18  22  11  34  35  26  1  21  6  15  14  31  2  38  40  12  4  39  33  9  16  30  17  27  8  5  23
   3  29  18  15  25  4  2  1  33  11  6  30  34  28  40  27  36  19  12  37  17  32  39  16  7  20  8  14  10  26  31  13  21  22  24  5  35  38  9  23
   3  29  38  15  25  24  22  1  33  11  26  10  14  8  20  27  16  19  32  37  17  12  39  36  7  40  28  34  30  6  31  13  21  2  4  5  35  18  9  23
   3  31  6  21  12  1  24  2  7  4  14  8  28  16  15  32  30  23  19  5  38  10  35  20  29  40  17  39  34  37  27  33  13  25  26  9  11  18  22  36
   3  33  35  16  12  9  17  23  7  36  27  10  28  21  26  40  30  2  22  37  38  8  6  25  29  32  24  18  34  5  14  31  13  20  15  1  11  39  19  4
   3  36  22  18  11  9  26  25  13  33  27  37  34  39  17  40  29  20  35  10  38  5  19  23  30  32  15  16  28  8  14  4  7  2  24  1  12  21  6  31
   3  37  18  31  1  12  34  25  33  35  30  6  2  28  16  19  20  27  4  29  9  24  7  40  39  36  8  22  26  10  15  13  5  14  32  21  11  38  17  23
   3  37  19  2  11  40  15  21  13  10  14  36  34  23  24  9  29  16  6  33  38  4  22  39  30  1  26  20  28  31  27  5  7  18  17  32  12  25  35  8
   3  37  38  31  1  32  14  25  33  35  10  26  22  8  36  19  40  27  24  29  9  4  7  20  39  16  28  2  6  30  15  13  5  34  12  21  11  18  17  23
   3  39  15  31  34  32  6  37  30  21  27  23  12  33  19  1  13  5  24  25  38  2  26  10  7  9  35  4  11  20  14  18  29  8  22  40  28  36  17  16
   4  2  9  40  30  7  1  38  14  28  13  5  17  39  35  36  23  12  31  26  6  11  32  3  16  15  19  37  25  33  8  34  18  21  27  10  20  29  22  24
   4  2  29  40  30  27  21  38  14  28  33  25  37  19  15  36  3  12  11  26  6  31  32  23  16  35  39  17  5  13  8  34  18  1  7  10  20  9  22  24
   4  3  33  35  16  12  9  17  23  7  36  27  10  28  21  26  40  30  2  22  37  38  8  6  25  29  32  24  18  34  5  14  31  13  20  15  1  11  39  19
   4  6  9  34  10  15  2  3  25  17  5  28  1  22  33  29  23  14  21  11  37  35  32  7  31  26  39  38  16  24  36  13  40  19  8  12  18  27  20  30
   4  6  19  8  18  21  27  10  34  20  15  23  11  29  33  12  5  36  37  22  2  17  16  25  32  13  9  31  3  35  40  14  30  7  1  38  28  39  26  24
   4  6  39  8  18  1  7  10  34  20  35  3  31  9  13  12  25  36  17  22  2  37  16  5  32  33  29  11  23  15  40  14  30  27  21  38  28  19  26  24
   4  7  2  24  1  12  21  6  31  3  36  22  18  11  9  26  25  13  33  27  37  34  39  17  40  29  20  35  10  38  5  19  23  30  32  15  16  28  8  14
   4  10  9  16  6  15  33  22  14  12  37  21  25  39  11  28  7  20  23  18  38  3  40  27  8  31  19  5  1  17  32  34  2  13  35  26  36  29  30  24
   4  10  29  16  6  35  13  22  14  12  17  1  5  19  31  28  27  20  3  18  38  23  40  7  8  11  39  25  21  37  32  34  2  33  15  26  36  9  30  24
   4  11  20  14  18  29  8  22  40  28  36  17  16  3  39  15  31  34  32  6  37  30  21  27  23  12  33  19  1  13  5  24  25  38  2  26  10  7  9  35
   4  13  32  22  10  12  39  14  25  30  36  35  1  34  8  26  23  3  20  24  37  28  9  19  31  29  2  27  16  11  5  6  40  7  33  15  18  38  21  17
   4  17  21  38  18  15  33  7  40  6  5  11  16  27  2  29  31  19  9  28  37  24  20  3  23  26  8  34  1  35  36  30  25  14  39  12  10  22  32  13
   4  18  9  32  22  23  25  6  14  36  21  37  33  39  27  20  31  28  15  10  30  35  8  11  40  7  19  13  17  1  16  34  26  5  3  2  12  29  38  24
   4  18  29  32  22  3  5  6  14  36  1  17  13  19  7  20  11  28  35  10  30  15  8  31  40  27  39  33  37  21  16  34  26  25  23  2  12  9  38  24
   4  22  19  40  10  37  11  18  34  28  23  15  27  29  25  36  13  12  21  6  26  1  32  33  16  5  9  7  35  3  8  14  38  31  17  30  20  39  2  24
   4  24  21  3  18  26  33  34  40  35  5  30  16  14  2  12  31  22  9  13  37  17  20  38  23  15  8  7  1  6  36  11  25  27  39  29  10  19  32  28
   4  26  9  8  38  31  17  30  14  20  5  13  1  39  3  12  15  36  7  2  22  27  16  35  32  23  19  21  33  25  40  34  10  37  11  18  28  29  6  24
   4  26  29  8  38  11  37  30  14  20  25  33  21  19  23  12  35  36  27  2  22  7  16  15  32  3  39  1  13  5  40  34  10  17  31  18  28  9  6  24
   4  28  32  19  10  29  39  27  25  11  36  6  1  7  8  15  23  38  20  17  37  13  9  22  31  12  2  14  16  30  5  35  40  34  33  26  18  3  21  24
   4  30  19  16  26  5  3  2  34  12  7  31  35  29  1  28  37  20  13  38  18  33  40  17  8  21  9  15  11  27  32  14  22  23  25  6  36  39  10  24
   4  30  20  27  18  12  8  19  40  13  36  24  16  38  39  26  31  7  32  35  37  11  21  14  23  29  33  22  1  28  5  17  25  3  2  15  10  34  9  6
   4  30  39  16  26  25  23  2  34  12  27  11  15  9  21  28  17  20  33  38  18  13  40  37  8  1  29  35  31  7  32  14  22  3  5  6  36  19  10  24
   4  34  2  17  1  29  21  35  31  38  36  19  18  30  9  15  25  28  33  14  37  7  39  24  40  12  20  6  10  3  5  22  23  11  32  26  16  13  8  27
   4  35  9  7  10  26  2  38  25  24  5  13  1  19  33  12  23  27  21  30  37  6  32  34  31  15  39  3  16  17  36  28  40  22  8  29  18  14  20  11
   4  38  19  32  2  13  35  26  34  36  31  7  3  29  17  20  21  28  5  30  10  25  8  1  40  37  9  23  27  11  16  14  6  15  33  22  12  39  18  24
   4  38  39  32  2  33  15  26  34  36  11  27  23  9  37  20  1  28  25  30  10  5  8  21  40  17  29  3  7  31  16  14  6  35  13  22  12  19  18  24
   5  3  10  6  20  12  40  24  39  7  37  14  33  28  25  15  9  30  18  19  36  38  31  35  21  29  1  17  2  34  4  27  8  13  16  26  32  11  23  22
   5  7  18  17  32  12  25  35  8  3  37  19  2  11  40  15  21  13  10  14  36  34  23  24  9  29  16  6  33  38  4  22  39  30  1  26  20  28  31  27
   5  11  10  17  7  16  34  23  15  13  38  22  26  40  12  29  8  21  24  19  39  4  1  28  9  32  20  6  2  18  33  35  3  14  36  27  37  30  31  25
   5  11  30  17  7  36  14  23  15  13  18  2  6  20  32  29  28  21  4  19  39  24  1  8  9  12  40  26  22  38  33  35  3  34  16  27  37  10  31  25
   5  14  31  13  20  15  1  11  39  19  4  3  33  35  16  12  9  17  23  7  36  27  10  28  21  26  40  30  2  22  37  38  8  6  25  29  32  24  18  34
   5  19  10  33  23  24  26  7  15  37  22  38  34  40  28  21  32  29  16  11  31  36  9  12  1  8  20  14  18  2  17  35  27  6  4  3  13  30  39  25
   5  19  30  33  23  4  6  7  15  37  2  18  14  20  8  21  12  29  36  11  31  16  9  32  1  28  40  34  38  22  17  35  27  26  24  3  13  10  39  25
   5  27  10  9  39  32  18  31  15  21  6  14  2  40  4  13  16  37  8  3  23  28  17  36  33  24  20  22  34  26  1  35  11  38  12  19  29  30  7  25
   5  27  30  9  39  12  38  31  15  21  26  34  22  20  24  13  36  37  28  3  23  8  17  16  33  4  40  2  14  6  1  35  11  18  32  19  29  10  7  25
   5  27  31  28  20  26  1  30  39  22  4  38  33  6  16  29  9  24  23  34  36  14  10  13  21  15  40  11  2  19  37  3  8  35  25  12  32  17  18  7
   5  34  18  24  32  29  25  6  8  38  37  22  2  30  40  26  21  28  10  27  36  7  23  17  9  12  16  35  33  3  4  19  39  11  1  15  20  13  31  14
   5  38  10  35  20  29  40  17  39  34  37  27  33  13  25  26  9  11  18  22  36  3  31  6  21  12  1  24  2  7  4  14  8  28  16  15  32  30  23  19
   6  4  11  2  32  9  3  40  16  30  15  7  19  1  37  38  25  14  33  28  8  13  34  5  18  17  21  39  27  35  10  36  20  23  29  12  22  31  24  26
   6  4  30  20  27  18  12  8  19  40  13  36  24  16  38  39  26  31  7  32  35  37  11  21  14  23  29  33  22  1  28  5  17  25  3  2  15  10  34  9
   6  4  31  2  32  29  23  40  16  30  35  27  39  21  17  38  5  14  13  28  8  33  34  25  18  37  1  19  7  15  10  36  20  3  9  12  22  11  24  26
   6  8  38  37  22  2  30  40  26  21  28  10  27  36  7  23  17  9  12  16  35  33  3  4  19  39  11  1  15  20  13  31  14  5  34  18  24  32  29  25
   6  12  11  18  8  17  35  24  16  14  39  23  27  1  13  30  9  22  25  20  40  5  2  29  10  33  21  7  3  19  34  36  4  15  37  28  38  31  32  26
   6  12  31  18  8  37  15  24  16  14  19  3  7  21  33  30  29  22  5  20  40  25  2  9  10  13  1  27  23  39  34  36  4  35  17  28  38  11  32  26
   6  16  29  9  24  23  34  36  14  10  13  21  15  40  11  2  19  37  3  8  35  25  12  32  17  18  7  5  27  31  28  20  26  1  30  39  22  4  38  33
   6  25  29  32  24  18  34  5  14  31  13  20  15  1  11  39  19  4  3  33  35  16  12  9  17  23  7  36  27  10  28  21  26  40  30  2  22  37  38  8
   6  33  38  4  22  39  30  1  26  20  28  31  27  5  7  18  17  32  12  25  35  8  3  37  19  2  11  40  15  21  13  10  14  36  34  23  24  9  29  16
   6  37  30  21  27  23  12  33  19  1  13  5  24  25  38  2  26  10  7  9  35  4  11  20  14  18  29  8  22  40  28  36  17  16  3  39  15  31  34  32
   7  5  12  3  33  10  4  1  17  31  16  8  20  2  38  39  26  15  34  29  9  14  35  6  19  18  22  40  28  36  11  37  21  24  30  13  23  32  25  27
   7  5  27  31  28  20  26  1  30  39  22  4  38  33  6  16  29  9  24  23  34  36  14  10  13  21  15  40  11  2  19  37  3  8  35  25  12  32  17  18
   7  5  32  3  33  30  24  1  17  31  36  28  40  22  18  39  6  15  14  29  9  34  35  26  19  38  2  20  8  16  11  37  21  4  10  13  23  12  25  27
   7  9  35  4  11  20  14  18  29  8  22  40  28  36  17  16  3  39  15  31  34  32  6  37  30  21  27  23  12  33  19  1  13  5  24  25  38  2  26  10
   7  10  26  2  38  25  24  5  13  1  19  33  12  23  27  21  30  37  6  32  34  31  15  39  3  16  17  36  28  40  22  8  29  18  14  20  11  4  35  9
   7  13  12  19  9  18  36  25  17  15  40  24  28  2  14  31  10  23  26  21  1  6  3  30  11  34  22  8  4  20  35  37  5  16  38  29  39  32  33  27
   7  13  32  19  9  38  16  25  17  15  20  4  8  22  34  31  30  23  6  21  1  26  3  10  11  14  2  28  24  40  35  37  5  36  18  29  39  12  33  27
   7  31  26  39  38  16  24  36  13  40  19  8  12  18  27  20  30  4  6  9  34  10  15  2  3  25  17  5  28  1  22  33  29  23  14  21  11  37  35  32
   7  32  35  37  11  21  14  23  29  33  22  1  28  5  17  25  3  2  15  10  34  9  6  4  30  20  27  18  12  8  19  40  13  36  24  16  38  39  26  31
   7  33  2  19  29  28  26  5  37  15  30  14  18  12  24  31  20  23  36  1  21  16  3  40  11  4  32  38  34  10  35  17  25  6  8  9  39  22  13  27
   7  33  22  19  29  8  6  5  37  15  10  34  38  32  4  31  40  23  16  1  21  36  3  20  11  24  12  18  14  30  35  17  25  26  28  9  39  2  13  27
   7  36  27  10  28  21  26  40  30  2  22  37  38  8  6  25  29  32  24  18  34  5  14  31  13  20  15  1  11  39  19  4  3  33  35  16  12  9  17  23
   8  2  3  36  6  37  19  30  38  40  15  31  27  13  1  24  5  32  29  34  14  9  12  25  4  21  33  7  11  35  20  18  10  39  17  26  16  23  22  28
   8  2  23  36  6  17  39  30  38  40  35  11  7  33  21  24  25  32  9  34  14  29  12  5  4  1  13  27  31  15  20  18  10  19  37  26  16  3  22  28
   8  6  13  4  34  11  5  2  18  32  17  9  21  3  39  40  27  16  35  30  10  15  36  7  20  19  23  1  29  37  12  38  22  25  31  14  24  33  26  28
   8  6  33  4  34  31  25  2  18  32  37  29  1  23  19  40  7  16  15  30  10  35  36  27  20  39  3  21  9  17  12  38  22  5  11  14  24  13  26  28
   8  10  3  12  22  5  11  14  38  24  39  7  35  13  17  16  29  40  21  26  6  1  20  9  36  37  33  15  27  19  4  18  34  31  25  2  32  23  30  28
   8  10  23  12  22  25  31  14  38  24  19  27  15  33  37  16  9  40  1  26  6  21  20  29  36  17  13  35  7  39  4  18  34  11  5  2  32  3  30  28
   8  22  13  36  26  27  29  10  18  40  25  1  37  3  31  24  35  32  19  14  34  39  12  15  4  11  23  17  21  5  20  38  30  9  7  6  16  33  2  28
   8  22  33  36  26  7  9  10  18  40  5  21  17  23  11  24  15  32  39  14  34  19  12  35  4  31  3  37  1  25  20  38  30  29  27  6  16  13  2  28
   9  7  14  5  35  12  6  3  19  33  18  10  22  4  40  1  28  17  36  31  11  16  37  8  21  20  24  2  30  38  13  39  23  26  32  15  25  34  27  29
   9  7  34  5  35  32  26  3  19  33  38  30  2  24  20  1  8  17  16  31  11  36  37  28  21  40  4  22  10  18  13  39  23  6  12  15  25  14  27  29
   9  11  4  13  23  6  12  15  39  25  40  8  36  14  18  17  30  1  22  27  7  2  21  10  37  38  34  16  28  20  5  19  35  32  26  3  33  24  31  29
   9  11  18  22  36  3  31  6  21  12  1  24  2  7  4  14  8  28  16  15  32  30  23  19  5  38  10  35  20  29  40  17  39  34  37  27  33  13  25  26
   9  11  24  13  23  26  32  15  39  25  20  28  16  34  38  17  10  1  2  27  7  22  21  30  37  18  14  36  8  40  5  19  35  12  6  3  33  4  31  29
   9  12  16  35  33  3  4  19  39  11  1  15  20  13  31  14  5  34  18  24  32  29  25  6  8  38  37  22  2  30  40  26  21  28  10  27  36  7  23  17
   9  13  37  17  20  38  23  15  8  7  1  6  36  11  25  27  39  29  10  19  32  28  4  24  21  3  18  26  33  34  40  35  5  30  16  14  2  12  31  22
   9  15  25  28  33  14  37  7  39  24  40  12  20  6  10  3  5  22  23  11  32  26  16  13  8  27  4  34  2  17  1  29  21  35  31  38  36  19  18  30
   9  17  23  7  36  27  10  28  21  26  40  30  2  22  37  38  8  6  25  29  32  24  18  34  5  14  31  13  20  15  1  11  39  19  4  3  33  35  16  12
   9  19  31  29  2  27  16  11  5  6  40  7  33  15  18  38  21  17  4  13  32  22  10  12  39  14  25  30  36  35  1  34  8  26  23  3  20  24  37  28
   9  22  31  12  2  14  16  30  5  35  40  34  33  26  18  3  21  24  4  28  32  19  10  29  39  27  25  11  36  6  1  7  8  15  23  38  20  17  37  13
   9  23  14  37  27  28  30  11  19  1  26  2  38  4  32  25  36  33  20  15  35  40  13  16  5  12  24  18  22  6  21  39  31  10  8  7  17  34  3  29
   9  23  34  37  27  8  10  11  19  1  6  22  18  24  12  25  16  33  40  15  35  20  13  36  5  32  4  38  2  26  21  39  31  30  28  7  17  14  3  29
   9  24  23  34  36  14  10  13  21  15  40  11  2  19  37  3  8  35  25  12  32  17  18  7  5  27  31  28  20  26  1  30  39  22  4  38  33  6  16  29
   9  26  25  13  33  27  37  34  39  17  40  29  20  35  10  38  5  19  23  30  32  15  16  28  8  14  4  7  2  24  1  12  21  6  31  3  36  22  18  11
   9  27  4  5  15  22  36  23  39  33  8  40  12  14  10  1  38  17  6  11  31  26  37  18  21  30  34  32  20  28  13  19  3  16  2  35  25  24  7  29
   9  27  24  5  15  2  16  23  39  33  28  20  32  34  30  1  18  17  26  11  31  6  37  38  21  10  14  12  40  8  13  19  3  36  22  35  25  4  7  29
   9  28  37  24  20  3  23  26  8  34  1  35  36  30  25  14  39  12  10  22  32  13  4  17  21  38  18  15  33  7  40  6  5  11  16  27  2  29  31  19
   9  29  16  6  33  38  4  22  39  30  1  26  20  28  31  27  5  7  18  17  32  12  25  35  8  3  37  19  2  11  40  15  21  13  10  14  36  34  23  24
   9  30  18  19  36  38  31  35  21  29  1  17  2  34  4  27  8  13  16  26  32  11  23  22  5  3  10  6  20  12  40  24  39  7  37  14  33  28  25  15
   9  31  14  13  3  36  22  35  19  25  10  18  6  4  8  17  20  1  12  7  27  32  21  40  37  28  24  26  38  30  5  39  15  2  16  23  33  34  11  29
   9  31  34  13  3  16  2  35  19  25  30  38  26  24  28  17  40  1  32  7  27  12  21  20  37  8  4  6  18  10  5  39  15  22  36  23  33  14  11  29
