   1  3  8  5  4  10  14  7  15  6  2  12  13  16  11  9
   1  3  9  10  13  5  15  11  16  14  8  7  4  12  2  6
   1  3  16  5  12  2  6  7  15  14  10  4  13  8  11  9
   1  5  3  15  14  11  2  4  7  12  6  13  9  10  16  8
   1  5  8  6  13  14  2  10  16  12  9  11  4  3  15  7
   1  7  6  13  10  12  8  3  11  16  4  2  5  14  15  9
   1  7  15  3  4  11  9  12  16  10  2  14  13  6  8  5
   1  8  16  10  9  13  6  12  7  4  2  11  14  15  3  5
   1  10  15  14  4  6  9  5  16  7  2  3  13  11  8  12
   1  11  15  7  12  13  16  6  3  5  14  10  8  2  9  4
   1  12  14  15  6  16  11  4  7  3  9  13  2  10  8  5
   1  13  3  16  14  8  10  6  15  7  12  11  2  5  9  4
   1  13  15  3  4  7  16  14  11  6  12  5  9  8  2  10
   1  14  9  7  13  12  15  6  16  3  8  10  4  5  2  11
   2  3  13  11  8  12  1  10  15  14  4  6  9  5  16  7
   2  4  1  6  13  3  7  8  16  15  11  5  14  9  12  10
   2  4  9  6  5  11  15  8  16  7  3  13  14  1  12  10
   2  5  4  10  8  3  16  6  15  12  13  7  9  14  1  11
   2  6  1  3  9  10  13  5  15  11  16  14  8  7  4  12
   2  6  14  11  5  12  7  16  15  13  9  1  4  10  3  8
   2  7  8  15  13  9  1  16  3  12  14  5  11  6  10  4
   2  7  16  5  9  6  4  14  15  10  1  12  8  11  13  3
   2  8  15  14  3  5  1  4  12  9  13  11  6  7  16  10
   2  10  16  12  9  11  4  3  15  7  1  5  8  6  13  14
   2  11  1  14  9  7  13  12  15  6  16  3  8  10  4  5
   2  12  4  7  8  14  16  11  15  5  13  10  9  3  1  6
   2  12  5  6  1  15  3  16  8  11  7  9  14  13  4  10
   2  12  13  6  9  7  11  16  8  3  15  1  14  5  4  10
   2  14  4  1  15  9  11  7  16  8  13  12  3  6  10  5
   2  15  14  10  8  12  5  13  3  4  16  7  1  6  9  11
   3  2  7  16  5  9  6  4  14  15  10  1  12  8  11  13
   3  5  2  7  14  4  8  9  1  16  12  6  15  10  13  11
   3  5  9  8  6  1  11  16  7  10  2  14  4  15  12  13
   3  5  9  16  14  1  11  8  7  2  10  6  12  15  4  13
   3  5  10  7  6  12  16  9  1  8  4  14  15  2  13  11
   3  7  15  9  10  12  11  2  8  6  1  13  16  5  14  4
   3  8  9  16  14  10  2  1  4  13  15  6  12  7  11  5
   3  12  1  4  10  6  14  9  8  5  15  2  16  7  11  13
   3  12  11  15  1  16  10  8  14  2  5  13  4  9  6  7
   3  13  4  15  12  6  10  2  7  8  11  1  14  16  9  5
   3  13  6  7  2  16  4  1  9  12  8  10  15  14  5  11
   3  13  14  7  10  8  12  1  9  4  16  2  15  6  5  11
   3  15  7  1  5  8  6  13  14  2  10  16  12  9  11  4
   4  2  5  16  9  3  15  14  6  7  11  1  8  13  10  12
   4  2  13  16  1  11  7  14  6  15  3  9  8  5  10  12
   4  3  15  7  1  5  8  6  13  14  2  10  16  12  9  11
   4  5  2  11  1  14  9  7  13  12  15  6  16  3  8  10
   4  6  3  8  15  5  9  10  2  1  13  7  16  11  14  12
   4  14  15  8  11  9  13  2  10  5  1  3  16  7  6  12
   6  14  10  7  9  1  4  16  5  3  12  11  15  2  13  8
