   1  2  4  8  16  32  5  10  20  40  21  42  25  50  41  23  46  33  7  14  28  56  53  47  35  11  22  44  29  58  57  55  51  43  27  54  49  39  19  38  17  34  9  18  36  13  26  52  45  31  3  6  12  24  48  37  15  30
   1  4  35  7  19  38  55  10  11  22  18  41  20  58  53  13  5  14  57  25  31  21  46  44  37  23  45  3  27  56  32  16  52  8  15  17  50  2  54  28  43  34  42  24  29  49  12  47  51  40  39  26  9  48  36  6  33  30
   1  6  19  11  31  24  33  16  37  36  10  29  52  38  49  21  27  42  17  41  51  15  18  34  3  57  55  43  25  54  14  26  28  32  5  47  44  22  12  46  13  56  50  20  9  23  58  39  7  8  45  4  53  2  40  48  35  30
   1  6  36  39  57  47  46  40  4  24  26  38  51  11  7  42  16  37  45  34  27  44  28  50  5  30  3  18  49  58  53  23  20  2  12  13  19  55  35  33  21  8  48  52  17  43  22  14  25  32  15  31  9  54  29  56  41  10
   1  8  3  15  43  10  11  22  5  50  2  17  26  18  45  29  49  12  35  57  13  9  48  24  27  33  7  25  23  52  54  36  4  56  53  19  38  42  28  6  41  20  58  16  47  55  46  31  21  34  51  40  39  14  44  32  37  30
   1  8  5  40  25  23  7  56  35  44  57  43  49  38  9  13  45  6  48  30  4  32  20  42  41  33  28  47  22  58  51  54  19  34  36  52  3  24  15  2  16  10  21  50  46  14  53  11  29  55  27  39  17  18  26  31  12  37
   1  8  49  23  17  42  33  22  50  54  14  19  12  11  20  38  25  4  16  24  39  53  51  52  40  36  46  31  7  2  48  9  44  27  57  30  47  3  26  45  37  21  34  56  28  6  32  43  10  13  55  35  41  18  15  5  29  58
   1  10  41  56  29  54  9  31  15  32  25  14  22  43  17  52  48  8  21  33  35  55  19  13  12  2  20  23  53  58  49  18  3  30  5  50  28  44  27  34  45  37  16  42  7  11  51  38  26  24  4  40  46  47  57  39  36  6
   1  10  45  19  55  54  47  28  31  6  52  5  58  56  41  37  13  40  53  15  33  3  20  14  51  9  17  7  21  50  36  46  38  22  43  49  32  4  44  24  11  42  8  12  27  29  34  23  35  2  57  18  25  26  48  16  39  30
   1  12  29  23  9  40  25  34  57  20  44  51  32  36  37  45  35  10  13  31  53  55  50  4  17  43  27  47  19  48  18  56  14  46  33  21  26  24  2  42  39  6  16  8  7  3  22  15  49  28  5  54  11  38  52  58  41  30
   1  13  51  14  5  6  19  11  25  30  36  55  7  32  3  39  35  42  15  18  57  33  16  31  49  47  21  37  9  58  46  8  45  54  53  40  48  34  29  23  4  52  27  56  20  24  17  44  41  2  26  43  28  10  12  38  22  50
   1  14  13  27  21  26  3  40  25  34  36  39  6  16  33  53  57  38  31  47  15  49  22  52  41  19  37  29  17  46  58  8  48  12  23  51  20  44  18  2  9  28  24  4  45  35  10  7  5  54  11  32  55  50  56  42  43  30
   1  14  19  30  7  39  15  33  49  37  46  54  48  23  27  24  41  43  12  50  51  6  25  55  3  42  57  31  21  58  45  40  29  52  20  44  26  10  22  13  5  11  36  32  35  18  16  47  9  8  53  34  4  56  17  2  28  38
   1  16  55  31  33  12  39  46  51  48  28  27  38  54  29  3  21  8  49  5  35  43  52  42  7  53  47  11  15  44  40  18  24  36  13  23  14  6  34  20  37  50  32  58  25  9  56  57  19  22  17  10  41  4  2  26  45  30
   1  18  29  50  15  34  22  42  48  38  35  40  12  39  53  10  3  54  28  32  45  43  7  8  26  55  46  2  36  58  41  30  9  44  25  37  17  11  21  24  19  47  20  6  49  56  5  31  27  14  16  52  51  33  4  13  57  23
   1  18  39  35  45  56  17  52  19  4  20  15  12  34  25  11  43  36  9  21  55  37  24  32  31  29  57  51  13  42  22  28  58  2  3  53  8  26  50  38  7  14  40  54  5  41  44  49  33  48  23  46  27  16  6  10  47  30
   1  20  23  39  57  42  53  58  45  18  12  3  44  14  21  19  7  6  27  37  17  31  54  22  55  5  9  33  11  40  4  38  34  26  51  25  2  46  8  56  35  36  48  50  43  15  32  41  47  16  29  24  13  28  10  52  49  30
   1  22  7  43  11  28  31  6  13  32  4  49  18  52  17  27  29  34  45  53  37  25  26  12  21  39  19  15  9  38  44  48  10  50  41  55  54  8  24  16  5  58  56  46  23  47  20  33  3  42  35  2  57  40  14  36  51  30
   1  23  57  13  4  33  51  52  16  14  27  31  5  56  49  6  20  47  19  24  21  11  17  37  25  44  9  30  41  58  36  2  46  55  26  8  7  43  45  32  28  54  3  10  53  39  12  40  35  38  48  42  22  34  15  50  29  18
   1  24  45  18  19  43  29  47  7  50  20  8  15  6  26  34  49  55  22  56  46  42  5  2  48  31  36  38  27  58  35  14  41  40  16  30  12  52  9  39  51  44  53  33  25  10  4  37  3  13  17  54  57  11  28  23  21  32
   1  30  15  37  48  24  12  6  3  31  45  52  26  13  36  18  9  34  17  38  19  39  49  54  27  43  51  55  57  58  29  44  22  11  35  47  53  56  28  14  7  33  46  23  41  50  25  42  21  40  20  10  5  32  16  8  4  2
   1  31  17  55  53  50  16  24  36  54  22  33  20  30  45  38  57  56  25  8  12  18  27  11  46  10  15  52  19  58  28  42  4  6  9  43  35  23  5  37  26  39  29  14  21  2  3  34  51  47  41  32  48  13  49  44  7  40
   1  32  21  23  28  11  57  54  17  13  3  37  4  10  25  33  53  44  51  39  9  52  12  30  16  40  41  14  35  58  27  38  36  31  48  2  5  42  46  56  22  55  49  34  26  6  15  8  20  50  7  47  29  43  19  18  45  24
   1  33  27  6  21  44  36  8  28  39  48  50  57  52  5  47  17  30  46  43  3  40  22  18  4  14  49  24  25  58  26  32  53  38  15  23  51  31  20  11  9  2  7  54  12  42  29  13  16  56  19  37  41  55  45  10  35  34
   1  38  53  17  49  32  29  54  47  28  56  11  42  8  43  33  31  26  15  7  23  35  34  48  39  21  41  45  51  22  16  12  50  10  19  5  6  52  36  44  55  2  4  14  37  13  40  27  57  18  25  58  3  20  46  24  9  30
   1  43  20  34  46  31  35  30  51  10  17  23  45  47  15  55  5  38  41  52  53  37  57  32  19  50  26  56  48  58  16  39  25  13  28  24  29  8  49  42  36  14  12  44  4  54  21  18  7  6  22  2  27  40  9  33  3  11
   1  44  5  29  27  48  21  14  9  12  32  33  22  6  31  57  39  52  11  55  25  17  8  18  53  7  13  49  45  16  20  42  36  24  47  37  46  54  26  40  23  10  28  2  35  51  4  3  41  38  43  50  19  56  58  34  15  30
   1  47  26  42  27  30  53  13  21  43  15  56  36  40  51  37  28  18  20  55  48  14  9  10  57  24  7  34  5  58  12  33  17  32  29  6  46  38  16  44  3  23  19  8  22  31  41  39  4  11  45  50  49  2  35  52  25  54
   1  48  31  37  51  20  35  26  3  40  16  9  28  24  23  15  25  50  47  29  7  5  10  56  43  17  33  13  41  12  42  4  46  14  27  39  34  36  58  18  21  54  44  52  53  57  38  45  11  32  55  6  49  22  8  2  19  30
   2  1  10  58  54  9  42  57  18  53  35  8  15  41  4  56  20  17  22  52  50  34  45  7  48  14  26  40  32  3  11  55  43  19  36  16  5  21  23  51  46  49  27  33  12  44  37  6  24  47  28  13  38  25  29  39  30  31
   2  3  34  51  47  41  32  48  13  49  44  7  40  1  31  17  55  53  50  16  24  36  54  22  33  20  30  45  38  57  56  25  8  12  18  27  11  46  10  15  52  19  58  28  42  4  6  9  43  35  23  5  37  26  39  29  14  21
   2  3  52  4  8  53  20  5  44  9  27  54  47  21  58  6  42  45  40  10  12  28  17  55  14  48  36  22  30  1  51  7  19  43  26  46  57  41  39  11  16  13  35  29  50  18  25  56  38  15  34  49  24  37  33  23  32  31
   2  5  36  8  20  39  56  11  12  23  19  42  21  1  54  14  6  15  58  26  32  22  47  45  38  24  46  4  28  57  33  17  53  9  16  18  51  3  55  29  44  35  43  25  30  50  13  48  52  41  40  27  10  49  37  7  34  31
   2  5  42  46  56  22  55  49  34  26  6  15  8  20  50  7  47  29  43  19  18  45  24  1  32  21  23  28  11  57  54  17  13  3  37  4  10  25  33  53  44  51  39  9  52  12  30  16  40  41  14  35  58  27  38  36  31  48
   2  6  14  30  1  4  10  22  46  33  7  16  34  9  20  42  25  52  45  31  3  8  18  38  17  36  13  28  58  57  55  51  43  27  56  53  47  35  11  24  50  41  23  48  37  15  32  5  12  26  54  49  39  19  40  21  44  29
   2  7  20  12  32  25  34  17  38  37  11  30  53  39  50  22  28  43  18  42  52  16  19  35  4  58  56  44  26  55  15  27  29  33  6  48  45  23  13  47  14  57  51  21  10  24  1  40  8  9  46  5  54  3  41  49  36  31
   2  7  54  12  42  29  13  16  56  19  37  41  55  45  10  35  34  1  33  27  6  21  44  36  8  28  39  48  50  57  52  5  47  17  30  46  43  3  40  22  18  4  14  49  24  25  58  26  32  53  38  15  23  51  31  20  11  9
   2  9  4  16  44  11  12  23  6  51  3  18  27  19  46  30  50  13  36  58  14  10  49  25  28  34  8  26  24  53  55  37  5  57  54  20  39  43  29  7  42  21  1  17  48  56  47  32  22  35  52  41  40  15  45  33  38  31
   2  9  11  20  31  51  23  15  38  53  32  26  58  25  24  49  14  4  18  22  40  3  43  46  30  17  47  5  52  57  50  48  39  28  8  36  44  21  6  27  33  1  34  35  10  45  55  41  37  19  56  16  13  29  42  12  54  7
   2  11  46  20  56  55  48  29  32  7  53  6  1  57  42  38  14  41  54  16  34  4  21  15  52  10  18  8  22  51  37  47  39  23  44  50  33  5  45  25  12  43  9  13  28  30  35  24  36  3  58  19  26  27  49  17  40  31
   2  12  13  19  55  35  33  21  8  48  52  17  43  22  14  25  32  15  31  9  54  29  56  41  10  1  6  36  39  57  47  46  40  4  24  26  38  51  11  7  42  16  37  45  34  27  44  28  50  5  30  3  18  49  58  53  23  20
   2  13  30  24  10  41  26  35  58  21  45  52  33  37  38  46  36  11  14  32  54  56  51  5  18  44  28  48  20  49  19  57  15  47  34  22  27  25  3  43  40  7  17  9  8  4  23  16  50  29  6  55  12  39  53  1  42  31
   2  15  14  28  22  27  4  41  26  35  37  40  7  17  34  54  58  39  32  48  16  50  23  53  42  20  38  30  18  47  1  9  49  13  24  52  21  45  19  3  10  29  25  5  46  36  11  8  6  55  12  33  56  51  57  43  44  31
   2  15  24  3  52  36  34  19  54  51  58  22  47  28  33  41  42  20  32  4  30  48  6  45  13  9  38  49  43  57  44  35  56  7  23  25  40  5  8  1  37  12  31  26  18  17  39  27  55  29  11  53  14  46  50  21  10  16
   2  16  10  21  50  46  14  53  11  29  55  27  39  17  18  26  31  12  37  1  8  5  40  25  23  7  56  35  44  57  43  49  38  9  13  45  6  48  30  4  32  20  42  41  33  28  47  22  58  51  54  19  34  36  52  3  24  15
   2  17  56  4  34  53  8  9  47  16  18  35  32  36  11  5  13  22  10  26  44  20  52  29  40  45  58  21  31  57  42  3  55  25  6  51  50  12  43  41  24  27  23  48  54  46  37  49  33  15  39  7  30  19  14  1  38  28
   2  17  56  32  34  13  40  47  52  49  29  28  39  55  30  4  22  9  50  6  36  44  53  43  8  54  48  12  16  45  41  19  25  37  14  24  15  7  35  21  38  51  33  1  26  10  57  58  20  23  18  11  42  5  3  27  46  31
   2  19  33  48  43  25  31  29  10  36  47  4  38  7  37  27  50  3  58  20  13  35  8  17  14  15  54  41  6  57  40  26  11  16  34  28  30  49  23  12  55  21  52  22  32  9  56  1  39  46  24  51  42  45  44  5  18  53
   2  19  40  36  46  57  18  53  20  5  21  16  13  35  26  12  44  37  10  22  56  38  25  33  32  30  58  52  14  43  23  29  1  3  4  54  9  27  51  39  8  15  41  55  6  42  45  50  34  49  24  47  28  17  7  11  48  31
   2  20  23  53  58  49  18  3  30  5  50  28  44  27  34  45  37  16  42  7  11  51  38  26  24  4  40  46  47  57  39  36  6  1  10  41  56  29  54  9  31  15  32  25  14  22  43  17  52  48  8  21  33  35  55  19  13  12
   2  21  14  29  39  26  37  5  23  35  43  9  6  4  42  28  58  19  52  15  10  46  11  27  18  12  8  25  56  57  38  45  30  20  33  22  54  36  24  16  50  53  55  17  31  1  40  7  44  49  13  48  32  41  47  51  34  3
   2  21  24  40  58  43  54  1  46  19  13  4  45  15  22  20  8  7  28  38  18  32  55  23  56  6  10  34  12  41  5  39  35  27  52  26  3  47  9  57  36  37  49  51  44  16  33  42  48  17  30  25  14  29  11  53  50  31
   2  22  6  7  18  21  54  4  44  12  14  36  42  49  8  29  24  28  13  25  39  16  58  48  56  26  50  19  32  57  37  53  52  41  38  5  55  15  47  45  23  17  10  51  30  35  31  46  34  20  43  1  11  3  33  9  40  27
   2  23  8  44  12  29  32  7  14  33  5  50  19  53  18  28  30  35  46  54  38  26  27  13  22  40  20  16  10  39  45  49  11  51  42  56  55  9  25  17  6  1  57  47  24  48  21  34  4  43  36  3  58  41  15  37  52  31
   2  25  47  27  13  15  40  28  55  9  24  5  33  29  38  3  8  41  11  49  52  1  42  53  43  36  37  20  14  57  34  12  32  46  44  19  31  4  50  35  54  26  30  21  56  51  18  48  10  7  58  17  6  16  23  22  39  45
   2  25  50  48  24  15  10  13  40  47  55  38  51  33  14  36  52  5  6  12  58  20  57  3  46  16  30  56  8  37  27  1  45  17  32  28  49  29  41  35  34  23  7  43  4  22  9  26  18  11  42  39  44  53  19  21  54  31
   2  26  43  28  10  12  38  22  50  1  13  51  14  5  6  19  11  25  30  36  55  7  32  3  39  35  42  15  18  57  33  16  31  49  47  21  37  9  58  46  8  45  54  53  40  48  34  29  23  4  52  27  56  20  24  17  44  41
   2  27  34  52  36  1  46  19  8  3  47  26  25  13  10  44  16  33  24  28  20  14  29  51  12  50  40  38  6  35  9  11  21  41  22  58  43  49  57  53  4  45  15  39  42  54  55  18  32  37  48  17  30  7  23  5  56  31
   2  27  40  9  33  3  11  1  43  20  34  46  31  35  30  51  10  17  23  45  47  15  55  5  38  41  52  53  37  57  32  19  50  26  56  48  58  16  39  25  13  28  24  29  8  49  42  36  14  12  44  4  54  21  18  7  6  22
   2  28  38  1  14  19  30  7  39  15  33  49  37  46  54  48  23  27  24  41  43  12  50  51  6  25  55  3  42  57  31  21  58  45  40  29  52  20  44  26  10  22  13  5  11  36  32  35  18  16  47  9  8  53  34  4  56  17
   2  29  18  56  48  45  24  25  34  17  39  14  57  51  6  52  38  3  42  44  40  8  1  41  36  26  50  20  4  33  49  21  55  7  12  30  37  11  15  13  32  9  23  35  22  28  43  10  46  5  54  53  16  19  27  47  58  31
   2  29  37  35  6  28  52  46  18  25  38  20  54  16  55  1  44  48  47  3  14  26  23  9  42  19  10  27  8  57  30  22  24  53  31  7  13  41  34  21  39  5  43  4  58  15  11  12  56  45  33  36  50  17  40  49  32  51
   2  33  44  6  14  17  38  37  28  45  23  48  5  11  56  10  24  1  20  18  22  54  3  21  26  36  12  42  58  29  13  41  7  55  50  32  25  51  47  49  30  53  39  27  40  34  19  52  16  57  8  9  46  43  35  15  4  31
   2  35  28  10  26  3  16  43  54  1  15  36  37  49  52  18  46  29  38  34  42  48  33  11  50  12  22  24  56  27  53  51  41  21  40  4  19  13  5  9  58  17  47  23  20  8  7  44  30  25  14  45  32  55  39  57  6  31
   2  35  52  25  54  1  47  26  42  27  30  53  13  21  43  15  56  36  40  51  37  28  18  20  55  48  14  9  10  57  24  7  34  5  58  12  33  17  32  29  6  46  38  16  44  3  23  19  8  22  31  41  39  4  11  45  50  49
   2  36  58  41  30  9  44  25  37  17  11  21  24  19  47  20  6  49  56  5  31  27  14  16  52  51  33  4  13  57  23  1  18  29  50  15  34  22  42  48  38  35  40  12  39  53  10  3  54  28  32  45  43  7  8  26  55  46
   2  37  12  14  38  47  52  49  22  15  7  24  11  29  48  26  10  57  56  50  4  42  5  1  16  46  32  6  54  25  35  3  17  45  30  34  13  33  21  27  28  39  55  19  58  40  53  36  44  51  20  23  18  9  43  41  8  31
   2  39  54  18  50  33  30  55  48  29  57  12  43  9  44  34  32  27  16  8  24  36  35  49  40  22  42  46  52  23  17  13  51  11  20  6  7  53  37  45  56  3  5  15  38  14  41  28  58  19  26  1  4  21  47  25  10  31
   2  41  38  22  4  19  8  3  16  43  49  58  17  47  40  42  54  55  34  24  44  30  7  39  6  56  52  28  50  21  57  23  27  35  10  36  1  15  53  5  26  25  13  11  18  46  29  20  14  45  32  37  48  33  51  9  12  31
   2  41  44  17  24  20  56  27  52  4  23  29  34  48  40  53  54  45  8  46  58  9  37  21  47  49  31  16  33  57  18  15  42  35  39  3  32  7  55  36  30  25  11  19  6  5  14  51  13  1  50  22  38  12  10  28  43  26
   2  43  22  26  16  5  44  9  42  57  41  46  49  27  36  50  18  25  52  40  6  24  37  29  30  32  4  10  48  19  39  33  3  1  58  8  53  35  11  23  54  47  21  7  56  20  17  12  28  13  38  15  34  45  55  51  14  31
   2  45  6  30  28  49  22  15  10  13  33  34  23  7  32  58  40  53  12  56  26  18  9  19  54  8  14  50  46  17  21  43  37  25  48  38  47  55  27  41  24  11  29  3  36  52  5  4  42  39  44  51  20  57  1  35  16  31
   2  45  39  22  23  16  6  17  58  7  10  48  18  51  56  21  30  26  54  35  50  4  31  19  44  46  32  12  34  57  14  20  37  36  43  53  42  1  52  49  11  41  8  3  38  29  33  5  24  9  55  28  40  15  13  27  47  25
   2  47  48  34  40  35  58  21  36  27  25  22  55  45  28  8  4  23  30  14  46  12  39  9  20  42  24  32  44  15  3  53  13  49  38  10  41  17  43  1  52  33  37  57  16  26  51  54  56  7  50  29  6  11  5  19  18  31
   2  48  31  36  38  27  58  35  14  41  40  16  30  12  52  9  39  51  44  53  33  25  10  4  37  3  13  17  54  57  11  28  23  21  32  1  24  45  18  19  43  29  47  7  50  20  8  15  6  26  34  49  55  22  56  46  42  5
   2  49  32  38  52  21  36  27  4  41  17  10  29  25  24  16  26  51  48  30  8  6  11  57  44  18  34  14  42  13  43  5  47  15  28  40  35  37  1  19  22  55  45  53  54  58  39  46  12  33  56  7  50  23  9  3  20  31
   2  49  50  45  11  4  39  41  31  22  8  19  23  3  44  16  38  46  6  29  32  17  33  12  58  5  34  7  24  57  10  9  14  48  55  20  18  28  37  51  40  36  56  15  43  21  13  53  30  27  42  26  47  1  54  25  52  35
   2  51  16  42  6  7  14  33  30  55  9  56  3  5  20  24  48  21  8  46  28  58  41  47  10  52  44  54  40  11  25  15  23  39  18  12  29  57  17  37  50  19  53  49  34  32  27  38  26  1  4  43  36  35  13  45  22  31
   2  51  32  49  40  17  50  36  33  45  56  12  11  15  58  4  43  5  39  21  34  41  13  7  31  53  24  22  30  57  8  27  10  19  42  9  23  26  14  3  47  48  44  1  55  16  54  20  38  25  18  46  52  28  6  35  37  29
   2  53  18  5  44  45  42  51  24  46  39  1  56  9  32  22  52  21  55  12  23  49  30  28  34  16  11  26  40  57  6  41  54  15  14  17  8  35  13  20  58  3  50  27  37  7  38  4  47  36  10  29  31  25  43  48  33  19
   2  53  58  46  18  51  50  39  56  11  1  44  35  43  16  32  12  49  26  4  48  52  13  37  34  28  54  36  38  9  7  25  57  5  8  42  23  19  33  55  20  41  3  45  14  6  15  30  40  27  10  21  22  47  17  29  24  31
   2  55  42  50  30  37  28  45  24  25  51  32  9  23  12  40  34  19  44  20  10  46  43  27  58  4  6  18  36  7  47  35  33  29  56  14  17  39  49  15  48  5  11  41  52  38  3  22  54  53  16  57  8  1  21  13  26  31
   2  57  26  54  42  23  6  51  50  39  43  20  41  3  8  48  56  47  4  36  30  40  15  17  24  38  16  58  34  5  29  45  9  53  46  44  11  1  7  33  18  27  19  37  32  12  49  14  10  21  22  35  52  13  25  55  28  31
   3  2  11  1  55  10  43  58  19  54  36  9  16  42  5  57  21  18  23  53  51  35  46  8  49  15  27  41  33  4  12  56  44  20  37  17  6  22  24  52  47  50  28  34  13  45  38  7  25  48  29  14  39  26  30  40  31  32
   3  2  21  14  29  39  26  37  5  23  35  43  9  6  4  42  28  58  19  52  15  10  46  11  27  18  12  8  25  56  57  38  45  30  20  33  22  54  36  24  16  50  53  55  17  31  1  40  7  44  49  13  48  32  41  47  51  34
   3  4  53  5  9  54  21  6  45  10  28  55  48  22  1  7  43  46  41  11  13  29  18  56  15  49  37  23  31  2  52  8  20  44  27  47  58  42  40  12  17  14  36  30  51  19  26  57  39  16  35  50  25  38  34  24  33  32
   3  6  12  24  48  37  15  30  1  2  4  8  16  32  5  10  20  40  21  42  25  50  41  23  46  33  7  14  28  56  53  47  35  11  22  44  29  58  57  55  51  43  27  54  49  39  19  38  17  34  9  18  36  13  26  52  45  31
   3  6  37  9  21  40  57  12  13  24  20  43  22  2  55  15  7  16  1  27  33  23  48  46  39  25  47  5  29  58  34  18  54  10  17  19  52  4  56  30  45  36  44  26  31  51  14  49  53  42  41  28  11  50  38  8  35  32
   3  8  21  13  33  26  35  18  39  38  12  31  54  40  51  23  29  44  19  43  53  17  20  36  5  1  57  45  27  56  16  28  30  34  7  49  46  24  14  48  15  58  52  22  11  25  2  41  9  10  47  6  55  4  42  50  37  32
   3  8  41  11  49  52  1  42  53  43  36  37  20  14  57  34  12  32  46  44  19  31  4  50  35  54  26  30  21  56  51  18  48  10  7  58  17  6  16  23  22  39  45  2  25  47  27  13  15  40  28  55  9  24  5  33  29  38
   3  10  5  17  45  12  13  24  7  52  4  19  28  20  47  31  51  14  37  1  15  11  50  26  29  35  9  27  25  54  56  38  6  58  55  21  40  44  30  8  43  22  2  18  49  57  48  33  23  36  53  42  41  16  46  34  39  32
   3  10  53  39  12  40  35  38  48  42  22  34  15  50  29  18  1  23  57  13  4  33  51  52  16  14  27  31  5  56  49  6  20  47  19  24  21  11  17  37  25  44  9  30  41  58  36  2  46  55  26  8  7  43  45  32  28  54
   3  11  1  43  20  34  46  31  35  30  51  10  17  23  45  47  15  55  5  38  41  52  53  37  57  32  19  50  26  56  48  58  16  39  25  13  28  24  29  8  49  42  36  14  12  44  4  54  21  18  7  6  22  2  27  40  9  33
   3  12  47  21  57  56  49  30  33  8  54  7  2  58  43  39  15  42  55  17  35  5  22  16  53  11  19  9  23  52  38  48  40  24  45  51  34  6  46  26  13  44  10  14  29  31  36  25  37  4  1  20  27  28  50  18  41  32
   3  13  17  54  57  11  28  23  21  32  1  24  45  18  19  43  29  47  7  50  20  8  15  6  26  34  49  55  22  56  46  42  5  2  48  31  36  38  27  58  35  14  41  40  16  30  12  52  9  39  51  44  53  33  25  10  4  37
   3  14  26  23  9  42  19  10  27  8  57  30  22  24  53  31  7  13  41  34  21  39  5  43  4  58  15  11  12  56  45  33  36  50  17  40  49  32  51  2  29  37  35  6  28  52  46  18  25  38  20  54  16  55  1  44  48  47
   3  14  31  25  11  42  27  36  1  22  46  53  34  38  39  47  37  12  15  33  55  57  52  6  19  45  29  49  21  50  20  58  16  48  35  23  28  26  4  44  41  8  18  10  9  5  24  17  51  30  7  56  13  40  54  2  43  32
   3  16  15  29  23  28  5  42  27  36  38  41  8  18  35  55  1  40  33  49  17  51  24  54  43  21  39  31  19  48  2  10  50  14  25  53  22  46  20  4  11  30  26  6  47  37  12  9  7  56  13  34  57  52  58  44  45  32
   3  18  49  58  53  23  20  2  12  13  19  55  35  33  21  8  48  52  17  43  22  14  25  32  15  31  9  54  29  56  41  10  1  6  36  39  57  47  46  40  4  24  26  38  51  11  7  42  16  37  45  34  27  44  28  50  5  30
   3  18  57  33  35  14  41  48  53  50  30  29  40  56  31  5  23  10  51  7  37  45  54  44  9  55  49  13  17  46  42  20  26  38  15  25  16  8  36  22  39  52  34  2  27  11  58  1  21  24  19  12  43  6  4  28  47  32
   3  20  41  37  47  58  19  54  21  6  22  17  14  36  27  13  45  38  11  23  57  39  26  34  33  31  1  53  15  44  24  30  2  4  5  55  10  28  52  40  9  16  42  56  7  43  46  51  35  50  25  48  29  18  8  12  49  32
   3  22  25  41  1  44  55  2  47  20  14  5  46  16  23  21  9  8  29  39  19  33  56  24  57  7  11  35  13  42  6  40  36  28  53  27  4  48  10  58  37  38  50  52  45  17  34  43  49  18  31  26  15  30  12  54  51  32
   3  23  19  8  22  31  41  39  4  11  45  50  49  2  35  52  25  54  1  47  26  42  27  30  53  13  21  43  15  56  36  40  51  37  28  18  20  55  48  14  9  10  57  24  7  34  5  58  12  33  17  32  29  6  46  38  16  44
   3  24  9  45  13  30  33  8  15  34  6  51  20  54  19  29  31  36  47  55  39  27  28  14  23  41  21  17  11  40  46  50  12  52  43  57  56  10  26  18  7  2  58  48  25  49  22  35  5  44  37  4  1  42  16  38  53  32
   3  24  15  2  16  10  21  50  46  14  53  11  29  55  27  39  17  18  26  31  12  37  1  8  5  40  25  23  7  56  35  44  57  43  49  38  9  13  45  6  48  30  4  32  20  42  41  33  28  47  22  58  51  54  19  34  36  52
   3  26  51  49  25  16  11  14  41  48  56  39  52  34  15  37  53  6  7  13  1  21  58  4  47  17  31  57  9  38  28  2  46  18  33  29  50  30  42  36  35  24  8  44  5  23  10  27  19  12  43  40  45  54  20  22  55  32
   3  28  35  53  37  2  47  20  9  4  48  27  26  14  11  45  17  34  25  29  21  15  30  52  13  51  41  39  7  36  10  12  22  42  23  1  44  50  58  54  5  46  16  40  43  55  56  19  33  38  49  18  31  8  24  6  57  32
   3  30  5  50  28  44  27  34  45  37  16  42  7  11  51  38  26  24  4  40  46  47  57  39  36  6  1  10  41  56  29  54  9  31  15  32  25  14  22  43  17  52  48  8  21  33  35  55  19  13  12  2  20  23  53  58  49  18
   3  31  45  52  26  13  36  18  9  34  17  38  19  39  49  54  27  43  51  55  57  58  29  44  22  11  35  47  53  56  28  14  7  33  46  23  41  50  25  42  21  40  20  10  5  32  16  8  4  2  1  30  15  37  48  24  12  6
   3  32  7  55  36  30  25  11  19  6  5  14  51  13  1  50  22  38  12  10  28  43  26  2  41  44  17  24  20  56  27  52  4  23  29  34  48  40  53  54  45  8  46  58  9  37  21  47  49  31  16  33  57  18  15  42  35  39
   3  34  45  7  15  18  39  38  29  46  24  49  6  12  57  11  25  2  21  19  23  55  4  22  27  37  13  43  1  30  14  42  8  56  51  33  26  52  48  50  31  54  40  28  41  35  20  53  17  58  9  10  47  44  36  16  5  32
   3  37  4  10  25  33  53  44  51  39  9  52  12  30  16  40  41  14  35  58  27  38  36  31  48  2  5  42  46  56  22  55  49  34  26  6  15  8  20  50  7  47  29  43  19  18  45  24  1  32  21  23  28  11  57  54  17  13
   3  38  13  15  39  48  53  50  23  16  8  25  12  30  49  27  11  58  57  51  5  43  6  2  17  47  33  7  55  26  36  4  18  46  31  35  14  34  22  28  29  40  56  20  1  41  54  37  45  52  21  24  19  10  44  42  9  32
   3  38  29  33  5  24  9  55  28  40  15  13  27  47  25  2  45  39  22  23  16  6  17  58  7  10  48  18  51  56  21  30  26  54  35  50  4  31  19  44  46  32  12  34  57  14  20  37  36  43  53  42  1  52  49  11  41  8
   3  39  35  42  15  18  57  33  16  31  49  47  21  37  9  58  46  8  45  54  53  40  48  34  29  23  4  52  27  56  20  24  17  44  41  2  26  43  28  10  12  38  22  50  1  13  51  14  5  6  19  11  25  30  36  55  7  32
   3  40  22  18  4  14  49  24  25  58  26  32  53  38  15  23  51  31  20  11  9  2  7  54  12  42  29  13  16  56  19  37  41  55  45  10  35  34  1  33  27  6  21  44  36  8  28  39  48  50  57  52  5  47  17  30  46  43
   3  40  55  19  51  34  31  56  49  30  58  13  44  10  45  35  33  28  17  9  25  37  36  50  41  23  43  47  53  24  18  14  52  12  21  7  8  54  38  46  57  4  6  16  39  15  42  29  1  20  27  2  5  22  48  26  11  32
   3  42  39  23  5  20  9  4  17  44  50  1  18  48  41  43  55  56  35  25  45  31  8  40  7  57  53  29  51  22  58  24  28  36  11  37  2  16  54  6  27  26  14  12  19  47  30  21  15  46  33  38  49  34  52  10  13  32
   3  42  57  31  21  58  45  40  29  52  20  44  26  10  22  13  5  11  36  32  35  18  16  47  9  8  53  34  4  56  17  2  28  38  1  14  19  30  7  39  15  33  49  37  46  54  48  23  27  24  41  43  12  50  51  6  25  55
   3  43  46  30  17  47  5  52  57  50  48  39  28  8  36  44  21  6  27  33  1  34  35  10  45  55  41  37  19  56  16  13  29  42  12  54  7  2  9  11  20  31  51  23  15  38  53  32  26  58  25  24  49  14  4  18  22  40
   3  44  16  38  46  6  29  32  17  33  12  58  5  34  7  24  57  10  9  14  48  55  20  18  28  37  51  40  36  56  15  43  21  13  53  30  27  42  26  47  1  54  25  52  35  2  49  50  45  11  4  39  41  31  22  8  19  23
   3  44  23  27  17  6  45  10  43  58  42  47  50  28  37  51  19  26  53  41  7  25  38  30  31  33  5  11  49  20  40  34  4  2  1  9  54  36  12  24  55  48  22  8  57  21  18  13  29  14  39  16  35  46  56  52  15  32
   3  46  7  31  29  50  23  16  11  14  34  35  24  8  33  1  41  54  13  57  27  19  10  20  55  9  15  51  47  18  22  44  38  26  49  39  48  56  28  42  25  12  30  4  37  53  6  5  43  40  45  52  21  58  2  36  17  32
   3  47  48  44  1  55  16  54  20  38  25  18  46  52  28  6  35  37  29  2  51  32  49  40  17  50  36  33  45  56  12  11  15  58  4  43  5  39  21  34  41  13  7  31  53  24  22  30  57  8  27  10  19  42  9  23  26  14
   3  48  49  35  41  36  1  22  37  28  26  23  56  46  29  9  5  24  31  15  47  13  40  10  21  43  25  33  45  16  4  54  14  50  39  11  42  18  44  2  53  34  38  58  17  27  52  55  57  8  51  30  7  12  6  20  19  32
   3  50  33  39  53  22  37  28  5  42  18  11  30  26  25  17  27  52  49  31  9  7  12  58  45  19  35  15  43  14  44  6  48  16  29  41  36  38  2  20  23  56  46  54  55  1  40  47  13  34  57  8  51  24  10  4  21  32
   3  52  17  43  7  8  15  34  31  56  10  57  4  6  21  25  49  22  9  47  29  1  42  48  11  53  45  55  41  12  26  16  24  40  19  13  30  58  18  38  51  20  54  50  35  33  28  39  27  2  5  44  37  36  14  46  23  32
   3  52  36  34  19  54  51  58  22  47  28  33  41  42  20  32  4  30  48  6  45  13  9  38  49  43  57  44  35  56  7  23  25  40  5  8  1  37  12  31  26  18  17  39  27  55  29  11  53  14  46  50  21  10  16  2  15  24
   3  54  28  32  45  43  7  8  26  55  46  2  36  58  41  30  9  44  25  37  17  11  21  24  19  47  20  6  49  56  5  31  27  14  16  52  51  33  4  13  57  23  1  18  29  50  15  34  22  42  48  38  35  40  12  39  53  10
   3  55  25  6  51  50  12  43  41  24  27  23  48  54  46  37  49  33  15  39  7  30  19  14  1  38  28  2  17  56  4  34  53  8  9  47  16  18  35  32  36  11  5  13  22  10  26  44  20  52  29  40  45  58  21  31  57  42
   3  56  43  51  31  38  29  46  25  26  52  33  10  24  13  41  35  20  45  21  11  47  44  28  1  5  7  19  37  8  48  36  34  30  57  15  18  40  50  16  49  6  12  42  53  39  4  23  55  54  17  58  9  2  22  14  27  32
   4  3  12  2  56  11  44  1  20  55  37  10  17  43  6  58  22  19  24  54  52  36  47  9  50  16  28  42  34  5  13  57  45  21  38  18  7  23  25  53  48  51  29  35  14  46  39  8  26  49  30  15  40  27  31  41  32  33
   4  5  54  6  10  55  22  7  46  11  29  56  49  23  2  8  44  47  42  12  14  30  19  57  16  50  38  24  32  3  53  9  21  45  28  48  1  43  41  13  18  15  37  31  52  20  27  58  40  17  36  51  26  39  35  25  34  33
   4  7  38  10  22  41  58  13  14  25  21  44  23  3  56  16  8  17  2  28  34  24  49  47  40  26  48  6  30  1  35  19  55  11  18  20  53  5  57  31  46  37  45  27  32  52  15  50  54  43  42  29  12  51  39  9  36  33
   4  9  22  14  34  27  36  19  40  39  13  32  55  41  52  24  30  45  20  44  54  18  21  37  6  2  58  46  28  57  17  29  31  35  8  50  47  25  15  49  16  1  53  23  12  26  3  42  10  11  48  7  56  5  43  51  38  33
   4  10  25  33  53  44  51  39  9  52  12  30  16  40  41  14  35  58  27  38  36  31  48  2  5  42  46  56  22  55  49  34  26  6  15  8  20  50  7  47  29  43  19  18  45  24  1  32  21  23  28  11  57  54  17  13  3  37
   4  11  6  18  46  13  14  25  8  53  5  20  29  21  48  32  52  15  38  2  16  12  51  27  30  36  10  28  26  55  57  39  7  1  56  22  41  45  31  9  44  23  3  19  50  58  49  34  24  37  54  43  42  17  47  35  40  33
   4  11  45  50  49  2  35  52  25  54  1  47  26  42  27  30  53  13  21  43  15  56  36  40  51  37  28  18  20  55  48  14  9  10  57  24  7  34  5  58  12  33  17  32  29  6  46  38  16  44  3  23  19  8  22  31  41  39
   4  13  48  22  58  57  50  31  34  9  55  8  3  1  44  40  16  43  56  18  36  6  23  17  54  12  20  10  24  53  39  49  41  25  46  52  35  7  47  27  14  45  11  15  30  32  37  26  38  5  2  21  28  29  51  19  42  33
   4  13  57  23  1  18  29  50  15  34  22  42  48  38  35  40  12  39  53  10  3  54  28  32  45  43  7  8  26  55  46  2  36  58  41  30  9  44  25  37  17  11  21  24  19  47  20  6  49  56  5  31  27  14  16  52  51  33
   4  14  49  24  25  58  26  32  53  38  15  23  51  31  20  11  9  2  7  54  12  42  29  13  16  56  19  37  41  55  45  10  35  34  1  33  27  6  21  44  36  8  28  39  48  50  57  52  5  47  17  30  46  43  3  40  22  18
   4  15  32  26  12  43  28  37  2  23  47  54  35  39  40  48  38  13  16  34  56  58  53  7  20  46  30  50  22  51  21  1  17  49  36  24  29  27  5  45  42  9  19  11  10  6  25  18  52  31  8  57  14  41  55  3  44  33
   4  17  16  30  24  29  6  43  28  37  39  42  9  19  36  56  2  41  34  50  18  52  25  55  44  22  40  32  20  49  3  11  51  15  26  54  23  47  21  5  12  31  27  7  48  38  13  10  8  57  14  35  58  53  1  45  46  33
   4  18  22  40  3  43  46  30  17  47  5  52  57  50  48  39  28  8  36  44  21  6  27  33  1  34  35  10  45  55  41  37  19  56  16  13  29  42  12  54  7  2  9  11  20  31  51  23  15  38  53  32  26  58  25  24  49  14
   4  21  42  38  48  1  20  55  22  7  23  18  15  37  28  14  46  39  12  24  58  40  27  35  34  32  2  54  16  45  25  31  3  5  6  56  11  29  53  41  10  17  43  57  8  44  47  52  36  51  26  49  30  19  9  13  50  33
   4  23  26  42  2  45  56  3  48  21  15  6  47  17  24  22  10  9  30  40  20  34  57  25  58  8  12  36  14  43  7  41  37  29  54  28  5  49  11  1  38  39  51  53  46  18  35  44  50  19  32  27  16  31  13  55  52  33
   4  23  29  34  48  40  53  54  45  8  46  58  9  37  21  47  49  31  16  33  57  18  15  42  35  39  3  32  7  55  36  30  25  11  19  6  5  14  51  13  1  50  22  38  12  10  28  43  26  2  41  44  17  24  20  56  27  52
   4  24  26  38  51  11  7  42  16  37  45  34  27  44  28  50  5  30  3  18  49  58  53  23  20  2  12  13  19  55  35  33  21  8  48  52  17  43  22  14  25  32  15  31  9  54  29  56  41  10  1  6  36  39  57  47  46  40
   4  25  10  46  14  31  34  9  16  35  7  52  21  55  20  30  32  37  48  56  40  28  29  15  24  42  22  18  12  41  47  51  13  53  44  58  57  11  27  19  8  3  1  49  26  50  23  36  6  45  38  5  2  43  17  39  54  33
   4  27  52  50  26  17  12  15  42  49  57  40  53  35  16  38  54  7  8  14  2  22  1  5  48  18  32  58  10  39  29  3  47  19  34  30  51  31  43  37  36  25  9  45  6  24  11  28  20  13  44  41  46  55  21  23  56  33
   4  30  48  6  45  13  9  38  49  43  57  44  35  56  7  23  25  40  5  8  1  37  12  31  26  18  17  39  27  55  29  11  53  14  46  50  21  10  16  2  15  24  3  52  36  34  19  54  51  58  22  47  28  33  41  42  20  32
   4  31  19  44  46  32  12  34  57  14  20  37  36  43  53  42  1  52  49  11  41  8  3  38  29  33  5  24  9  55  28  40  15  13  27  47  25  2  45  39  22  23  16  6  17  58  7  10  48  18  51  56  21  30  26  54  35  50
   4  31  20  58  50  47  26  27  36  19  41  16  1  53  8  54  40  5  44  46  42  10  3  43  38  28  52  22  6  35  51  23  57  9  14  32  39  13  17  15  34  11  25  37  24  30  45  12  48  7  56  55  18  21  29  49  2  33
   4  32  20  42  41  33  28  47  22  58  51  54  19  34  36  52  3  24  15  2  16  10  21  50  46  14  53  11  29  55  27  39  17  18  26  31  12  37  1  8  5  40  25  23  7  56  35  44  57  43  49  38  9  13  45  6  48  30
   4  35  46  8  16  19  40  39  30  47  25  50  7  13  58  12  26  3  22  20  24  56  5  23  28  38  14  44  2  31  15  43  9  57  52  34  27  53  49  51  32  55  41  29  42  36  21  54  18  1  10  11  48  45  37  17  6  33
   4  37  3  13  17  54  57  11  28  23  21  32  1  24  45  18  19  43  29  47  7  50  20  8  15  6  26  34  49  55  22  56  46  42  5  2  48  31  36  38  27  58  35  14  41  40  16  30  12  52  9  39  51  44  53  33  25  10
   4  38  7  37  27  50  3  58  20  13  35  8  17  14  15  54  41  6  57  40  26  11  16  34  28  30  49  23  12  55  21  52  22  32  9  56  1  39  46  24  51  42  45  44  5  18  53  2  19  33  48  43  25  31  29  10  36  47
   4  39  14  16  40  49  54  51  24  17  9  26  13  31  50  28  12  1  58  52  6  44  7  3  18  48  34  8  56  27  37  5  19  47  32  36  15  35  23  29  30  41  57  21  2  42  55  38  46  53  22  25  20  11  45  43  10  33
   4  39  41  31  22  8  19  23  3  44  16  38  46  6  29  32  17  33  12  58  5  34  7  24  57  10  9  14  48  55  20  18  28  37  51  40  36  56  15  43  21  13  53  30  27  42  26  47  1  54  25  52  35  2  49  50  45  11
   4  40  46  47  57  39  36  6  1  10  41  56  29  54  9  31  15  32  25  14  22  43  17  52  48  8  21  33  35  55  19  13  12  2  20  23  53  58  49  18  3  30  5  50  28  44  27  34  45  37  16  42  7  11  51  38  26  24
   4  41  56  20  52  35  32  57  50  31  1  14  45  11  46  36  34  29  18  10  26  38  37  51  42  24  44  48  54  25  19  15  53  13  22  8  9  55  39  47  58  5  7  17  40  16  43  30  2  21  28  3  6  23  49  27  12  33
   4  43  40  24  6  21  10  5  18  45  51  2  19  49  42  44  56  57  36  26  46  32  9  41  8  58  54  30  52  23  1  25  29  37  12  38  3  17  55  7  28  27  15  13  20  48  31  22  16  47  34  39  50  35  53  11  14  33
   4  44  12  14  36  42  49  8  29  24  28  13  25  39  16  58  48  56  26  50  19  32  57  37  53  52  41  38  5  55  15  47  45  23  17  10  51  30  35  31  46  34  20  43  1  11  3  33  9  40  27  2  22  6  7  18  21  54
   4  45  24  28  18  7  46  11  44  1  43  48  51  29  38  52  20  27  54  42  8  26  39  31  32  34  6  12  50  21  41  35  5  3  2  10  55  37  13  25  56  49  23  9  58  22  19  14  30  15  40  17  36  47  57  53  16  33
   4  46  24  54  55  15  7  48  10  37  51  34  57  8  39  26  23  14  38  44  40  49  2  21  47  12  22  6  1  5  20  9  43  16  56  42  32  35  28  3  11  13  25  53  41  17  33  18  50  27  45  52  31  29  58  19  36  30
   4  47  8  32  30  51  24  17  12  15  35  36  25  9  34  2  42  55  14  58  28  20  11  21  56  10  16  52  48  19  23  45  39  27  50  40  49  57  29  43  26  13  31  5  38  54  7  6  44  41  46  53  22  1  3  37  18  33
   4  47  36  10  29  31  25  43  48  33  19  2  53  18  5  44  45  42  51  24  46  39  1  56  9  32  22  52  21  55  12  23  49  30  28  34  16  11  26  40  57  6  41  54  15  14  17  8  35  13  20  58  3  50  27  37  7  38
   4  49  50  36  42  37  2  23  38  29  27  24  57  47  30  10  6  25  32  16  48  14  41  11  22  44  26  34  46  17  5  55  15  51  40  12  43  19  45  3  54  35  39  1  18  28  53  56  58  9  52  31  8  13  7  21  20  33
   4  50  35  54  26  30  21  56  51  18  48  10  7  58  17  6  16  23  22  39  45  2  25  47  27  13  15  40  28  55  9  24  5  33  29  38  3  8  41  11  49  52  1  42  53  43  36  37  20  14  57  34  12  32  46  44  19  31
   4  51  34  40  54  23  38  29  6  43  19  12  31  27  26  18  28  53  50  32  10  8  13  1  46  20  36  16  44  15  45  7  49  17  30  42  37  39  3  21  24  57  47  55  56  2  41  48  14  35  58  9  52  25  11  5  22  33
   4  52  27  56  20  24  17  44  41  2  26  43  28  10  12  38  22  50  1  13  51  14  5  6  19  11  25  30  36  55  7  32  3  39  35  42  15  18  57  33  16  31  49  47  21  37  9  58  46  8  45  54  53  40  48  34  29  23
   4  53  18  44  8  9  16  35  32  57  11  58  5  7  22  26  50  23  10  48  30  2  43  49  12  54  46  56  42  13  27  17  25  41  20  14  31  1  19  39  52  21  55  51  36  34  29  40  28  3  6  45  38  37  15  47  24  33
   4  54  21  18  7  6  22  2  27  40  9  33  3  11  1  43  20  34  46  31  35  30  51  10  17  23  45  47  15  55  5  38  41  52  53  37  57  32  19  50  26  56  48  58  16  39  25  13  28  24  29  8  49  42  36  14  12  44
   4  55  2  48  20  53  52  41  58  13  3  46  37  45  18  34  14  51  28  6  50  54  15  39  36  30  56  38  40  11  9  27  1  7  10  44  25  21  35  57  22  43  5  47  16  8  17  32  42  29  12  23  24  49  19  31  26  33
   4  56  17  2  28  38  1  14  19  30  7  39  15  33  49  37  46  54  48  23  27  24  41  43  12  50  51  6  25  55  3  42  57  31  21  58  45  40  29  52  20  44  26  10  22  13  5  11  36  32  35  18  16  47  9  8  53  34
   4  57  44  52  32  39  30  47  26  27  53  34  11  25  14  42  36  21  46  22  12  48  45  29  2  6  8  20  38  9  49  37  35  31  58  16  19  41  51  17  50  7  13  43  54  40  5  24  56  55  18  1  10  3  23  15  28  33
   5  2  48  31  36  38  27  58  35  14  41  40  16  30  12  52  9  39  51  44  53  33  25  10  4  37  3  13  17  54  57  11  28  23  21  32  1  24  45  18  19  43  29  47  7  50  20  8  15  6  26  34  49  55  22  56  46  42
   5  4  13  3  57  12  45  2  21  56  38  11  18  44  7  1  23  20  25  55  53  37  48  10  51  17  29  43  35  6  14  58  46  22  39  19  8  24  26  54  49  52  30  36  15  47  40  9  27  50  31  16  41  28  32  42  33  34
   5  6  55  7  11  56  23  8  47  12  30  57  50  24  3  9  45  48  43  13  15  31  20  58  17  51  39  25  33  4  54  10  22  46  29  49  2  44  42  14  19  16  38  32  53  21  28  1  41  18  37  52  27  40  36  26  35  34
   5  8  39  11  23  42  1  14  15  26  22  45  24  4  57  17  9  18  3  29  35  25  50  48  41  27  49  7  31  2  36  20  56  12  19  21  54  6  58  32  47  38  46  28  33  53  16  51  55  44  43  30  13  52  40  10  37  34
   5  10  20  40  21  42  25  50  41  23  46  33  7  14  28  56  53  47  35  11  22  44  29  58  57  55  51  43  27  54  49  39  19  38  17  34  9  18  36  13  26  52  45  31  3  6  12  24  48  37  15  30  1  2  4  8  16  32
   5  10  23  15  35  28  37  20  41  40  14  33  56  42  53  25  31  46  21  45  55  19  22  38  7  3  1  47  29  58  18  30  32  36  9  51  48  26  16  50  17  2  54  24  13  27  4  43  11  12  49  8  57  6  44  52  39  34
   5  11  36  32  35  18  16  47  9  8  53  34  4  56  17  2  28  38  1  14  19  30  7  39  15  33  49  37  46  54  48  23  27  24  41  43  12  50  51  6  25  55  3  42  57  31  21  58  45  40  29  52  20  44  26  10  22  13
   5  12  7  19  47  14  15  26  9  54  6  21  30  22  49  33  53  16  39  3  17  13  52  28  31  37  11  29  27  56  58  40  8  2  57  23  42  46  32  10  45  24  4  20  51  1  50  35  25  38  55  44  43  18  48  36  41  34
   5  13  22  10  26  44  20  52  29  40  45  58  21  31  57  42  3  55  25  6  51  50  12  43  41  24  27  23  48  54  46  37  49  33  15  39  7  30  19  14  1  38  28  2  17  56  4  34  53  8  9  47  16  18  35  32  36  11
   5  14  49  23  1  58  51  32  35  10  56  9  4  2  45  41  17  44  57  19  37  7  24  18  55  13  21  11  25  54  40  50  42  26  47  53  36  8  48  28  15  46  12  16  31  33  38  27  39  6  3  22  29  30  52  20  43  34
   5  16  33  27  13  44  29  38  3  24  48  55  36  40  41  49  39  14  17  35  57  1  54  8  21  47  31  51  23  52  22  2  18  50  37  25  30  28  6  46  43  10  20  12  11  7  26  19  53  32  9  58  15  42  56  4  45  34
   5  18  17  31  25  30  7  44  29  38  40  43  10  20  37  57  3  42  35  51  19  53  26  56  45  23  41  33  21  50  4  12  52  16  27  55  24  48  22  6  13  32  28  8  49  39  14  11  9  58  15  36  1  54  2  46  47  34
   5  18  53  2  19  33  48  43  25  31  29  10  36  47  4  38  7  37  27  50  3  58  20  13  35  8  17  14  15  54  41  6  57  40  26  11  16  34  28  30  49  23  12  55  21  52  22  32  9  56  1  39  46  24  51  42  45  44
   5  22  43  39  49  2  21  56  23  8  24  19  16  38  29  15  47  40  13  25  1  41  28  36  35  33  3  55  17  46  26  32  4  6  7  57  12  30  54  42  11  18  44  58  9  45  48  53  37  52  27  50  31  20  10  14  51  34
   5  23  35  43  9  6  4  42  28  58  19  52  15  10  46  11  27  18  12  8  25  56  57  38  45  30  20  33  22  54  36  24  16  50  53  55  17  31  1  40  7  44  49  13  48  32  41  47  51  34  3  2  21  14  29  39  26  37
   5  24  9  55  28  40  15  13  27  47  25  2  45  39  22  23  16  6  17  58  7  10  48  18  51  56  21  30  26  54  35  50  4  31  19  44  46  32  12  34  57  14  20  37  36  43  53  42  1  52  49  11  41  8  3  38  29  33
   5  24  27  43  3  46  57  4  49  22  16  7  48  18  25  23  11  10  31  41  21  35  58  26  1  9  13  37  15  44  8  42  38  30  55  29  6  50  12  2  39  40  52  54  47  19  36  45  51  20  33  28  17  32  14  56  53  34
   5  26  11  47  15  32  35  10  17  36  8  53  22  56  21  31  33  38  49  57  41  29  30  16  25  43  23  19  13  42  48  52  14  54  45  1  58  12  28  20  9  4  2  50  27  51  24  37  7  46  39  6  3  44  18  40  55  34
   5  28  53  51  27  18  13  16  43  50  58  41  54  36  17  39  55  8  9  15  3  23  2  6  49  19  33  1  11  40  30  4  48  20  35  31  52  32  44  38  37  26  10  46  7  25  12  29  21  14  45  42  47  56  22  24  57  34
   5  30  3  18  49  58  53  23  20  2  12  13  19  55  35  33  21  8  48  52  17  43  22  14  25  32  15  31  9  54  29  56  41  10  1  6  36  39  57  47  46  40  4  24  26  38  51  11  7  42  16  37  45  34  27  44  28  50
   5  32  16  8  4  2  1  30  15  37  48  24  12  6  3  31  45  52  26  13  36  18  9  34  17  38  19  39  49  54  27  43  51  55  57  58  29  44  22  11  35  47  53  56  28  14  7  33  46  23  41  50  25  42  21  40  20  10
   5  33  29  38  3  8  41  11  49  52  1  42  53  43  36  37  20  14  57  34  12  32  46  44  19  31  4  50  35  54  26  30  21  56  51  18  48  10  7  58  17  6  16  23  22  39  45  2  25  47  27  13  15  40  28  55  9  24
   5  36  47  9  17  20  41  40  31  48  26  51  8  14  1  13  27  4  23  21  25  57  6  24  29  39  15  45  3  32  16  44  10  58  53  35  28  54  50  52  33  56  42  30  43  37  22  55  19  2  11  12  49  46  38  18  7  34
   5  37  26  39  29  14  21  2  3  34  51  47  41  32  48  13  49  44  7  40  1  31  17  55  53  50  16  24  36  54  22  33  20  30  45  38  57  56  25  8  12  18  27  11  46  10  15  52  19  58  28  42  4  6  9  43  35  23
   5  38  31  13  29  6  19  46  57  4  18  39  40  52  55  21  49  32  41  37  45  51  36  14  53  15  25  27  1  30  56  54  44  24  43  7  22  16  8  12  3  20  50  26  23  11  10  47  33  28  17  48  35  58  42  2  9  34
   5  40  15  17  41  50  55  52  25  18  10  27  14  32  51  29  13  2  1  53  7  45  8  4  19  49  35  9  57  28  38  6  20  48  33  37  16  36  24  30  31  42  58  22  3  43  56  39  47  54  23  26  21  12  46  44  11  34
   5  42  57  21  53  36  33  58  51  32  2  15  46  12  47  37  35  30  19  11  27  39  38  52  43  25  45  49  55  26  20  16  54  14  23  9  10  56  40  48  1  6  8  18  41  17  44  31  3  22  29  4  7  24  50  28  13  34
   5  44  41  25  7  22  11  6  19  46  52  3  20  50  43  45  57  58  37  27  47  33  10  42  9  1  55  31  53  24  2  26  30  38  13  39  4  18  56  8  29  28  16  14  21  49  32  23  17  48  35  40  51  36  54  12  15  34
   5  44  45  42  51  24  46  39  1  56  9  32  22  52  21  55  12  23  49  30  28  34  16  11  26  40  57  6  41  54  15  14  17  8  35  13  20  58  3  50  27  37  7  38  4  47  36  10  29  31  25  43  48  33  19  2  53  18
   5  47  17  30  46  43  3  40  22  18  4  14  49  24  25  58  26  32  53  38  15  23  51  31  20  11  9  2  7  54  12  42  29  13  16  56  19  37  41  55  45  10  35  34  1  33  27  6  21  44  36  8  28  39  48  50  57  52
   5  48  9  33  31  52  25  18  13  16  36  37  26  10  35  3  43  56  15  1  29  21  12  22  57  11  17  53  49  20  24  46  40  28  51  41  50  58  30  44  27  14  32  6  39  55  8  7  45  42  47  54  23  2  4  38  19  34
   5  50  51  37  43  38  3  24  39  30  28  25  58  48  31  11  7  26  33  17  49  15  42  12  23  45  27  35  47  18  6  56  16  52  41  13  44  20  46  4  55  36  40  2  19  29  54  57  1  10  53  32  9  14  8  22  21  34
   5  52  35  41  55  24  39  30  7  44  20  13  32  28  27  19  29  54  51  33  11  9  14  2  47  21  37  17  45  16  46  8  50  18  31  43  38  40  4  22  25  58  48  56  57  3  42  49  15  36  1  10  53  26  12  6  23  34
   5  52  57  50  48  39  28  8  36  44  21  6  27  33  1  34  35  10  45  55  41  37  19  56  16  13  29  42  12  54  7  2  9  11  20  31  51  23  15  38  53  32  26  58  25  24  49  14  4  18  22  40  3  43  46  30  17  47
   5  54  19  45  9  10  17  36  33  58  12  1  6  8  23  27  51  24  11  49  31  3  44  50  13  55  47  57  43  14  28  18  26  42  21  15  32  2  20  40  53  22  56  52  37  35  30  41  29  4  7  46  39  38  16  48  25  34
   5  55  15  47  45  23  17  10  51  30  35  31  46  34  20  43  1  11  3  33  9  40  27  2  22  6  7  18  21  54  4  44  12  14  36  42  49  8  29  24  28  13  25  39  16  58  48  56  26  50  19  32  57  37  53  52  41  38
   5  56  3  49  21  54  53  42  1  14  4  47  38  46  19  35  15  52  29  7  51  55  16  40  37  31  57  39  41  12  10  28  2  8  11  45  26  22  36  58  23  44  6  48  17  9  18  33  43  30  13  24  25  50  20  32  27  34
   5  56  49  6  20  47  19  24  21  11  17  37  25  44  9  30  41  58  36  2  46  55  26  8  7  43  45  32  28  54  3  10  53  39  12  40  35  38  48  42  22  34  15  50  29  18  1  23  57  13  4  33  51  52  16  14  27  31
   6  3  31  45  52  26  13  36  18  9  34  17  38  19  39  49  54  27  43  51  55  57  58  29  44  22  11  35  47  53  56  28  14  7  33  46  23  41  50  25  42  21  40  20  10  5  32  16  8  4  2  1  30  15  37  48  24  12
   6  4  24  33  18  17  11  40  28  50  30  51  54  49  16  48  44  37  55  46  36  12  19  52  27  39  2  15  21  47  58  29  53  7  32  34  38  8  9  56  42  1  45  26  31  41  23  57  13  10  25  14  22  5  43  35  3  20
   6  5  14  51  13  1  50  22  38  12  10  28  43  26  2  41  44  17  24  20  56  27  52  4  23  29  34  48  40  53  54  45  8  46  58  9  37  21  47  49  31  16  33  57  18  15  42  35  39  3  32  7  55  36  30  25  11  19
   6  7  18  21  54  4  44  12  14  36  42  49  8  29  24  28  13  25  39  16  58  48  56  26  50  19  32  57  37  53  52  41  38  5  55  15  47  45  23  17  10  51  30  35  31  46  34  20  43  1  11  3  33  9  40  27  2  22
   6  7  56  8  12  57  24  9  48  13  31  58  51  25  4  10  46  49  44  14  16  32  21  1  18  52  40  26  34  5  55  11  23  47  30  50  3  45  43  15  20  17  39  33  54  22  29  2  42  19  38  53  28  41  37  27  36  35
   6  9  40  12  24  43  2  15  16  27  23  46  25  5  58  18  10  19  4  30  36  26  51  49  42  28  50  8  32  3  37  21  57  13  20  22  55  7  1  33  48  39  47  29  34  54  17  52  56  45  44  31  14  53  41  11  38  35
   6  11  24  16  36  29  38  21  42  41  15  34  57  43  54  26  32  47  22  46  56  20  23  39  8  4  2  48  30  1  19  31  33  37  10  52  49  27  17  51  18  3  55  25  14  28  5  44  12  13  50  9  58  7  45  53  40  35
   6  13  8  20  48  15  16  27  10  55  7  22  31  23  50  34  54  17  40  4  18  14  53  29  32  38  12  30  28  57  1  41  9  3  58  24  43  47  33  11  46  25  5  21  52  2  51  36  26  39  56  45  44  19  49  37  42  35
   6  15  8  20  50  7  47  29  43  19  18  45  24  1  32  21  23  28  11  57  54  17  13  3  37  4  10  25  33  53  44  51  39  9  52  12  30  16  40  41  14  35  58  27  38  36  31  48  2  5  42  46  56  22  55  49  34  26
   6  17  34  28  14  45  30  39  4  25  49  56  37  41  42  50  40  15  18  36  58  2  55  9  22  48  32  52  24  53  23  3  19  51  38  26  31  29  7  47  44  11  21  13  12  8  27  20  54  33  10  1  16  43  57  5  46  35
   6  19  18  32  26  31  8  45  30  39  41  44  11  21  38  58  4  43  36  52  20  54  27  57  46  24  42  34  22  51  5  13  53  17  28  56  25  49  23  7  14  33  29  9  50  40  15  12  10  1  16  37  2  55  3  47  48  35
   6  20  47  19  24  21  11  17  37  25  44  9  30  41  58  36  2  46  55  26  8  7  43  45  32  28  54  3  10  53  39  12  40  35  38  48  42  22  34  15  50  29  18  1  23  57  13  4  33  51  52  16  14  27  31  5  56  49
   6  21  2  36  38  17  44  51  56  53  33  32  43  1  34  8  26  13  54  10  40  48  57  47  12  58  52  16  20  49  45  23  29  41  18  28  19  11  39  25  42  55  37  5  30  14  3  4  24  27  22  15  46  9  7  31  50  35
   6  22  2  27  40  9  33  3  11  1  43  20  34  46  31  35  30  51  10  17  23  45  47  15  55  5  38  41  52  53  37  57  32  19  50  26  56  48  58  16  39  25  13  28  24  29  8  49  42  36  14  12  44  4  54  21  18  7
   6  23  44  40  50  3  22  57  24  9  25  20  17  39  30  16  48  41  14  26  2  42  29  37  36  34  4  56  18  47  27  33  5  7  8  58  13  31  55  43  12  19  45  1  10  46  49  54  38  53  28  51  32  21  11  15  52  35
   6  25  28  44  4  47  58  5  50  23  17  8  49  19  26  24  12  11  32  42  22  36  1  27  2  10  14  38  16  45  9  43  39  31  56  30  7  51  13  3  40  41  53  55  48  20  37  46  52  21  34  29  18  33  15  57  54  35
   6  25  55  3  42  57  31  21  58  45  40  29  52  20  44  26  10  22  13  5  11  36  32  35  18  16  47  9  8  53  34  4  56  17  2  28  38  1  14  19  30  7  39  15  33  49  37  46  54  48  23  27  24  41  43  12  50  51
   6  26  34  49  55  22  56  46  42  5  2  48  31  36  38  27  58  35  14  41  40  16  30  12  52  9  39  51  44  53  33  25  10  4  37  3  13  17  54  57  11  28  23  21  32  1  24  45  18  19  43  29  47  7  50  20  8  15
   6  27  12  48  16  33  36  11  18  37  9  54  23  57  22  32  34  39  50  58  42  30  31  17  26  44  24  20  14  43  49  53  15  55  46  2  1  13  29  21  10  5  3  51  28  52  25  38  8  47  40  7  4  45  19  41  56  35
   6  28  52  46  18  25  38  20  54  16  55  1  44  48  47  3  14  26  23  9  42  19  10  27  8  57  30  22  24  53  31  7  13  41  34  21  39  5  43  4  58  15  11  12  56  45  33  36  50  17  40  49  32  51  2  29  37  35
   6  29  32  17  33  12  58  5  34  7  24  57  10  9  14  48  55  20  18  28  37  51  40  36  56  15  43  21  13  53  30  27  42  26  47  1  54  25  52  35  2  49  50  45  11  4  39  41  31  22  8  19  23  3  44  16  38  46
   6  31  38  56  40  5  50  23  12  7  51  30  29  17  14  48  20  37  28  32  24  18  33  55  16  54  44  42  10  39  13  15  25  45  26  4  47  53  3  57  8  49  19  43  46  58  1  22  36  41  52  21  34  11  27  9  2  35
   6  33  22  2  52  49  28  29  38  21  43  18  3  55  10  56  42  7  46  48  44  12  5  45  40  30  54  24  8  37  53  25  1  11  16  34  41  15  19  17  36  13  27  39  26  32  47  14  50  9  58  57  20  23  31  51  4  35
   6  35  37  29  2  51  32  49  40  17  50  36  33  45  56  12  11  15  58  4  43  5  39  21  34  41  13  7  31  53  24  22  30  57  8  27  10  19  42  9  23  26  14  3  47  48  44  1  55  16  54  20  38  25  18  46  52  28
   6  37  48  10  18  21  42  41  32  49  27  52  9  15  2  14  28  5  24  22  26  58  7  25  30  40  16  46  4  33  17  45  11  1  54  36  29  55  51  53  34  57  43  31  44  38  23  56  20  3  12  13  50  47  39  19  8  35
   6  41  16  18  42  51  56  53  26  19  11  28  15  33  52  30  14  3  2  54  8  46  9  5  20  50  36  10  58  29  39  7  21  49  34  38  17  37  25  31  32  43  1  23  4  44  57  40  48  55  24  27  22  13  47  45  12  35
   6  45  13  9  38  49  43  57  44  35  56  7  23  25  40  5  8  1  37  12  31  26  18  17  39  27  55  29  11  53  14  46  50  21  10  16  2  15  24  3  52  36  34  19  54  51  58  22  47  28  33  41  42  20  32  4  30  48
   6  45  42  26  8  23  12  7  20  47  53  4  21  51  44  46  58  1  38  28  48  34  11  43  10  2  56  32  54  25  3  27  31  39  14  40  5  19  57  9  30  29  17  15  22  50  33  24  18  49  36  41  52  37  55  13  16  35
   6  48  30  4  32  20  42  41  33  28  47  22  58  51  54  19  34  36  52  3  24  15  2  16  10  21  50  46  14  53  11  29  55  27  39  17  18  26  31  12  37  1  8  5  40  25  23  7  56  35  44  57  43  49  38  9  13  45
   6  49  10  34  32  53  26  19  14  17  37  38  27  11  36  4  44  57  16  2  30  22  13  23  58  12  18  54  50  21  25  47  41  29  52  42  51  1  31  45  28  15  33  7  40  56  9  8  46  43  48  55  24  3  5  39  20  35
   6  49  56  5  31  27  14  16  52  51  33  4  13  57  23  1  18  29  50  15  34  22  42  48  38  35  40  12  39  53  10  3  54  28  32  45  43  7  8  26  55  46  2  36  58  41  30  9  44  25  37  17  11  21  24  19  47  20
   6  51  50  12  43  41  24  27  23  48  54  46  37  49  33  15  39  7  30  19  14  1  38  28  2  17  56  4  34  53  8  9  47  16  18  35  32  36  11  5  13  22  10  26  44  20  52  29  40  45  58  21  31  57  42  3  55  25
   6  51  52  38  44  39  4  25  40  31  29  26  1  49  32  12  8  27  34  18  50  16  43  13  24  46  28  36  48  19  7  57  17  53  42  14  45  21  47  5  56  37  41  3  20  30  55  58  2  11  54  33  10  15  9  23  22  35
   6  53  36  42  56  25  40  31  8  45  21  14  33  29  28  20  30  55  52  34  12  10  15  3  48  22  38  18  46  17  47  9  51  19  32  44  39  41  5  23  26  1  49  57  58  4  43  50  16  37  2  11  54  27  13  7  24  35
   6  55  20  46  10  11  18  37  34  1  13  2  7  9  24  28  52  25  12  50  32  4  45  51  14  56  48  58  44  15  29  19  27  43  22  16  33  3  21  41  54  23  57  53  38  36  31  42  30  5  8  47  40  39  17  49  26  35
   6  57  4  50  22  55  54  43  2  15  5  48  39  47  20  36  16  53  30  8  52  56  17  41  38  32  58  40  42  13  11  29  3  9  12  46  27  23  37  1  24  45  7  49  18  10  19  34  44  31  14  25  26  51  21  33  28  35
   6  57  40  26  11  16  34  28  30  49  23  12  55  21  52  22  32  9  56  1  39  46  24  51  42  45  44  5  18  53  2  19  33  48  43  25  31  29  10  36  47  4  38  7  37  27  50  3  58  20  13  35  8  17  14  15  54  41
   7  2  47  55  35  42  33  50  29  30  56  37  14  28  17  45  39  24  49  25  15  51  48  32  5  9  11  23  41  12  52  40  38  34  3  19  22  44  54  20  53  10  16  46  57  43  8  27  1  58  21  4  13  6  26  18  31  36
   7  6  22  2  27  40  9  33  3  11  1  43  20  34  46  31  35  30  51  10  17  23  45  47  15  55  5  38  41  52  53  37  57  32  19  50  26  56  48  58  16  39  25  13  28  24  29  8  49  42  36  14  12  44  4  54  21  18
   7  8  26  55  46  2  36  58  41  30  9  44  25  37  17  11  21  24  19  47  20  6  49  56  5  31  27  14  16  52  51  33  4  13  57  23  1  18  29  50  15  34  22  42  48  38  35  40  12  39  53  10  3  54  28  32  45  43
   7  10  41  13  25  44  3  16  17  28  24  47  26  6  1  19  11  20  5  31  37  27  52  50  43  29  51  9  33  4  38  22  58  14  21  23  56  8  2  34  49  40  48  30  35  55  18  53  57  46  45  32  15  54  42  12  39  36
   7  11  51  38  26  24  4  40  46  47  57  39  36  6  1  10  41  56  29  54  9  31  15  32  25  14  22  43  17  52  48  8  21  33  35  55  19  13  12  2  20  23  53  58  49  18  3  30  5  50  28  44  27  34  45  37  16  42
   7  13  41  34  21  39  5  43  4  58  15  11  12  56  45  33  36  50  17  40  49  32  51  2  29  37  35  6  28  52  46  18  25  38  20  54  16  55  1  44  48  47  3  14  26  23  9  42  19  10  27  8  57  30  22  24  53  31
   7  14  9  21  49  16  17  28  11  56  8  23  32  24  51  35  55  18  41  5  19  15  54  30  33  39  13  31  29  58  2  42  10  4  1  25  44  48  34  12  47  26  6  22  53  3  52  37  27  40  57  46  45  20  50  38  43  36
   7  14  28  56  53  47  35  11  22  44  29  58  57  55  51  43  27  54  49  39  19  38  17  34  9  18  36  13  26  52  45  31  3  6  12  24  48  37  15  30  1  2  4  8  16  32  5  10  20  40  21  42  25  50  41  23  46  33
   7  16  51  25  3  2  53  34  37  12  58  11  6  4  47  43  19  46  1  21  39  9  26  20  57  15  23  13  27  56  42  52  44  28  49  55  38  10  50  30  17  48  14  18  33  35  40  29  41  8  5  24  31  32  54  22  45  36
   7  20  19  33  27  32  9  46  31  40  42  45  12  22  39  1  5  44  37  53  21  55  28  58  47  25  43  35  23  52  6  14  54  18  29  57  26  50  24  8  15  34  30  10  51  41  16  13  11  2  17  38  3  56  4  48  49  36
   7  22  3  37  39  18  45  52  57  54  34  33  44  2  35  9  27  14  55  11  41  49  58  48  13  1  53  17  21  50  46  24  30  42  19  29  20  12  40  26  43  56  38  6  31  15  4  5  25  28  23  16  47  10  8  32  51  36
   7  24  45  41  51  4  23  58  25  10  26  21  18  40  31  17  49  42  15  27  3  43  30  38  37  35  5  57  19  48  28  34  6  8  9  1  14  32  56  44  13  20  46  2  11  47  50  55  39  54  29  52  33  22  12  16  53  36
   7  28  13  49  17  34  37  12  19  38  10  55  24  58  23  33  35  40  51  1  43  31  32  18  27  45  25  21  15  44  50  54  16  56  47  3  2  14  30  22  11  6  4  52  29  53  26  39  9  48  41  8  5  46  20  42  57  36
   7  31  53  24  22  30  57  8  27  10  19  42  9  23  26  14  3  47  48  44  1  55  16  54  20  38  25  18  46  52  28  6  35  37  29  2  51  32  49  40  17  50  36  33  45  56  12  11  15  58  4  43  5  39  21  34  41  13
   7  32  39  57  41  6  51  24  13  8  52  31  30  18  15  49  21  38  29  33  25  19  34  56  17  55  45  43  11  40  14  16  26  46  27  5  48  54  4  58  9  50  20  44  47  1  2  23  37  42  53  22  35  12  28  10  3  36
   7  33  46  23  41  50  25  42  21  40  20  10  5  32  16  8  4  2  1  30  15  37  48  24  12  6  3  31  45  52  26  13  36  18  9  34  17  38  19  39  49  54  27  43  51  55  57  58  29  44  22  11  35  47  53  56  28  14
   7  34  23  3  53  50  29  30  39  22  44  19  4  56  11  57  43  8  47  49  45  13  6  46  41  31  55  25  9  38  54  26  2  12  17  35  42  16  20  18  37  14  28  40  27  33  48  15  51  10  1  58  21  24  32  52  5  36
   7  38  49  11  19  22  43  42  33  50  28  53  10  16  3  15  29  6  25  23  27  1  8  26  31  41  17  47  5  34  18  46  12  2  55  37  30  56  52  54  35  58  44  32  45  39  24  57  21  4  13  14  51  48  40  20  9  36
   7  40  33  15  31  8  21  48  1  6  20  41  42  54  57  23  51  34  43  39  47  53  38  16  55  17  27  29  3  32  58  56  46  26  45  9  24  18  10  14  5  22  52  28  25  13  12  49  35  30  19  50  37  2  44  4  11  36
   7  42  16  37  45  34  27  44  28  50  5  30  3  18  49  58  53  23  20  2  12  13  19  55  35  33  21  8  48  52  17  43  22  14  25  32  15  31  9  54  29  56  41  10  1  6  36  39  57  47  46  40  4  24  26  38  51  11
   7  42  17  19  43  52  57  54  27  20  12  29  16  34  53  31  15  4  3  55  9  47  10  6  21  51  37  11  1  30  40  8  22  50  35  39  18  38  26  32  33  44  2  24  5  45  58  41  49  56  25  28  23  14  48  46  13  36
   7  46  43  27  9  24  13  8  21  48  54  5  22  52  45  47  1  2  39  29  49  35  12  44  11  3  57  33  55  26  4  28  32  40  15  41  6  20  58  10  31  30  18  16  23  51  34  25  19  50  37  42  53  38  56  14  17  36
   7  47  29  43  19  18  45  24  1  32  21  23  28  11  57  54  17  13  3  37  4  10  25  33  53  44  51  39  9  52  12  30  16  40  41  14  35  58  27  38  36  31  48  2  5  42  46  56  22  55  49  34  26  6  15  8  20  50
   7  48  27  31  21  10  49  14  47  4  46  51  54  32  41  55  23  30  57  45  11  29  42  34  35  37  9  15  53  24  44  38  8  6  5  13  58  40  16  28  1  52  26  12  3  25  22  17  33  18  43  20  39  50  2  56  19  36
   7  50  11  35  33  54  27  20  15  18  38  39  28  12  37  5  45  58  17  3  31  23  14  24  1  13  19  55  51  22  26  48  42  30  53  43  52  2  32  46  29  16  34  8  41  57  10  9  47  44  49  56  25  4  6  40  21  36
   7  50  20  8  15  6  26  34  49  55  22  56  46  42  5  2  48  31  36  38  27  58  35  14  41  40  16  30  12  52  9  39  51  44  53  33  25  10  4  37  3  13  17  54  57  11  28  23  21  32  1  24  45  18  19  43  29  47
   7  52  53  39  45  40  5  26  41  32  30  27  2  50  33  13  9  28  35  19  51  17  44  14  25  47  29  37  49  20  8  58  18  54  43  15  46  22  48  6  57  38  42  4  21  31  56  1  3  12  55  34  11  16  10  24  23  36
   7  54  37  43  57  26  41  32  9  46  22  15  34  30  29  21  31  56  53  35  13  11  16  4  49  23  39  19  47  18  48  10  52  20  33  45  40  42  6  24  27  2  50  58  1  5  44  51  17  38  3  12  55  28  14  8  25  36
   7  55  36  30  25  11  19  6  5  14  51  13  1  50  22  38  12  10  28  43  26  2  41  44  17  24  20  56  27  52  4  23  29  34  48  40  53  54  45  8  46  58  9  37  21  47  49  31  16  33  57  18  15  42  35  39  3  32
   7  56  21  47  11  12  19  38  35  2  14  3  8  10  25  29  53  26  13  51  33  5  46  52  15  57  49  1  45  16  30  20  28  44  23  17  34  4  22  42  55  24  58  54  39  37  32  43  31  6  9  48  41  40  18  50  27  36
   8  3  48  56  36  43  34  51  30  31  57  38  15  29  18  46  40  25  50  26  16  52  49  33  6  10  12  24  42  13  53  41  39  35  4  20  23  45  55  21  54  11  17  47  58  44  9  28  2  1  22  5  14  7  27  19  32  37
   8  7  16  6  2  15  48  5  24  1  41  14  21  47  10  4  26  23  28  58  56  40  51  13  54  20  32  46  38  9  17  3  49  25  42  22  11  27  29  57  52  55  33  39  18  50  43  12  30  53  34  19  44  31  35  45  36  37
   8  11  42  14  26  45  4  17  18  29  25  48  27  7  2  20  12  21  6  32  38  28  53  51  44  30  52  10  34  5  39  23  1  15  22  24  57  9  3  35  50  41  49  31  36  56  19  54  58  47  46  33  16  55  43  13  40  37
   8  12  18  27  11  46  10  15  52  19  58  28  42  4  6  9  43  35  23  5  37  26  39  29  14  21  2  3  34  51  47  41  32  48  13  49  44  7  40  1  31  17  55  53  50  16  24  36  54  22  33  20  30  45  38  57  56  25
   8  13  26  18  38  31  40  23  44  43  17  36  1  45  56  28  34  49  24  48  58  22  25  41  10  6  4  50  32  3  21  33  35  39  12  54  51  29  19  53  20  5  57  27  16  30  7  46  14  15  52  11  2  9  47  55  42  37
   8  15  6  26  34  49  55  22  56  46  42  5  2  48  31  36  38  27  58  35  14  41  40  16  30  12  52  9  39  51  44  53  33  25  10  4  37  3  13  17  54  57  11  28  23  21  32  1  24  45  18  19  43  29  47  7  50  20
   8  15  10  22  50  17  18  29  12  57  9  24  33  25  52  36  56  19  42  6  20  16  55  31  34  40  14  32  30  1  3  43  11  5  2  26  45  49  35  13  48  27  7  23  54  4  53  38  28  41  58  47  46  21  51  39  44  37
   8  17  52  26  4  3  54  35  38  13  1  12  7  5  48  44  20  47  2  22  40  10  27  21  58  16  24  14  28  57  43  53  45  29  50  56  39  11  51  31  18  49  15  19  34  36  41  30  42  9  6  25  32  33  55  23  46  37
   8  19  23  3  44  16  38  46  6  29  32  17  33  12  58  5  34  7  24  57  10  9  14  48  55  20  18  28  37  51  40  36  56  15  43  21  13  53  30  27  42  26  47  1  54  25  52  35  2  49  50  45  11  4  39  41  31  22
   8  20  50  7  47  29  43  19  18  45  24  1  32  21  23  28  11  57  54  17  13  3  37  4  10  25  33  53  44  51  39  9  52  12  30  16  40  41  14  35  58  27  38  36  31  48  2  5  42  46  56  22  55  49  34  26  6  15
   8  21  20  34  28  33  10  47  32  41  43  46  13  23  40  2  6  45  38  54  22  56  29  1  48  26  44  36  24  53  7  15  55  19  30  58  27  51  25  9  16  35  31  11  52  42  17  14  12  3  18  39  4  57  5  49  50  37
   8  21  33  35  55  19  13  12  2  20  23  53  58  49  18  3  30  5  50  28  44  27  34  45  37  16  42  7  11  51  38  26  24  4  40  46  47  57  39  36  6  1  10  41  56  29  54  9  31  15  32  25  14  22  43  17  52  48
   8  22  31  41  39  4  11  45  50  49  2  35  52  25  54  1  47  26  42  27  30  53  13  21  43  15  56  36  40  51  37  28  18  20  55  48  14  9  10  57  24  7  34  5  58  12  33  17  32  29  6  46  38  16  44  3  23  19
   8  23  4  38  40  19  46  53  58  55  35  34  45  3  36  10  28  15  56  12  42  50  1  49  14  2  54  18  22  51  47  25  31  43  20  30  21  13  41  27  44  57  39  7  32  16  5  6  26  29  24  17  48  11  9  33  52  37
   8  25  46  42  52  5  24  1  26  11  27  22  19  41  32  18  50  43  16  28  4  44  31  39  38  36  6  58  20  49  29  35  7  9  10  2  15  33  57  45  14  21  47  3  12  48  51  56  40  55  30  53  34  23  13  17  54  37
   8  25  56  57  38  45  30  20  33  22  54  36  24  16  50  53  55  17  31  1  40  7  44  49  13  48  32  41  47  51  34  3  2  21  14  29  39  26  37  5  23  35  43  9  6  4  42  28  58  19  52  15  10  46  11  27  18  12
   8  29  24  28  13  25  39  16  58  48  56  26  50  19  32  57  37  53  52  41  38  5  55  15  47  45  23  17  10  51  30  35  31  46  34  20  43  1  11  3  33  9  40  27  2  22  6  7  18  21  54  4  44  12  14  36  42  49
   8  39  50  12  20  23  44  43  34  51  29  54  11  17  4  16  30  7  26  24  28  2  9  27  32  42  18  48  6  35  19  47  13  3  56  38  31  57  53  55  36  1  45  33  46  40  25  58  22  5  14  15  52  49  41  21  10  37
   8  41  34  16  32  9  22  49  2  7  21  42  43  55  58  24  52  35  44  40  48  54  39  17  56  18  28  30  4  33  1  57  47  27  46  10  25  19  11  15  6  23  53  29  26  14  13  50  36  31  20  51  38  3  45  5  12  37
   8  45  2  24  56  39  36  3  54  35  5  18  49  15  50  40  38  33  22  14  30  42  41  55  46  28  48  52  58  29  23  19  57  17  26  12  13  1  43  51  4  9  11  21  44  20  47  34  6  25  32  7  10  27  53  31  16  37
   8  47  44  28  10  25  14  9  22  49  55  6  23  53  46  48  2  3  40  30  50  36  13  45  12  4  58  34  56  27  5  29  33  41  16  42  7  21  1  11  32  31  19  17  24  52  35  26  20  51  38  43  54  39  57  15  18  37
   8  48  52  17  43  22  14  25  32  15  31  9  54  29  56  41  10  1  6  36  39  57  47  46  40  4  24  26  38  51  11  7  42  16  37  45  34  27  44  28  50  5  30  3  18  49  58  53  23  20  2  12  13  19  55  35  33  21
   8  49  28  32  22  11  50  15  48  5  47  52  55  33  42  56  24  31  58  46  12  30  43  35  36  38  10  16  54  25  45  39  9  7  6  14  1  41  17  29  2  53  27  13  4  26  23  18  34  19  44  21  40  51  3  57  20  37
   8  51  12  36  34  55  28  21  16  19  39  40  29  13  38  6  46  1  18  4  32  24  15  25  2  14  20  56  52  23  27  49  43  31  54  44  53  3  33  47  30  17  35  9  42  58  11  10  48  45  50  57  26  5  7  41  22  37
   8  53  34  4  56  17  2  28  38  1  14  19  30  7  39  15  33  49  37  46  54  48  23  27  24  41  43  12  50  51  6  25  55  3  42  57  31  21  58  45  40  29  52  20  44  26  10  22  13  5  11  36  32  35  18  16  47  9
   8  53  54  40  46  41  6  27  42  33  31  28  3  51  34  14  10  29  36  20  52  18  45  15  26  48  30  38  50  21  9  1  19  55  44  16  47  23  49  7  58  39  43  5  22  32  57  2  4  13  56  35  12  17  11  25  24  37
   8  57  22  48  12  13  20  39  36  3  15  4  9  11  26  30  54  27  14  52  34  6  47  53  16  58  50  2  46  17  31  21  29  45  24  18  35  5  23  43  56  25  1  55  40  38  33  44  32  7  10  49  42  41  19  51  28  37
   8  57  30  22  24  53  31  7  13  41  34  21  39  5  43  4  58  15  11  12  56  45  33  36  50  17  40  49  32  51  2  29  37  35  6  28  52  46  18  25  38  20  54  16  55  1  44  48  47  3  14  26  23  9  42  19  10  27
   9  2  7  54  12  42  29  13  16  56  19  37  41  55  45  10  35  34  1  33  27  6  21  44  36  8  28  39  48  50  57  52  5  47  17  30  46  43  3  40  22  18  4  14  49  24  25  58  26  32  53  38  15  23  51  31  20  11
   9  4  49  57  37  44  35  52  31  32  58  39  16  30  19  47  41  26  51  27  17  53  50  34  7  11  13  25  43  14  54  42  40  36  5  21  24  46  56  22  55  12  18  48  1  45  10  29  3  2  23  6  15  8  28  20  33  38
   9  8  17  7  3  16  49  6  25  2  42  15  22  48  11  5  27  24  29  1  57  41  52  14  55  21  33  47  39  10  18  4  50  26  43  23  12  28  30  58  53  56  34  40  19  51  44  13  31  54  35  20  45  32  36  46  37  38
   9  8  53  34  4  56  17  2  28  38  1  14  19  30  7  39  15  33  49  37  46  54  48  23  27  24  41  43  12  50  51  6  25  55  3  42  57  31  21  58  45  40  29  52  20  44  26  10  22  13  5  11  36  32  35  18  16  47
   9  12  43  15  27  46  5  18  19  30  26  49  28  8  3  21  13  22  7  33  39  29  54  52  45  31  53  11  35  6  40  24  2  16  23  25  58  10  4  36  51  42  50  32  37  57  20  55  1  48  47  34  17  56  44  14  41  38
   9  13  45  6  48  30  4  32  20  42  41  33  28  47  22  58  51  54  19  34  36  52  3  24  15  2  16  10  21  50  46  14  53  11  29  55  27  39  17  18  26  31  12  37  1  8  5  40  25  23  7  56  35  44  57  43  49  38
   9  14  27  19  39  32  41  24  45  44  18  37  2  46  57  29  35  50  25  49  1  23  26  42  11  7  5  51  33  4  22  34  36  40  13  55  52  30  20  54  21  6  58  28  17  31  8  47  15  16  53  12  3  10  48  56  43  38
   9  18  36  13  26  52  45  31  3  6  12  24  48  37  15  30  1  2  4  8  16  32  5  10  20  40  21  42  25  50  41  23  46  33  7  14  28  56  53  47  35  11  22  44  29  58  57  55  51  43  27  54  49  39  19  38  17  34
   9  18  53  27  5  4  55  36  39  14  2  13  8  6  49  45  21  48  3  23  41  11  28  22  1  17  25  15  29  58  44  54  46  30  51  57  40  12  52  32  19  50  16  20  35  37  42  31  43  10  7  26  33  34  56  24  47  38
   9  20  37  31  17  48  33  42  7  28  52  1  40  44  45  53  43  18  21  39  3  5  58  12  25  51  35  55  27  56  26  6  22  54  41  29  34  32  10  50  47  14  24  16  15  11  30  23  57  36  13  4  19  46  2  8  49  38
   9  23  26  14  3  47  48  44  1  55  16  54  20  38  25  18  46  52  28  6  35  37  29  2  51  32  49  40  17  50  36  33  45  56  12  11  15  58  4  43  5  39  21  34  41  13  7  31  53  24  22  30  57  8  27  10  19  42
   9  26  47  43  53  6  25  2  27  12  28  23  20  42  33  19  51  44  17  29  5  45  32  40  39  37  7  1  21  50  30  36  8  10  11  3  16  34  58  46  15  22  48  4  13  49  52  57  41  56  31  54  35  24  14  18  55  38
   9  28  31  47  7  50  3  8  53  26  20  11  52  22  29  27  15  14  35  45  25  39  4  30  5  13  17  41  19  48  12  46  42  34  1  33  10  54  16  6  43  44  56  58  51  23  40  49  55  24  37  32  21  36  18  2  57  38
   9  32  57  55  31  22  17  20  47  54  4  45  58  40  21  43  1  12  13  19  7  27  6  10  53  23  37  5  15  44  34  8  52  24  39  35  56  36  48  42  41  30  14  50  11  29  16  33  25  18  49  46  51  2  26  28  3  38
   9  34  17  38  19  39  49  54  27  43  51  55  57  58  29  44  22  11  35  47  53  56  28  14  7  33  46  23  41  50  25  42  21  40  20  10  5  32  16  8  4  2  1  30  15  37  48  24  12  6  3  31  45  52  26  13  36  18
   9  36  25  5  55  52  31  32  41  24  46  21  6  58  13  1  45  10  49  51  47  15  8  48  43  33  57  27  11  40  56  28  4  14  19  37  44  18  22  20  39  16  30  42  29  35  50  17  53  12  3  2  23  26  34  54  7  38
   9  38  49  43  57  44  35  56  7  23  25  40  5  8  1  37  12  31  26  18  17  39  27  55  29  11  53  14  46  50  21  10  16  2  15  24  3  52  36  34  19  54  51  58  22  47  28  33  41  42  20  32  4  30  48  6  45  13
   9  40  51  13  21  24  45  44  35  52  30  55  12  18  5  17  31  8  27  25  29  3  10  28  33  43  19  49  7  36  20  48  14  4  57  39  32  58  54  56  37  2  46  34  47  41  26  1  23  6  15  16  53  50  42  22  11  38
   9  42  35  17  33  10  23  50  3  8  22  43  44  56  1  25  53  36  45  41  49  55  40  18  57  19  29  31  5  34  2  58  48  28  47  11  26  20  12  16  7  24  54  30  27  15  14  51  37  32  21  52  39  4  46  6  13  38
   9  46  3  25  57  40  37  4  55  36  6  19  50  16  51  41  39  34  23  15  31  43  42  56  47  29  49  53  1  30  24  20  58  18  27  13  14  2  44  52  5  10  12  22  45  21  48  35  7  26  33  8  11  28  54  32  17  38
   9  52  12  30  16  40  41  14  35  58  27  38  36  31  48  2  5  42  46  56  22  55  49  34  26  6  15  8  20  50  7  47  29  43  19  18  45  24  1  32  21  23  28  11  57  54  17  13  3  37  4  10  25  33  53  44  51  39
   9  54  55  41  47  42  7  28  43  34  32  29  4  52  35  15  11  30  37  21  53  19  46  16  27  49  31  39  51  22  10  2  20  56  45  17  48  24  50  8  1  40  44  6  23  33  58  3  5  14  57  36  13  18  12  26  25  38
   9  55  28  40  15  13  27  47  25  2  45  39  22  23  16  6  17  58  7  10  48  18  51  56  21  30  26  54  35  50  4  31  19  44  46  32  12  34  57  14  20  37  36  43  53  42  1  52  49  11  41  8  3  38  29  33  5  24
   10  4  37  3  13  17  54  57  11  28  23  21  32  1  24  45  18  19  43  29  47  7  50  20  8  15  6  26  34  49  55  22  56  46  42  5  2  48  31  36  38  27  58  35  14  41  40  16  30  12  52  9  39  51  44  53  33  25
   10  9  18  8  4  17  50  7  26  3  43  16  23  49  12  6  28  25  30  2  58  42  53  15  56  22  34  48  40  11  19  5  51  27  44  24  13  29  31  1  54  57  35  41  20  52  45  14  32  55  36  21  46  33  37  47  38  39
   10  11  2  12  16  3  28  13  52  17  35  4  55  29  8  14  50  53  48  18  20  36  25  5  22  56  44  30  38  9  1  15  27  51  34  54  7  49  47  19  24  21  43  37  58  26  33  6  46  23  42  57  32  45  41  31  40  39
   10  13  44  16  28  47  6  19  20  31  27  50  29  9  4  22  14  23  8  34  40  30  55  53  46  32  54  12  36  7  41  25  3  17  24  26  1  11  5  37  52  43  51  33  38  58  21  56  2  49  48  35  18  57  45  15  42  39
   10  15  28  20  40  33  42  25  46  45  19  38  3  47  58  30  36  51  26  50  2  24  27  43  12  8  6  52  34  5  23  35  37  41  14  56  53  31  21  55  22  7  1  29  18  32  9  48  16  17  54  13  4  11  49  57  44  39
   10  16  2  15  24  3  52  36  34  19  54  51  58  22  47  28  33  41  42  20  32  4  30  48  6  45  13  9  38  49  43  57  44  35  56  7  23  25  40  5  8  1  37  12  31  26  18  17  39  27  55  29  11  53  14  46  50  21
   10  17  12  24  52  19  20  31  14  1  11  26  35  27  54  38  58  21  44  8  22  18  57  33  36  42  16  34  32  3  5  45  13  7  4  28  47  51  37  15  50  29  9  25  56  6  55  40  30  43  2  49  48  23  53  41  46  39
   10  19  42  9  23  26  14  3  47  48  44  1  55  16  54  20  38  25  18  46  52  28  6  35  37  29  2  51  32  49  40  17  50  36  33  45  56  12  11  15  58  4  43  5  39  21  34  41  13  7  31  53  24  22  30  57  8  27
   10  19  54  28  6  5  56  37  40  15  3  14  9  7  50  46  22  49  4  24  42  12  29  23  2  18  26  16  30  1  45  55  47  31  52  58  41  13  53  33  20  51  17  21  36  38  43  32  44  11  8  27  34  35  57  25  48  39
   10  21  38  32  18  49  34  43  8  29  53  2  41  45  46  54  44  19  22  40  4  6  1  13  26  52  36  56  28  57  27  7  23  55  42  30  35  33  11  51  48  15  25  17  16  12  31  24  58  37  14  5  20  47  3  9  50  39
   10  21  50  46  14  53  11  29  55  27  39  17  18  26  31  12  37  1  8  5  40  25  23  7  56  35  44  57  43  49  38  9  13  45  6  48  30  4  32  20  42  41  33  28  47  22  58  51  54  19  34  36  52  3  24  15  2  16
   10  25  6  40  42  21  48  55  2  57  37  36  47  5  38  12  30  17  58  14  44  52  3  51  16  4  56  20  24  53  49  27  33  45  22  32  23  15  43  29  46  1  41  9  34  18  7  8  28  31  26  19  50  13  11  35  54  39
   10  27  8  57  30  22  24  53  31  7  13  41  34  21  39  5  43  4  58  15  11  12  56  45  33  36  50  17  40  49  32  51  2  29  37  35  6  28  52  46  18  25  38  20  54  16  55  1  44  48  47  3  14  26  23  9  42  19
   10  27  48  44  54  7  26  3  28  13  29  24  21  43  34  20  52  45  18  30  6  46  33  41  40  38  8  2  22  51  31  37  9  11  12  4  17  35  1  47  16  23  49  5  14  50  53  58  42  57  32  55  36  25  15  19  56  39
   10  31  16  52  20  37  40  15  22  41  13  58  27  3  26  36  38  43  54  4  46  34  35  21  30  48  28  24  18  47  53  57  19  1  50  6  5  17  33  25  14  9  7  55  32  56  29  42  12  51  44  11  8  49  23  45  2  39
   10  35  42  2  44  9  54  27  16  11  55  34  33  21  18  52  24  41  32  36  28  22  37  1  20  58  48  46  14  43  17  19  29  49  30  8  51  57  7  3  12  53  23  47  50  4  5  26  40  45  56  25  38  15  31  13  6  39
   10  36  47  4  38  7  37  27  50  3  58  20  13  35  8  17  14  15  54  41  6  57  40  26  11  16  34  28  30  49  23  12  55  21  52  22  32  9  56  1  39  46  24  51  42  45  44  5  18  53  2  19  33  48  43  25  31  29
   10  37  26  6  56  53  32  33  42  25  47  22  7  1  14  2  46  11  50  52  48  16  9  49  44  34  58  28  12  41  57  29  5  15  20  38  45  19  23  21  40  17  31  43  30  36  51  18  54  13  4  3  24  27  35  55  8  39
   10  41  52  14  22  25  46  45  36  53  31  56  13  19  6  18  32  9  28  26  30  4  11  29  34  44  20  50  8  37  21  49  15  5  58  40  33  1  55  57  38  3  47  35  48  42  27  2  24  7  16  17  54  51  43  23  12  39
   10  43  36  18  34  11  24  51  4  9  23  44  45  57  2  26  54  37  46  42  50  56  41  19  58  20  30  32  6  35  3  1  49  29  48  12  27  21  13  17  8  25  55  31  28  16  15  52  38  33  22  53  40  5  47  7  14  39
   11  2  25  51  15  16  23  42  39  6  18  7  12  14  29  33  57  30  17  55  37  9  50  56  19  3  53  5  49  20  34  24  32  48  27  21  38  8  26  46  1  28  4  58  43  41  36  47  35  10  13  52  45  44  22  54  31  40
   11  5  13  22  10  26  44  20  52  29  40  45  58  21  31  57  42  3  55  25  6  51  50  12  43  41  24  27  23  48  54  46  37  49  33  15  39  7  30  19  14  1  38  28  2  17  56  4  34  53  8  9  47  16  18  35  32  36
   11  10  19  9  5  18  51  8  27  4  44  17  24  50  13  7  29  26  31  3  1  43  54  16  57  23  35  49  41  12  20  6  52  28  45  25  14  30  32  2  55  58  36  42  21  53  46  15  33  56  37  22  47  34  38  48  39  40
   11  16  34  28  30  49  23  12  55  21  52  22  32  9  56  1  39  46  24  51  42  45  44  5  18  53  2  19  33  48  43  25  31  29  10  36  47  4  38  7  37  27  50  3  58  20  13  35  8  17  14  15  54  41  6  57  40  26
   11  18  13  25  53  20  21  32  15  2  12  27  36  28  55  39  1  22  45  9  23  19  58  34  37  43  17  35  33  4  6  46  14  8  5  29  48  52  38  16  51  30  10  26  57  7  56  41  31  44  3  50  49  24  54  42  47  40
   11  24  23  37  31  36  13  50  35  44  46  49  16  26  43  5  9  48  41  57  25  1  32  4  51  29  47  39  27  56  10  18  58  22  33  3  30  54  28  12  19  38  34  14  55  45  20  17  15  6  21  42  7  2  8  52  53  40
   11  26  40  57  6  41  54  15  14  17  8  35  13  20  58  3  50  27  37  7  38  4  47  36  10  29  31  25  43  48  33  19  2  53  18  5  44  45  42  51  24  46  39  1  56  9  32  22  52  21  55  12  23  49  30  28  34  16
   11  32  17  53  21  38  41  16  23  42  14  1  28  4  27  37  39  44  55  5  47  35  36  22  31  49  29  25  19  48  54  58  20  2  51  7  6  18  34  26  15  10  8  56  33  57  30  43  13  52  45  12  9  50  24  46  3  40
   11  36  43  3  45  10  55  28  17  12  56  35  34  22  19  53  25  42  33  37  29  23  38  2  21  1  49  47  15  44  18  20  30  50  31  9  52  58  8  4  13  54  24  48  51  5  6  27  41  46  57  26  39  16  32  14  7  40
   11  38  27  7  57  54  33  34  43  26  48  23  8  2  15  3  47  12  51  53  49  17  10  50  45  35  1  29  13  42  58  30  6  16  21  39  46  20  24  22  41  18  32  44  31  37  52  19  55  14  5  4  25  28  36  56  9  40
   11  42  53  15  23  26  47  46  37  54  32  57  14  20  7  19  33  10  29  27  31  5  12  30  35  45  21  51  9  38  22  50  16  6  1  41  34  2  56  58  39  4  48  36  49  43  28  3  25  8  17  18  55  52  44  24  13  40
   11  44  37  19  35  12  25  52  5  10  24  45  46  58  3  27  55  38  47  43  51  57  42  20  1  21  31  33  7  36  4  2  50  30  49  13  28  22  14  18  9  26  56  32  29  17  16  53  39  34  23  54  41  6  48  8  15  40
   11  50  47  31  13  28  17  12  25  52  58  9  26  56  49  51  5  6  43  33  53  39  16  48  15  7  3  37  1  30  8  32  36  44  19  45  10  24  4  14  35  34  22  20  27  55  38  29  23  54  41  46  57  42  2  18  21  40
   11  52  31  35  25  14  53  18  51  8  50  55  58  36  45  1  27  34  3  49  15  33  46  38  39  41  13  19  57  28  48  42  12  10  9  17  4  44  20  32  5  56  30  16  7  29  26  21  37  22  47  24  43  54  6  2  23  40
   12  3  26  52  16  17  24  43  40  7  19  8  13  15  30  34  58  31  18  56  38  10  51  57  20  4  54  6  50  21  35  25  33  49  28  22  39  9  27  47  2  29  5  1  44  42  37  48  36  11  14  53  46  45  23  55  32  41
   12  5  10  56  28  3  2  49  8  21  11  54  45  53  26  42  22  1  36  14  58  4  23  47  44  38  6  46  48  19  17  35  9  15  18  52  33  29  43  7  30  51  13  55  24  16  25  40  50  37  20  31  32  57  27  39  34  41
   12  7  52  2  40  47  38  55  34  35  3  42  19  33  22  50  44  29  54  30  20  56  53  37  10  14  16  28  46  17  57  45  43  39  8  24  27  49  1  25  58  15  21  51  4  48  13  32  6  5  26  9  18  11  31  23  36  41
   12  9  36  6  52  33  16  3  2  49  53  30  51  13  18  58  8  57  14  46  40  50  25  27  34  48  26  10  44  15  39  55  19  5  56  54  21  11  17  43  28  37  29  47  42  22  1  24  20  31  32  45  4  23  35  7  38  41
   12  11  20  10  6  19  52  9  28  5  45  18  25  51  14  8  30  27  32  4  2  44  55  17  58  24  36  50  42  13  21  7  53  29  46  26  15  31  33  3  56  1  37  43  22  54  47  16  34  57  38  23  48  35  39  49  40  41
   12  14  36  42  49  8  29  24  28  13  25  39  16  58  48  56  26  50  19  32  57  37  53  52  41  38  5  55  15  47  45  23  17  10  51  30  35  31  46  34  20  43  1  11  3  33  9  40  27  2  22  6  7  18  21  54  4  44
   12  19  14  26  54  21  22  33  16  3  13  28  37  29  56  40  2  23  46  10  24  20  1  35  38  44  18  36  34  5  7  47  15  9  6  30  49  53  39  17  52  31  11  27  58  8  57  42  32  45  4  51  50  25  55  43  48  41
   12  23  40  34  20  51  36  45  10  31  55  4  43  47  48  56  46  21  24  42  6  8  3  15  28  54  38  58  30  1  29  9  25  57  44  32  37  35  13  53  50  17  27  19  18  14  33  26  2  39  16  7  22  49  5  11  52  41
   12  25  24  38  32  37  14  51  36  45  47  50  17  27  44  6  10  49  42  58  26  2  33  5  52  30  48  40  28  57  11  19  1  23  34  4  31  55  29  13  20  39  35  15  56  46  21  18  16  7  22  43  8  3  9  53  54  41
   12  33  18  54  22  39  42  17  24  43  15  2  29  5  28  38  40  45  56  6  48  36  37  23  32  50  30  26  20  49  55  1  21  3  52  8  7  19  35  27  16  11  9  57  34  58  31  44  14  53  46  13  10  51  25  47  4  41
   12  39  53  10  3  54  28  32  45  43  7  8  26  55  46  2  36  58  41  30  9  44  25  37  17  11  21  24  19  47  20  6  49  56  5  31  27  14  16  52  51  33  4  13  57  23  1  18  29  50  15  34  22  42  48  38  35  40
   12  40  35  38  48  42  22  34  15  50  29  18  1  23  57  13  4  33  51  52  16  14  27  31  5  56  49  6  20  47  19  24  21  11  17  37  25  44  9  30  41  58  36  2  46  55  26  8  7  43  45  32  28  54  3  10  53  39
   12  44  4  54  21  18  7  6  22  2  27  40  9  33  3  11  1  43  20  34  46  31  35  30  51  10  17  23  45  47  15  55  5  38  41  52  53  37  57  32  19  50  26  56  48  58  16  39  25  13  28  24  29  8  49  42  36  14
   12  45  38  20  36  13  26  53  6  11  25  46  47  1  4  28  56  39  48  44  52  58  43  21  2  22  32  34  8  37  5  3  51  31  50  14  29  23  15  19  10  27  57  33  30  18  17  54  40  35  24  55  42  7  49  9  16  41
   12  53  32  36  26  15  54  19  52  9  51  56  1  37  46  2  28  35  4  50  16  34  47  39  40  42  14  20  58  29  49  43  13  11  10  18  5  45  21  33  6  57  31  17  8  30  27  22  38  23  48  25  44  55  7  3  24  41
   12  54  7  2  9  11  20  31  51  23  15  38  53  32  26  58  25  24  49  14  4  18  22  40  3  43  46  30  17  47  5  52  57  50  48  39  28  8  36  44  21  6  27  33  1  34  35  10  45  55  41  37  19  56  16  13  29  42
   13  2  43  49  5  32  47  38  15  52  28  21  40  36  35  27  37  4  1  41  19  17  22  10  55  29  45  25  53  24  54  16  58  26  39  51  46  48  12  30  33  8  56  6  7  11  50  57  23  44  9  18  3  34  20  14  31  42
   13  4  27  53  17  18  25  44  41  8  20  9  14  16  31  35  1  32  19  57  39  11  52  58  21  5  55  7  51  22  36  26  34  50  29  23  40  10  28  48  3  30  6  2  45  43  38  49  37  12  15  54  47  46  24  56  33  42
   13  8  53  3  41  48  39  56  35  36  4  43  20  34  23  51  45  30  55  31  21  57  54  38  11  15  17  29  47  18  58  46  44  40  9  25  28  50  2  26  1  16  22  52  5  49  14  33  7  6  27  10  19  12  32  24  37  42
   13  9  38  49  43  57  44  35  56  7  23  25  40  5  8  1  37  12  31  26  18  17  39  27  55  29  11  53  14  46  50  21  10  16  2  15  24  3  52  36  34  19  54  51  58  22  47  28  33  41  42  20  32  4  30  48  6  45
   13  10  37  7  53  34  17  4  3  50  54  31  52  14  19  1  9  58  15  47  41  51  26  28  35  49  27  11  45  16  40  56  20  6  57  55  22  12  18  44  29  38  30  48  43  23  2  25  21  32  33  46  5  24  36  8  39  42
   13  14  5  15  19  6  31  16  55  20  38  7  58  32  11  17  53  56  51  21  23  39  28  8  25  1  47  33  41  12  4  18  30  54  37  57  10  52  50  22  27  24  46  40  3  29  36  9  49  26  45  2  35  48  44  34  43  42
   13  18  31  23  43  36  45  28  49  48  22  41  6  50  3  33  39  54  29  53  5  27  30  46  15  11  9  55  37  8  26  38  40  44  17  1  56  34  24  58  25  10  4  32  21  35  12  51  19  20  57  16  7  14  52  2  47  42
   13  24  41  35  21  52  37  46  11  32  56  5  44  48  49  57  47  22  25  43  7  9  4  16  29  55  39  1  31  2  30  10  26  58  45  33  38  36  14  54  51  18  28  20  19  15  34  27  3  40  17  8  23  50  6  12  53  42
   13  26  25  39  33  38  15  52  37  46  48  51  18  28  45  7  11  50  43  1  27  3  34  6  53  31  49  41  29  58  12  20  2  24  35  5  32  56  30  14  21  40  36  16  57  47  22  19  17  8  23  44  9  4  10  54  55  42
   13  26  52  45  31  3  6  12  24  48  37  15  30  1  2  4  8  16  32  5  10  20  40  21  42  25  50  41  23  46  33  7  14  28  56  53  47  35  11  22  44  29  58  57  55  51  43  27  54  49  39  19  38  17  34  9  18  36
   13  27  47  25  2  45  39  22  23  16  6  17  58  7  10  48  18  51  56  21  30  26  54  35  50  4  31  19  44  46  32  12  34  57  14  20  37  36  43  53  42  1  52  49  11  41  8  3  38  29  33  5  24  9  55  28  40  15
   13  46  39  21  37  14  27  54  7  12  26  47  48  2  5  29  57  40  49  45  53  1  44  22  3  23  33  35  9  38  6  4  52  32  51  15  30  24  16  20  11  28  58  34  31  19  18  55  41  36  25  56  43  8  50  10  17  42
   13  54  33  37  27  16  55  20  53  10  52  57  2  38  47  3  29  36  5  51  17  35  48  40  41  43  15  21  1  30  50  44  14  12  11  19  6  46  22  34  7  58  32  18  9  31  28  23  39  24  49  26  45  56  8  4  25  42
   13  56  17  41  39  2  33  26  21  24  44  45  34  18  43  11  51  6  23  9  37  29  20  30  7  19  25  3  57  28  32  54  48  36  1  49  58  8  38  52  35  22  40  14  47  5  16  15  53  50  55  4  31  10  12  46  27  42
   14  5  28  54  18  19  26  45  42  9  21  10  15  17  32  36  2  33  20  58  40  12  53  1  22  6  56  8  52  23  37  27  35  51  30  24  41  11  29  49  4  31  7  3  46  44  39  50  38  13  16  55  48  47  25  57  34  43
   14  9  54  4  42  49  40  57  36  37  5  44  21  35  24  52  46  31  56  32  22  58  55  39  12  16  18  30  48  19  1  47  45  41  10  26  29  51  3  27  2  17  23  53  6  50  15  34  8  7  28  11  20  13  33  25  38  43
   14  11  38  8  54  35  18  5  4  51  55  32  53  15  20  2  10  1  16  48  42  52  27  29  36  50  28  12  46  17  41  57  21  7  58  56  23  13  19  45  30  39  31  49  44  24  3  26  22  33  34  47  6  25  37  9  40  43
   14  17  48  20  32  51  10  23  24  35  31  54  33  13  8  26  18  27  12  38  44  34  1  57  50  36  58  16  40  11  45  29  7  21  28  30  5  15  9  41  56  47  55  37  42  4  25  2  6  53  52  39  22  3  49  19  46  43
   14  21  2  3  34  51  47  41  32  48  13  49  44  7  40  1  31  17  55  53  50  16  24  36  54  22  33  20  30  45  38  57  56  25  8  12  18  27  11  46  10  15  52  19  58  28  42  4  6  9  43  35  23  5  37  26  39  29
   14  25  42  36  22  53  38  47  12  33  57  6  45  49  50  58  48  23  26  44  8  10  5  17  30  56  40  2  32  3  31  11  27  1  46  34  39  37  15  55  52  19  29  21  20  16  35  28  4  41  18  9  24  51  7  13  54  43
   14  29  39  26  37  5  23  35  43  9  6  4  42  28  58  19  52  15  10  46  11  27  18  12  8  25  56  57  38  45  30  20  33  22  54  36  24  16  50  53  55  17  31  1  40  7  44  49  13  48  32  41  47  51  34  3  2  21
   14  35  20  56  24  41  44  19  26  45  17  4  31  7  30  40  42  47  58  8  50  38  39  25  34  52  32  28  22  51  57  3  23  5  54  10  9  21  37  29  18  13  11  1  36  2  33  46  16  55  48  15  12  53  27  49  6  43
   14  47  40  22  38  15  28  55  8  13  27  48  49  3  6  30  58  41  50  46  54  2  45  23  4  24  34  36  10  39  7  5  53  33  52  16  31  25  17  21  12  29  1  35  32  20  19  56  42  37  26  57  44  9  51  11  18  43
   14  57  18  42  40  3  34  27  22  25  45  46  35  19  44  12  52  7  24  10  38  30  21  31  8  20  26  4  58  29  33  55  49  37  2  50  1  9  39  53  36  23  41  15  48  6  17  16  54  51  56  5  32  11  13  47  28  43
   15  12  39  9  55  36  19  6  5  52  56  33  54  16  21  3  11  2  17  49  43  53  28  30  37  51  29  13  47  18  42  58  22  8  1  57  24  14  20  46  31  40  32  50  45  25  4  27  23  34  35  48  7  26  38  10  41  44
   15  14  23  13  9  22  55  12  31  8  48  21  28  54  17  11  33  30  35  7  5  47  58  20  3  27  39  53  45  16  24  10  56  32  49  29  18  34  36  6  1  4  40  46  25  57  50  19  37  2  41  26  51  38  42  52  43  44
   15  36  21  57  25  42  45  20  27  46  18  5  32  8  31  41  43  48  1  9  51  39  40  26  35  53  33  29  23  52  58  4  24  6  55  11  10  22  38  30  19  14  12  2  37  3  34  47  17  56  49  16  13  54  28  50  7  44
   15  38  5  3  37  28  23  26  53  2  10  51  6  46  27  49  7  18  19  25  13  33  12  16  1  29  43  11  21  50  40  14  58  30  45  41  4  42  54  48  47  36  20  56  17  35  22  39  31  24  55  52  57  8  32  34  9  44
