   1  11  23  6  28  58  34  42  31  66  18  12  50  27  63  19  52  7  16  37  2  8  70  9  55  17  3  57  54  68  61  40  20  33  29  32  10  67  35  36  38  26  65  49  48  43  62  69  39  30  5  21  53  25  51  71  24  41  45  60  47  4  22  14  59  64  15  46  44  13  56
   1  19  55  35  38  28  50  65  53  49  21  12  7  41  25  8  29  5  54  66  52  44  57  39  58  3  33  47  46  62  40  10  48  42  67  64  18  16  45  30  11  56  63  15  24  17  23  27  68  6  37  2  13  59  34  36  4  43  32  60  20  71  26  61  69  70  31  51  22  9  14
   1  27  48  33  64  58  34  31  51  29  46  60  3  49  4  36  18  17  23  14  67  42  13  9  39  11  47  69  62  32  50  66  61  40  43  16  26  6  10  70  37  2  15  5  38  57  68  21  8  20  28  30  22  71  55  56  7  35  44  12  53  19  24  59  45  52  41  65  63  25  54
   1  65  28  14  17  32  54  70  15  20  59  12  62  61  10  67  8  53  44  33  27  6  34  57  18  71  11  29  26  58  68  36  43  47  5  16  64  21  4  56  3  52  7  69  38  13  19  45  9  40  48  41  39  35  49  23  25  63  51  60  22  42  24  66  37  2  46  30  31  55  50
   2  5  23  57  47  34  64  16  48  29  8  12  67  7  65  38  4  19  1  61  24  25  18  45  58  30  70  6  28  20  53  59  68  66  46  56  3  52  11  31  54  50  15  22  43  32  17  33  35  71  27  21  62  37  51  42  26  69  14  60  13  63  39  36  41  40  10  49  44  55  9
   2  27  34  33  61  10  15  55  14  5  44  60  56  1  52  36  46  65  7  62  31  42  20  9  29  59  24  69  45  8  17  66  63  64  54  40  25  6  48  22  16  50  58  53  51  57  70  21  3  68  28  30  18  47  71  32  19  11  37  12  39  43  23  35  38  4  26  41  13  49  67
   2  29  28  35  7  8  20  36  50  45  62  12  54  39  48  30  11  47  44  15  67  61  17  3  16  64  24  26  56  46  13  53  37  68  22  40  27  6  52  1  38  4  19  66  69  42  71  63  10  59  70  23  57  65  34  58  9  5  25  60  43  31  41  32  21  14  18  51  49  55  33
   2  30  23  55  29  68  56  36  13  66  16  60  18  31  17  6  21  61  63  3  44  49  70  15  52  59  57  10  46  22  26  1  24  35  69  32  28  25  45  53  37  64  47  42  48  9  33  27  41  51  5  67  14  43  34  50  20  65  11  12  71  8  58  40  19  62  54  39  38  4  7
   2  30  59  19  65  68  56  36  49  66  16  60  18  67  53  6  57  25  27  39  44  13  70  51  52  23  21  10  46  22  26  37  24  71  33  32  28  61  9  17  1  64  11  42  48  45  69  63  5  15  41  31  14  7  34  50  20  29  47  12  35  8  58  40  55  62  54  3  38  4  43
   2  31  7  30  22  26  13  66  24  42  70  60  51  63  1  47  25  59  39  65  48  16  9  45  67  61  62  69  55  28  3  8  52  21  40  64  29  71  19  36  20  34  50  53  35  23  18  57  10  6  27  33  68  5  32  43  58  37  14  12  11  44  15  46  54  56  41  38  4  17  49
   2  41  59  21  11  34  64  16  48  65  8  12  31  43  29  38  4  55  37  25  24  61  18  9  58  30  70  6  28  20  17  23  68  66  46  56  39  52  47  67  54  50  51  22  7  32  53  69  71  35  63  57  62  1  15  42  26  33  14  60  49  27  3  36  5  40  10  13  44  19  45
   2  56  20  19  40  16  50  25  10  1  62  60  23  30  24  64  22  67  18  42  71  11  43  15  58  55  48  7  69  38  4  26  65  9  5  8  54  35  68  6  33  44  52  39  57  41  21  27  32  49  14  34  59  13  17  36  45  28  70  12  63  51  37  29  31  46  47  3  53  66  61
   2  56  20  55  40  16  50  61  10  37  62  60  59  30  24  64  22  31  18  42  35  47  7  51  58  19  48  43  33  38  4  26  29  45  41  8  54  71  68  6  69  44  52  3  21  5  57  63  32  13  14  34  23  49  53  36  9  28  70  12  27  15  1  65  67  46  11  39  17  66  25
   2  63  34  69  25  10  51  19  14  41  44  60  56  37  52  36  46  29  43  62  67  42  20  45  65  23  24  33  9  8  53  66  27  64  54  40  61  6  48  22  16  50  58  17  15  21  70  57  39  68  28  30  18  11  35  32  55  47  1  12  3  7  59  71  38  4  26  5  49  13  31
   2  65  28  71  43  8  20  36  50  9  62  12  54  3  48  30  47  11  44  51  31  25  53  39  16  64  24  26  56  46  49  17  1  68  22  40  63  6  52  37  38  4  55  66  33  42  35  27  10  23  70  59  21  29  34  58  45  41  61  60  7  67  5  32  57  14  18  15  13  19  69
   2  67  43  30  22  26  49  66  24  42  70  60  15  27  37  11  61  23  3  29  48  16  45  9  31  25  62  33  19  28  39  8  52  57  40  64  65  35  55  36  20  34  50  17  71  59  18  21  10  6  63  69  68  41  32  7  58  1  14  12  47  44  51  46  54  56  5  38  4  53  13
   3  5  11  57  54  34  15  16  43  29  17  12  35  7  27  38  62  19  51  61  26  25  14  45  13  30  39  6  41  20  10  59  44  66  9  56  2  52  23  31  47  50  64  22  48  32  8  33  67  71  65  21  4  37  1  42  24  69  18  60  58  63  70  36  28  40  53  49  68  55  46
   3  11  10  30  45  58  23  66  38  35  54  60  39  6  28  59  64  17  50  5  7  25  46  9  26  20  24  33  18  32  15  56  63  29  13  16  8  19  48  36  62  2  55  65  51  42  43  21  53  27  4  69  37  71  41  31  67  40  68  12  1  49  47  70  22  52  34  14  61  57  44
   3  20  48  33  22  58  50  56  15  40  44  60  26  55  4  70  9  53  51  29  31  21  54  45  8  63  11  30  64  32  19  67  25  71  46  16  17  13  10  23  18  2  5  14  38  61  49  57  37  47  28  69  62  35  34  66  43  65  7  12  39  6  24  36  1  52  59  41  27  42  68
   3  29  35  57  54  10  15  64  19  53  41  12  59  55  27  62  14  67  51  37  50  1  38  45  61  30  39  6  65  44  58  11  68  66  9  8  26  28  47  7  71  2  40  70  48  56  32  33  43  23  17  21  52  13  49  42  24  69  18  60  34  63  46  36  4  16  5  25  20  31  22
   3  35  58  30  45  34  47  66  62  59  54  60  39  6  4  11  40  41  2  29  55  1  22  9  50  44  24  33  18  56  15  8  63  53  61  64  32  67  48  36  14  26  31  17  51  42  19  21  5  27  52  69  13  23  65  7  43  16  20  12  49  25  71  46  70  28  10  38  37  57  68
   3  44  48  33  70  34  2  8  15  16  68  60  50  31  52  46  9  5  51  53  7  21  54  45  32  63  35  30  40  56  67  43  1  23  22  64  41  61  58  47  18  26  29  38  62  37  25  57  13  71  4  69  14  59  10  66  19  17  55  12  39  6  24  36  49  28  11  65  27  42  20
   3  59  34  30  45  10  71  66  14  11  54  60  39  6  52  35  16  65  26  53  31  49  70  9  2  68  24  33  18  8  15  32  63  5  37  40  56  43  48  36  38  50  7  41  51  42  67  21  29  27  28  69  61  47  17  55  19  64  44  12  25  1  23  22  46  4  58  62  13  57  20
   3  68  48  33  46  10  26  32  15  64  20  60  2  7  28  22  9  29  51  5  55  21  54  45  56  63  59  30  16  8  43  19  49  47  70  40  65  37  34  71  18  50  53  62  14  13  1  57  61  23  52  69  38  11  58  66  67  41  31  12  39  6  24  36  25  4  35  17  27  42  44
   4  24  51  40  58  2  14  1  9  49  30  8  44  5  29  3  19  26  61  17  16  11  59  7  39  53  50  35  33  23  46  15  6  34  28  71  67  47  20  31  13  69  57  70  62  22  41  63  27  66  42  68  52  45  10  54  55  60  12  64  32  18  21  36  38  48  25  56  65  37  43
   4  30  9  67  49  20  35  36  48  66  69  60  29  43  65  6  38  1  10  39  44  61  71  51  59  47  34  58  31  70  54  13  62  23  19  56  26  37  11  41  17  40  8  42  25  45  64  63  18  15  5  7  57  55  27  2  68  53  46  12  28  32  21  16  22  14  50  3  24  52  33
   4  33  53  70  26  44  38  62  55  65  41  60  52  56  11  47  25  31  5  21  20  27  13  69  35  66  3  1  23  10  22  36  24  59  40  8  29  37  63  64  39  16  18  57  48  28  58  9  14  17  71  61  34  49  32  43  68  30  15  12  54  67  46  42  7  2  45  6  50  19  51
   4  66  27  49  67  20  17  36  48  30  15  60  47  25  11  42  2  19  46  21  44  7  53  33  41  29  70  22  13  34  18  31  26  5  1  56  62  55  65  59  35  40  8  6  43  63  64  45  54  69  23  61  3  37  9  38  68  71  10  12  28  32  39  16  58  50  14  57  24  52  51
   4  66  63  13  31  20  53  36  48  30  51  60  11  61  47  42  2  55  46  57  44  43  17  69  5  65  70  22  49  34  18  67  26  41  37  56  62  19  29  23  71  40  8  6  7  27  64  9  54  33  59  25  39  1  45  38  68  35  10  12  28  32  3  16  58  50  14  21  24  52  15
   4  69  17  70  26  44  38  62  19  29  5  60  52  56  47  11  61  67  41  57  20  63  49  33  71  66  39  37  59  10  22  36  24  23  40  8  65  1  27  64  3  16  18  21  48  28  58  45  14  53  35  25  34  13  32  7  68  30  51  12  54  31  46  42  43  2  9  6  50  55  15
   5  33  63  22  39  20  18  38  48  41  10  60  62  32  47  23  58  55  8  21  44  27  15  69  54  66  70  25  31  34  45  36  26  35  51  56  28  61  29  16  2  40  14  57  7  52  17  9  4  65  59  13  49  1  53  67  68  30  37  12  11  19  3  42  71  50  46  6  24  43  64
   5  37  68  70  13  16  54  62  3  28  7  60  22  17  50  47  40  49  4  21  63  30  26  69  18  67  55  1  58  2  52  36  71  19  25  8  32  33  20  64  15  44  35  57  46  65  23  9  45  56  24  61  51  31  29  43  53  27  39  12  38  66  48  42  41  10  14  6  11  59  34
   5  42  61  51  31  38  71  13  29  3  63  60  14  20  45  36  25  53  19  50  46  17  64  27  69  1  33  15  68  52  57  30  28  43  54  16  37  9  49  34  44  22  21  23  24  47  26  39  59  67  7  66  18  35  62  56  48  6  55  12  70  65  2  41  10  32  8  11  4  40  58
   5  44  58  69  18  34  65  8  62  16  61  60  49  67  4  46  14  41  10  17  55  57  19  9  3  27  24  30  13  56  47  7  63  59  20  64  39  25  48  11  70  26  2  38  51  1  68  21  50  35  52  33  45  23  15  66  43  53  54  12  32  6  71  36  40  28  31  29  37  42  22
   5  48  52  32  59  70  15  71  10  23  31  64  45  67  30  69  20  46  62  55  17  61  60  65  40  19  51  37  34  49  47  57  7  38  29  1  68  25  21  41  14  3  58  2  63  50  42  9  28  6  43  4  53  27  11  18  56  12  13  8  33  54  22  36  39  24  26  16  66  35  44
   5  55  43  30  68  2  26  66  11  42  18  60  34  63  27  23  44  35  8  41  10  40  62  45  59  13  15  69  54  52  17  56  28  21  1  16  50  47  31  36  46  58  37  29  24  71  22  57  51  6  25  33  49  53  39  67  48  61  9  12  19  20  38  70  7  32  3  14  4  65  64
   5  63  24  21  32  2  26  11  39  1  14  12  15  29  20  36  18  13  43  70  47  66  65  45  51  55  19  57  22  16  34  42  17  56  71  8  58  30  50  62  41  10  3  25  46  69  52  33  40  28  68  6  38  67  59  64  35  31  4  60  49  23  48  7  9  44  61  37  27  53  54
   5  66  65  3  4  46  69  29  48  51  58  12  43  28  71  36  18  13  22  34  24  49  23  27  62  41  10  39  50  44  40  6  20  35  2  8  61  9  53  26  47  38  31  7  37  55  63  15  70  11  45  42  17  67  59  64  14  30  32  60  21  1  57  25  52  16  33  19  68  56  54
   7  3  45  2  69  28  54  10  24  43  14  12  58  16  37  61  38  5  40  15  4  9  21  39  18  6  26  35  29  62  63  36  22  49  57  64  68  71  55  8  46  56  34  51  53  44  67  27  20  19  25  47  11  59  31  65  52  42  23  60  1  41  33  30  13  70  50  66  48  17  32
   7  5  17  42  52  46  22  6  1  30  54  12  62  45  9  61  4  49  40  43  14  56  58  63  25  47  21  39  18  44  67  64  68  15  59  8  70  37  29  36  50  38  23  55  48  13  2  51  57  66  35  3  11  31  69  65  24  71  27  60  41  28  10  26  53  16  33  34  20  19  32
   7  6  19  33  20  50  39  55  24  57  38  60  17  68  13  36  54  47  2  62  48  11  61  9  58  43  14  69  70  4  56  66  28  49  46  40  71  27  31  22  37  10  29  53  23  5  45  21  26  1  63  30  67  65  25  32  34  42  16  12  15  59  51  35  44  8  3  41  52  64  18
   8  11  48  30  62  58  55  66  51  35  43  60  53  6  4  59  37  17  41  5  67  25  68  9  1  20  47  33  22  32  34  56  61  29  44  16  3  19  10  36  45  2  23  65  38  42  54  21  39  27  28  69  64  71  50  31  7  40  46  12  26  49  24  70  18  52  15  14  63  57  13
   8  42  16  19  50  51  24  12  27  37  58  41  59  61  32  39  20  26  35  21  45  10  66  38  49  54  67  17  69  65  40  7  47  70  28  64  34  11  43  4  29  33  53  31  18  13  2  30  46  9  57  71  62  56  3  68  25  23  5  22  1  63  48  60  15  14  55  52  6  44  36
   8  42  16  55  50  15  24  12  63  1  58  5  23  25  32  3  20  26  71  57  9  10  66  38  13  54  31  53  33  29  40  43  11  70  28  64  34  47  7  4  65  69  17  67  18  49  2  30  46  45  21  35  62  56  39  68  61  59  41  22  37  27  48  60  51  14  19  52  6  44  36
   8  43  68  58  33  40  29  2  34  52  17  60  27  47  24  41  69  55  59  3  11  66  57  51  50  37  48  7  71  14  26  36  5  61  22  56  35  15  44  16  19  20  18  39  21  23  49  63  10  32  62  67  64  1  28  13  9  45  38  12  54  30  25  6  46  70  4  42  65  53  31
   8  47  48  30  62  58  19  66  15  71  7  60  17  6  4  23  1  53  5  41  31  61  68  45  37  20  11  69  22  32  34  56  25  65  44  16  39  55  10  36  9  2  59  29  38  42  54  57  3  63  28  33  64  35  50  67  43  40  46  12  26  13  24  70  18  52  51  14  27  21  49
   8  61  68  22  15  40  11  38  70  52  71  60  45  65  24  23  51  1  5  21  29  30  39  69  14  19  48  25  17  50  62  36  59  43  58  56  53  33  44  16  37  20  54  57  3  41  31  9  46  32  26  13  64  55  28  67  63  27  2  12  18  66  7  42  10  34  4  6  47  35  49
   8  65  48  66  26  22  37  30  33  17  25  60  71  42  4  41  55  35  59  23  49  43  68  27  19  20  29  51  58  32  70  56  7  47  44  16  57  1  46  36  63  38  5  11  2  6  18  39  21  9  28  15  64  53  14  13  61  40  10  12  62  67  24  34  54  52  69  50  45  3  31
   9  23  4  65  50  56  25  36  15  63  29  12  70  21  58  66  3  5  22  69  27  31  67  57  49  16  35  38  39  34  54  47  19  44  51  64  14  42  52  43  13  28  68  30  62  6  2  45  18  17  48  53  41  59  20  46  1  71  11  60  40  37  24  8  32  26  55  33  7  61  10
   10  11  35  6  38  58  65  42  48  66  62  12  39  27  5  19  53  7  51  37  24  8  45  9  47  17  22  57  59  68  15  40  44  33  56  32  1  67  23  36  28  26  34  49  31  43  18  69  50  30  63  21  52  25  16  71  2  41  70  60  55  4  3  14  54  64  61  46  20  13  29
   10  25  43  69  19  26  32  8  24  1  40  60  47  35  37  46  20  23  5  17  48  53  18  9  2  6  62  30  68  28  49  7  52  42  14  64  15  44  55  11  54  34  3  38  71  16  13  21  31  67  63  33  22  41  39  66  58  57  70  12  65  27  51  36  61  56  50  29  4  59  45
   10  27  26  57  53  50  39  23  70  61  4  12  64  41  44  36  14  1  71  22  47  66  28  9  37  43  48  21  45  40  49  42  63  32  54  56  17  30  24  38  8  34  2  13  3  33  62  69  51  52  68  6  18  55  31  16  59  19  5  60  15  35  7  67  46  20  58  25  29  65  11
   10  63  26  21  17  50  3  59  70  25  4  12  64  5  44  36  14  37  35  22  11  66  28  45  1  7  48  57  9  40  13  42  27  32  54  56  53  30  24  38  8  34  2  49  39  69  62  33  15  52  68  6  18  19  67  16  23  55  41  60  51  71  43  31  46  20  58  61  65  29  47
   10  64  28  59  56  8  34  17  50  41  22  12  7  6  48  32  38  11  18  66  31  19  35  39  2  23  24  71  21  46  20  58  1  9  61  40  54  67  52  30  57  4  44  15  33  25  69  27  16  65  70  26  43  29  49  36  45  68  62  60  63  3  5  37  47  14  55  51  13  42  53
   11  15  9  34  57  44  54  26  48  47  22  60  50  56  17  65  70  49  32  3  68  45  33  51  18  30  10  55  25  46  27  36  14  5  69  8  4  19  35  64  62  16  2  39  1  28  23  63  52  71  29  43  7  31  59  61  20  66  67  12  53  13  21  6  41  38  58  42  24  37  40
   11  67  20  10  43  64  18  50  21  4  1  60  34  23  38  17  16  7  52  3  9  66  14  51  54  61  49  31  70  62  28  36  41  13  55  32  56  15  44  40  33  68  5  39  58  71  65  63  27  8  24  19  69  25  35  37  59  45  57  12  26  30  48  6  47  22  2  42  53  29  46
   12  22  6  17  14  48  52  31  50  5  4  64  41  34  16  1  25  45  13  35  29  24  32  63  28  11  9  56  10  69  33  3  51  18  27  71  59  49  65  54  57  23  19  40  21  66  67  7  30  37  55  70  46  26  58  36  42  47  39  8  43  60  62  15  61  2  38  68  20  53  44
   13  28  50  21  18  2  25  64  46  56  29  12  41  59  68  62  22  49  26  1  71  33  35  9  51  27  48  6  5  16  7  47  63  67  52  8  15  65  24  43  38  10  34  70  3  17  4  69  58  19  20  57  45  31  39  42  11  37  54  60  40  30  55  36  32  44  23  61  53  66  14
   13  42  25  51  68  62  21  61  24  3  50  60  11  44  55  36  18  5  14  2  48  41  31  27  46  49  26  15  58  28  32  30  52  19  34  64  29  9  37  10  7  70  23  47  53  71  63  39  38  43  45  66  1  59  67  8  22  6  40  12  69  17  33  65  20  56  57  35  4  16  54
   13  49  42  17  32  23  43  31  9  66  61  64  33  37  20  1  27  26  12  35  65  47  14  63  19  60  50  56  67  2  41  3  55  53  25  71  58  22  29  54  39  48  28  40  62  5  10  7  38  34  51  70  44  45  59  36  6  24  57  8  52  11  21  15  4  69  30  68  16  18  46
   13  50  7  55  15  24  53  41  51  67  5  8  42  38  17  71  26  27  14  37  30  48  33  9  29  61  10  16  11  3  34  69  52  54  28  1  60  23  66  18  58  49  20  32  22  6  68  65  31  35  56  2  47  46  59  36  43  25  40  64  44  12  63  57  62  70  39  4  21  19  45
   13  63  48  69  40  34  10  43  15  17  22  60  39  61  52  36  18  5  11  38  7  42  25  45  3  71  35  33  14  56  2  66  1  16  55  64  50  6  58  46  49  26  51  65  62  21  20  57  32  44  4  30  70  59  67  8  19  23  68  12  41  31  24  47  9  28  29  53  27  37  54
   13  66  29  3  23  70  55  5  61  51  63  12  22  52  45  36  65  37  35  58  62  1  8  27  21  17  57  39  4  20  33  6  44  11  54  56  53  9  41  2  28  14  69  31  48  7  10  15  67  59  47  42  18  19  46  16  24  30  71  60  38  25  34  49  26  40  64  43  68  32  50
   14  5  16  35  28  69  27  54  21  37  58  8  61  53  6  31  41  45  32  56  51  49  19  7  46  47  62  68  12  48  4  1  29  11  33  71  57  66  55  36  43  2  44  17  50  34  13  63  10  18  65  40  30  26  39  15  20  22  52  64  25  24  9  3  59  23  67  70  42  60  38
   14  23  43  55  33  49  44  41  10  6  62  8  34  35  21  71  28  46  13  37  66  25  15  9  20  12  51  16  68  70  42  69  56  19  26  1  59  50  30  18  40  24  29  32  63  67  11  65  39  38  52  2  45  27  60  36  7  48  58  64  53  61  22  57  5  3  31  4  17  54  47
   14  23  52  65  13  56  68  36  62  63  2  12  18  21  48  66  41  5  20  69  1  31  11  57  40  16  24  38  32  34  55  47  7  44  10  64  9  42  4  43  50  28  25  30  15  6  29  45  70  17  58  53  3  59  22  46  27  71  67  60  49  37  35  8  39  26  54  33  19  61  51
   14  32  68  25  64  40  62  67  70  43  2  60  53  66  24  16  10  1  54  6  29  41  49  69  46  61  48  13  15  50  28  38  59  27  71  56  18  65  44  42  51  20  4  21  3  35  39  9  8  19  26  22  17  55  11  36  63  52  58  12  45  33  7  23  37  34  5  57  47  30  31
   14  37  13  66  10  38  55  30  24  6  58  60  33  45  43  5  67  17  21  59  48  40  27  63  1  31  2  15  61  52  57  56  4  39  64  16  23  29  25  36  68  22  62  47  65  53  54  3  70  42  9  51  44  71  8  49  46  7  26  12  41  20  69  34  18  32  35  50  28  11  19
   14  66  17  25  59  44  32  36  19  30  40  60  54  1  47  42  3  67  9  21  20  55  58  33  4  53  39  70  34  10  38  7  24  29  51  8  52  31  27  11  43  16  41  6  48  63  15  45  71  69  35  37  26  13  22  62  68  23  5  12  65  56  46  64  61  2  18  57  50  28  49
   15  4  24  21  62  26  10  40  3  8  52  12  34  11  44  14  45  25  39  49  35  33  54  9  16  27  31  6  56  64  47  71  5  43  38  32  61  17  2  19  18  58  1  46  22  41  53  69  65  67  20  57  70  7  50  42  23  13  59  60  51  30  48  36  29  68  55  37  63  66  28
   15  7  26  6  9  50  67  42  70  55  54  12  51  30  44  31  8  37  58  49  11  29  62  45  10  52  48  21  18  40  3  16  27  25  41  56  64  71  24  36  46  34  35  61  39  66  47  33  1  63  68  57  17  19  13  59  23  32  4  60  53  5  43  38  14  20  2  22  65  69  28
   15  28  24  21  38  2  34  64  3  56  4  12  58  59  20  62  45  49  39  1  11  33  54  9  40  27  55  6  32  16  23  47  53  67  14  8  13  65  50  43  18  10  25  70  46  17  29  69  41  19  68  57  22  31  26  42  71  37  35  60  51  30  48  36  5  44  7  61  63  66  52
   15  31  2  6  9  26  19  42  22  7  54  12  51  30  20  55  56  61  10  1  59  5  38  45  34  4  48  21  18  64  3  40  27  49  17  32  16  47  24  36  70  58  11  13  39  66  23  33  25  63  44  57  65  43  37  35  71  8  28  60  29  53  67  14  62  68  50  46  41  69  52
   15  67  17  37  29  3  28  18  22  35  59  64  62  19  7  41  42  27  33  16  52  23  20  65  47  25  63  4  13  24  5  71  30  61  34  1  58  6  56  36  44  70  45  55  51  38  14  9  11  54  66  32  31  46  40  57  21  50  53  8  26  48  10  69  60  49  68  2  43  12  39
   16  5  28  62  39  8  67  22  14  68  7  12  45  49  48  55  3  65  37  69  13  6  15  21  46  11  24  41  25  10  70  36  19  59  26  40  61  57  52  32  29  4  54  33  51  1  71  9  38  64  34  53  56  47  20  35  63  27  58  60  18  42  23  66  2  50  44  30  31  43  17
   16  23  28  26  21  8  49  58  50  68  61  12  63  67  48  37  57  11  55  15  31  42  69  39  10  65  24  59  43  46  34  36  1  41  62  40  7  3  52  32  47  4  18  51  33  19  53  27  2  64  70  71  56  29  20  17  45  9  22  60  54  6  5  30  38  14  44  66  13  25  35
   16  31  24  6  70  26  11  42  39  7  23  12  25  30  44  55  65  61  37  1  71  5  28  45  29  4  67  21  62  64  50  40  41  49  52  32  15  47  2  36  9  58  19  13  22  66  54  33  51  63  20  57  56  43  10  35  59  8  38  60  34  53  48  14  18  68  3  46  27  69  17
   16  41  28  62  3  8  31  22  14  68  43  12  9  13  48  19  39  29  1  33  49  6  51  57  46  47  24  5  61  10  70  36  55  23  26  40  25  21  52  32  65  4  54  69  15  37  35  45  38  64  34  17  56  11  20  71  27  63  58  60  18  42  59  66  2  50  44  30  67  7  53
   16  67  24  6  70  26  47  42  3  43  59  12  61  30  44  19  29  25  1  37  35  41  28  9  65  4  31  57  62  64  50  40  5  13  52  32  51  11  2  36  45  58  55  49  22  66  54  69  15  27  20  21  56  7  10  71  23  8  38  60  34  17  48  14  18  68  39  46  63  33  53
   17  20  10  33  18  58  5  56  38  40  49  60  37  55  28  70  62  53  34  29  43  21  7  45  39  63  24  30  1  32  59  67  27  71  68  16  3  13  48  23  22  2  50  14  15  61  44  57  26  47  4  69  9  35  51  66  31  65  54  12  8  6  11  36  64  52  19  41  25  42  46
   17  27  24  57  8  50  2  23  3  61  62  12  51  41  68  36  18  1  31  22  59  66  5  9  15  43  7  21  46  40  58  42  29  32  11  56  10  30  26  38  53  34  39  13  70  33  4  69  64  52  44  6  14  55  71  16  47  19  28  60  37  35  48  67  45  20  49  25  63  65  54
   17  66  5  39  28  70  33  41  48  15  10  12  31  52  11  36  18  1  46  58  24  37  35  63  38  53  34  3  26  20  64  6  68  47  50  56  49  45  65  2  59  14  19  67  25  43  27  51  22  23  9  42  29  55  71  16  62  30  8  60  57  61  21  13  4  40  69  7  44  32  54
   18  16  4  17  3  56  20  11  51  35  15  12  40  42  58  8  49  41  19  30  63  25  2  21  45  53  71  29  5  34  61  46  55  27  47  64  70  1  52  66  32  28  22  69  62  67  10  9  13  59  48  38  50  23  54  36  37  44  65  60  14  57  24  7  39  26  68  33  43  6  31
   18  32  44  61  15  40  4  31  39  7  3  60  8  66  26  16  53  37  47  6  27  5  58  33  9  25  43  49  1  50  41  38  11  63  67  56  14  29  68  42  64  20  62  57  70  71  2  45  17  55  24  22  10  19  54  36  65  52  13  12  46  69  48  59  51  34  28  21  23  30  35
   18  40  28  29  39  32  68  23  15  47  51  12  64  42  10  56  37  53  7  30  27  13  50  57  9  65  11  41  17  58  49  70  43  63  59  16  22  61  4  66  8  52  46  33  38  55  34  45  1  71  48  14  26  35  54  36  25  20  5  60  62  21  24  67  3  2  44  69  31  6  19
   18  67  45  59  35  4  63  17  24  25  47  12  20  65  13  32  61  29  10  66  52  68  56  39  44  3  50  71  69  14  7  58  70  42  38  40  49  64  31  30  62  8  2  15  5  41  21  27  55  6  1  26  53  11  54  36  28  19  57  60  34  23  33  37  22  46  16  51  48  9  43
   20  42  63  29  47  28  13  36  24  6  3  12  19  53  55  66  10  23  14  33  4  35  49  21  61  1  62  38  65  26  18  11  58  25  5  64  22  59  37  7  31  56  40  30  71  27  32  9  54  57  43  17  15  41  45  46  52  67  50  60  68  16  51  8  2  34  70  69  48  44  39
   21  35  5  39  18  22  33  40  13  59  47  12  29  49  45  50  2  61  69  67  38  31  26  27  19  66  57  42  71  68  70  53  20  30  63  32  14  4  17  1  41  62  16  10  48  8  56  15  37  65  23  3  28  43  7  6  24  51  54  60  46  9  58  36  52  64  11  55  44  25  34
   30  11  6  70  10  48  58  3  50  47  27  64  43  49  16  15  57  45  38  40  29  53  67  63  12  37  9  17  46  69  52  36  51  5  39  71  41  60  65  1  61  23  13  68  21  24  44  7  28  22  55  56  14  26  33  31  42  18  4  8  59  34  62  54  25  2  19  35  20  66  32
   31  61  7  2  11  24  59  69  51  25  28  8  44  23  17  57  58  27  39  32  30  19  68  9  13  35  10  55  47  3  53  36  52  67  40  1  42  12  66  71  62  49  14  4  22  48  45  65  29  50  56  16  15  46  34  41  43  54  5  64  60  38  63  18  26  70  20  37  21  6  33
