   1  3  7  15  31  10  21  43  34  16  33  14  29  6  13  27  2  5  11  23  47  42  32  12  25  51  50  48  44  36  20  41  30  8  17  35  18  37  22  45  38  24  49  46  40  28  4  9  19  39  26
   1  3  25  51  13  41  50  45  37  44  49  8  20  10  28  15  34  42  23  21  24  30  43  14  11  27  2  48  16  46  31  19  12  22  5  29  33  6  7  38  18  4  40  39  35  17  32  9  26  47  36
   1  9  37  15  40  11  21  13  22  24  12  46  16  10  47  31  27  2  14  49  39  42  7  28  19  45  8  6  26  50  36  35  41  18  32  25  30  34  29  48  3  4  43  23  20  51  17  33  44  5  38
   1  18  38  5  15  31  21  9  44  10  36  7  16  50  43  46  26  25  12  6  20  24  8  49  22  19  17  39  45  4  47  28  29  37  33  48  40  42  3  41  13  34  11  23  30  35  14  51  27  2  32
   1  34  22  39  32  46  20  45  48  17  28  44  40  3  49  29  13  8  30  16  26  18  7  11  10  15  33  5  24  6  37  50  35  36  12  51  42  19  27  2  9  21  23  43  41  38  47  25  31  14  4
   1  37  41  44  24  10  28  38  50  6  40  49  19  48  43  17  16  23  13  33  29  42  18  5  35  51  36  7  21  46  34  39  20  31  25  27  2  8  32  11  3  22  15  4  47  30  45  14  12  9  26
   1  42  48  39  9  14  31  25  24  21  6  36  15  19  5  45  7  16  17  32  3  10  23  35  8  43  41  49  18  38  12  22  40  20  44  11  4  51  28  30  33  29  13  47  34  50  26  37  27  2  46
   2  3  16  51  31  41  12  45  5  44  33  8  7  10  18  15  40  42  35  21  32  30  26  14  36  27  1  48  25  46  13  19  50  22  37  29  49  6  20  38  28  4  34  39  23  17  24  9  43  47  11
   2  8  26  27  30  39  13  41  19  6  20  9  29  36  4  14  44  28  33  48  40  16  50  46  34  51  49  43  25  24  21  12  38  10  32  45  31  42  22  15  47  37  7  23  18  3  11  35  1  5  17
   2  29  16  25  5  15  12  19  31  44  7  8  33  10  18  41  40  42  9  47  32  30  26  14  36  1  27  48  51  46  39  45  50  22  11  3  23  6  20  38  28  4  34  13  49  43  24  35  17  21  37
   2  34  17  31  26  18  6  45  39  51  15  42  8  9  16  5  20  28  4  10  48  22  46  27  47  29  32  49  1  14  25  24  3  12  41  11  7  37  21  40  50  19  44  35  33  30  23  13  36  38  43
   2  34  43  5  26  18  6  19  13  25  41  42  8  35  16  31  20  28  4  10  48  22  46  1  21  3  32  23  27  14  51  24  29  12  15  37  33  11  47  40  50  45  44  9  7  30  49  39  36  38  17
   2  38  48  7  16  15  20  47  26  22  11  25  44  18  8  28  4  1  9  12  51  24  46  39  45  23  36  21  19  40  6  10  50  33  27  42  13  14  31  3  32  34  29  41  5  43  35  17  49  30  37
   2  38  48  33  16  41  20  21  26  22  37  51  44  18  8  28  4  27  35  12  25  24  46  13  19  49  36  47  45  40  6  10  50  7  1  42  39  14  5  29  32  34  3  15  31  17  9  43  23  30  11
   2  42  28  4  21  48  26  27  29  10  15  7  19  9  25  33  24  22  36  49  12  31  13  44  3  51  40  14  20  23  41  11  35  6  45  39  16  37  32  5  50  30  34  17  1  8  18  38  47  46  43
   2  42  28  4  47  48  26  1  3  10  41  33  45  35  51  7  24  22  36  23  12  5  39  44  29  25  40  14  20  49  15  37  9  6  19  13  16  11  32  31  50  30  34  43  27  8  18  38  21  46  17
   2  49  8  37  32  42  22  9  35  36  34  38  30  46  14  25  3  47  12  29  48  10  33  40  26  1  51  4  45  16  21  11  31  44  18  17  19  15  23  7  39  28  50  6  41  24  5  43  20  13  27
   3  2  10  15  45  41  11  27  28  30  4  21  48  46  25  34  26  23  36  18  8  20  24  43  14  5  51  13  31  12  37  32  35  7  47  40  16  22  9  19  39  50  33  17  38  1  42  49  29  6  44
   3  2  19  22  46  32  17  29  6  42  18  33  24  5  12  39  37  50  23  31  21  27  28  30  4  35  51  20  13  7  48  1  40  10  44  41  9  49  11  15  47  14  25  43  26  36  45  16  8  38  34
   3  7  19  28  20  30  32  10  46  18  16  43  5  40  25  51  48  17  39  47  35  22  2  15  1  49  4  21  11  34  50  13  8  41  23  29  6  24  44  33  9  14  45  12  37  38  31  42  36  27  26
   3  9  23  49  39  19  46  31  7  28  43  24  8  30  32  45  50  22  17  11  20  38  25  42  33  29  6  40  48  34  41  5  36  14  15  35  47  18  21  10  2  12  16  13  1  51  44  27  26  37  4
   3  16  42  49  32  38  17  2  19  23  20  1  51  46  26  8  30  14  10  21  22  9  25  35  40  11  13  33  48  5  43  15  29  6  47  50  41  34  12  39  31  7  28  36  24  18  37  27  45  44  4
   3  22  40  13  27  42  41  23  20  11  18  4  45  5  15  31  21  48  51  44  9  30  17  1  24  25  19  43  2  10  36  14  16  8  28  33  12  49  32  38  47  35  39  37  50  46  26  7  29  6  34
   3  27  7  45  16  33  11  39  14  20  36  34  48  30  37  41  29  6  42  43  13  22  21  32  5  31  24  18  26  46  4  1  19  2  44  23  38  50  35  40  9  12  25  17  8  49  51  47  28  15  10
   3  29  6  22  1  10  13  36  40  42  23  47  15  20  48  35  34  19  44  39  8  50  5  11  9  43  26  45  4  14  41  37  7  51  31  49  27  16  28  25  18  2  17  30  24  38  46  32  33  21  12
   3  44  27  25  31  13  14  11  20  46  21  43  30  16  5  38  45  24  34  4  41  36  51  6  35  1  50  9  26  28  22  40  39  42  33  7  32  10  23  37  48  15  8  29  19  49  12  17  2  47  18
   3  46  11  7  45  33  51  23  15  14  4  41  25  18  39  2  5  35  42  50  30  44  17  27  24  37  43  13  22  16  21  8  19  31  20  36  40  38  12  47  29  6  26  1  48  49  28  9  32  34  10
   3  46  13  38  12  8  36  17  24  30  25  5  19  37  15  39  29  6  26  11  21  23  28  14  2  51  43  44  47  31  18  49  1  22  34  33  50  9  32  7  16  10  45  27  35  48  41  4  20  42  40
   3  50  14  13  44  34  8  31  40  51  32  28  16  9  43  35  39  24  38  48  26  2  21  33  30  45  47  15  20  18  7  46  1  4  36  49  22  5  29  6  27  11  17  25  19  10  37  23  41  42  12
   4  10  5  21  18  45  46  37  29  14  39  23  41  2  44  32  35  3  15  36  1  20  43  13  7  17  6  11  40  16  48  30  8  47  26  22  33  42  28  9  24  50  12  19  27  25  49  51  34  38  31
   4  10  31  47  18  19  46  11  3  14  13  49  15  2  44  32  9  29  41  36  27  20  17  39  33  43  6  37  40  16  48  30  8  21  26  22  7  42  28  35  24  50  12  45  1  51  23  25  34  38  5
   4  11  26  1  44  25  27  39  16  12  2  10  47  18  21  9  41  14  36  31  15  34  48  40  6  3  7  42  51  38  20  37  43  22  50  19  32  30  8  24  17  28  33  5  46  45  13  23  49  35  29
   4  14  5  51  21  38  15  17  49  47  35  2  1  45  42  25  12  36  9  50  11  6  24  31  7  41  10  37  33  18  26  16  30  8  39  3  23  29  40  44  28  43  48  19  20  46  32  13  22  34  27
   4  20  35  17  10  46  14  40  42  41  26  13  9  6  28  18  37  50  3  21  24  7  38  15  25  5  16  49  11  23  31  19  44  30  8  32  33  2  48  43  47  1  45  34  51  22  29  27  36  12  39
   4  24  18  41  50  42  2  14  21  3  19  46  22  8  44  12  11  6  34  15  26  28  38  35  20  51  47  27  33  10  1  9  49  37  30  48  32  5  29  43  7  39  40  45  17  36  25  23  13  16  31
   4  38  28  16  47  36  49  17  11  14  12  41  24  23  18  15  6  10  43  27  46  33  45  20  29  9  34  30  8  1  19  5  26  50  51  13  21  31  37  7  35  42  44  3  40  32  48  22  39  2  25
   4  44  19  1  11  18  24  36  28  33  5  13  12  34  15  50  21  6  3  41  17  31  48  7  39  37  40  9  51  35  22  47  10  14  30  8  26  46  25  27  20  49  45  2  43  38  32  23  42  16  29
   5  2  32  39  45  18  51  21  16  1  30  24  23  43  25  17  35  28  33  4  15  50  11  19  40  7  49  37  38  34  8  6  44  48  12  3  20  47  36  46  9  41  13  27  14  42  26  29  31  10  22
   5  15  21  47  13  49  42  17  29  12  37  40  48  50  36  23  14  2  11  1  16  46  7  18  3  31  10  32  28  22  51  43  8  6  25  41  9  30  35  34  38  20  44  39  19  33  4  45  26  27  24
   5  28  19  11  51  10  3  38  22  49  20  6  23  44  45  40  12  46  35  37  27  24  39  17  21  1  48  25  34  42  2  43  50  15  31  4  33  47  30  9  8  13  41  7  18  16  26  29  14  36  32
   5  29  49  12  16  50  36  34  42  30  44  37  43  32  7  33  28  11  13  9  41  2  38  25  19  47  24  35  1  22  14  39  48  51  21  31  10  40  4  3  15  6  23  20  27  46  17  18  8  45  26
   5  31  10  2  19  34  39  8  32  18  21  9  25  16  28  41  22  49  4  13  48  14  43  1  15  37  26  23  24  6  51  27  29  33  17  47  45  44  12  7  30  38  11  50  40  46  42  36  3  35  20
   5  38  49  2  42  36  11  31  10  18  30  3  40  43  20  13  27  14  21  17  35  45  12  50  24  41  33  16  39  29  28  19  32  34  4  51  15  47  1  25  9  6  7  37  26  8  23  44  48  46  22
   5  42  39  46  20  48  8  11  40  50  7  43  49  27  25  13  31  10  26  1  35  21  12  6  38  33  37  4  9  17  30  47  19  2  22  3  14  15  36  29  44  34  23  45  41  28  51  24  16  18  32
   5  44  18  47  36  46  11  38  49  21  16  19  33  42  26  48  50  6  34  35  2  15  7  41  32  1  39  3  28  43  37  25  31  10  9  14  51  22  20  13  17  29  12  8  40  30  27  45  23  4  24
   5  45  29  23  44  3  1  13  6  16  8  22  28  50  27  51  31  10  18  37  39  2  35  36  43  17  40  30  26  42  24  19  49  38  4  21  46  14  41  32  15  20  7  11  48  47  33  9  12  25  34
   6  9  48  49  41  19  36  31  15  28  47  24  21  30  2  45  16  22  1  11  44  38  26  42  4  29  3  40  23  34  39  5  46  14  7  35  43  18  8  10  32  12  50  13  17  51  20  27  25  37  33
   6  10  40  47  48  19  8  11  26  14  7  49  28  2  24  32  12  29  1  36  23  20  34  39  5  43  4  37  31  16  18  30  46  21  3  22  13  42  15  35  44  50  9  45  41  51  27  25  17  38  33
   6  22  32  12  11  40  26  29  35  30  45  21  5  27  23  47  20  14  4  43  36  41  39  28  9  49  16  42  8  17  19  33  1  18  31  13  48  7  44  15  46  38  50  51  3  24  2  10  37  34  25
   7  10  34  14  13  5  47  12  50  36  30  35  22  24  40  9  26  3  31  43  33  6  2  23  32  51  44  41  17  37  38  46  4  39  1  15  21  16  29  27  11  42  25  48  20  8  18  45  49  28  19
   7  15  14  17  22  46  21  30  24  42  29  12  1  32  28  18  37  51  31  9  49  13  36  34  19  45  8  10  39  23  35  5  25  11  44  2  6  27  38  3  16  50  4  47  20  48  43  40  41  33  26
   7  21  19  45  39  27  38  3  51  48  31  4  36  18  40  1  30  34  5  43  12  2  41  46  25  33  14  24  8  10  9  29  32  50  35  47  23  42  49  6  22  28  20  13  37  15  16  11  26  17  44
   7  30  50  13  16  10  36  3  24  15  40  48  20  21  31  47  39  4  2  8  26  22  49  25  18  1  23  35  12  42  51  38  37  44  32  45  34  29  33  14  11  43  5  41  27  6  17  19  9  46  28
   7  33  14  34  37  6  13  32  24  46  19  23  35  12  8  47  10  27  16  39  36  30  29  43  21  31  26  1  44  50  9  17  51  15  3  45  11  20  48  41  42  22  5  18  4  2  38  40  25  49  28
   7  38  13  2  28  36  32  5  4  18  41  29  27  17  35  39  33  14  26  43  49  19  48  50  22  15  31  16  23  3  42  45  37  34  10  25  30  21  40  51  20  6  1  11  47  8  9  44  12  46  24
   8  2  23  37  3  50  17  47  7  29  5  30  15  51  6  11  24  20  31  22  9  38  48  49  1  43  46  35  27  10  26  32  34  16  13  45  33  19  28  36  4  21  44  25  40  14  12  39  18  42  41
   8  2  49  11  29  50  43  21  33  3  31  30  41  25  6  37  24  20  5  22  35  38  48  23  27  17  46  9  1  10  26  32  34  16  39  19  7  45  28  36  4  47  44  51  40  14  12  13  18  42  15
   8  27  35  4  22  34  16  46  7  10  38  47  36  28  5  11  25  21  9  3  23  18  20  43  26  33  19  29  51  42  40  13  12  17  14  45  32  48  49  1  37  2  44  24  39  50  31  6  30  15  41
   8  36  25  15  9  10  48  20  4  27  23  39  24  42  17  22  3  38  45  43  47  49  44  1  13  35  28  31  37  5  18  29  46  2  34  16  26  14  11  41  40  7  51  30  21  50  12  33  6  32  19
   8  40  5  47  46  14  2  28  6  43  26  39  31  38  4  10  35  22  45  3  48  1  50  17  11  23  32  7  9  33  49  25  36  34  16  12  27  30  44  21  29  15  51  42  37  18  19  41  20  24  13
   8  40  31  21  46  14  2  28  6  17  26  13  5  38  4  10  9  22  19  29  48  27  50  43  37  49  32  33  35  7  23  51  36  34  16  12  1  30  44  47  3  41  25  42  11  18  45  15  20  24  39
   8  42  35  38  14  47  48  40  51  16  31  17  23  28  41  43  27  49  32  9  34  46  3  29  33  1  45  11  18  15  39  6  5  13  2  37  22  36  30  25  12  10  26  4  21  44  19  7  50  24  20
   8  50  4  32  3  20  33  21  35  2  24  17  48  7  10  43  38  46  47  15  14  1  25  40  45  5  42  34  16  41  51  49  26  22  11  13  29  23  9  27  31  6  36  19  28  12  44  18  39  30  37
   8  50  4  32  29  20  7  47  9  2  24  43  48  33  10  17  38  46  21  41  14  27  51  40  19  31  42  34  16  15  25  23  26  22  37  39  3  49  35  1  5  6  36  45  28  12  44  18  13  30  11
   9  21  5  32  8  38  44  30  34  2  48  25  15  16  23  49  40  51  13  37  1  14  6  45  3  43  12  11  33  50  46  39  24  19  17  35  18  20  28  47  27  42  31  36  7  10  41  22  4  29  26
   9  27  17  43  13  5  34  41  21  32  25  20  24  38  44  31  46  14  51  33  8  10  23  22  47  35  18  16  40  50  19  15  4  42  45  1  37  2  11  30  6  36  48  39  3  49  28  29  26  7  12
   9  34  33  21  31  47  49  17  45  42  12  19  23  2  13  6  15  1  22  46  38  28  51  29  20  7  25  39  14  48  11  24  5  41  8  4  16  10  36  37  35  18  26  3  40  43  32  27  44  50  30
   9  35  18  14  3  30  39  4  16  22  17  37  45  8  40  1  50  5  28  13  24  46  15  33  27  25  26  31  12  42  19  7  21  49  41  43  29  48  32  23  2  6  51  38  20  10  34  44  47  11  36
   9  46  42  39  28  50  24  41  16  49  44  32  48  27  25  1  13  20  10  40  26  6  11  47  38  31  37  45  8  2  21  34  3  12  4  43  14  15  35  18  29  33  51  23  5  30  7  17  19  22  36
   10  14  7  25  26  38  30  43  13  21  49  2  40  19  28  51  48  36  20  50  32  6  22  5  1  15  4  11  31  18  47  16  41  8  23  29  9  3  27  44  42  17  12  45  35  46  37  39  24  34  33
   10  34  32  35  28  23  48  27  26  6  3  21  12  38  40  36  20  5  45  8  47  16  22  39  17  11  24  1  43  44  30  50  42  9  31  2  13  18  51  15  4  14  41  49  25  7  19  33  37  46  29
   11  24  50  41  48  18  45  42  35  15  4  21  31  30  26  12  6  34  2  25  46  33  5  7  8  23  13  17  20  1  19  3  37  22  51  10  29  38  44  39  27  43  16  28  36  14  49  47  9  40  32
   11  31  22  49  42  50  33  10  8  14  1  4  9  28  44  6  21  43  19  29  25  13  12  46  15  41  20  38  39  51  3  45  17  47  32  18  2  35  30  27  40  34  36  7  24  16  23  48  5  37  26
   11  33  15  41  39  35  30  27  43  16  19  36  12  6  48  9  10  46  45  23  4  18  5  50  17  37  22  8  20  38  29  1  28  34  3  7  51  14  25  2  42  44  24  13  21  31  40  47  26  49  32
   11  42  2  3  9  29  23  47  16  6  32  25  20  30  5  38  26  15  28  14  12  4  36  19  34  1  31  13  27  44  49  48  7  43  51  8  24  46  33  35  39  10  17  45  18  21  50  41  37  22  40
   11  42  35  46  30  48  45  37  22  50  14  17  36  1  44  39  49  10  15  27  25  47  16  6  32  7  31  4  13  43  20  21  8  2  40  29  33  41  23  3  51  34  5  19  26  28  9  24  12  18  38
   11  43  35  16  4  6  48  2  30  14  24  19  1  8  5  31  20  45  39  51  7  46  42  3  21  41  32  25  23  38  10  13  12  29  15  37  22  36  40  17  33  34  9  44  49  18  27  50  28  47  26
   11  46  8  13  47  50  29  15  4  23  14  32  9  1  3  27  25  20  31  40  33  6  45  21  36  5  35  19  42  2  28  34  24  12  16  17  44  41  48  18  51  7  39  49  10  30  26  43  37  22  38
   12  8  27  25  30  34  42  16  22  45  26  13  1  18  32  2  33  46  35  37  20  47  10  19  49  41  48  17  7  43  15  31  28  38  24  44  21  6  40  51  11  29  5  50  23  14  9  3  4  36  39
   12  15  32  40  50  36  45  43  14  44  2  29  23  42  26  6  34  16  20  25  18  49  48  7  22  1  41  38  21  13  3  17  8  10  39  9  51  24  30  11  27  47  19  37  33  28  35  4  5  46  31
   12  28  5  3  33  2  20  4  32  47  15  39  36  50  45  46  11  18  9  19  51  41  40  21  13  7  16  27  49  1  14  37  30  42  38  24  26  34  23  29  8  43  31  6  25  10  44  17  22  48  35
   12  30  41  37  2  5  34  33  9  42  39  43  45  6  28  44  27  35  19  4  29  8  51  13  47  25  18  7  16  48  40  38  24  11  26  14  21  22  32  1  20  46  36  31  3  49  17  23  50  10  15
   13  4  12  9  27  42  17  46  15  35  33  49  16  18  11  28  20  10  32  41  45  25  21  51  40  19  43  5  30  37  8  7  1  34  47  6  44  2  3  39  26  31  14  48  22  50  38  23  29  24  36
   13  32  44  33  47  50  45  30  3  7  17  41  24  14  23  16  4  2  48  29  9  5  25  31  8  35  19  1  6  49  12  43  21  38  51  22  40  42  11  39  26  27  34  20  46  10  18  15  37  36  28
   13  44  28  21  11  46  5  38  35  47  25  45  20  42  43  48  12  6  40  9  1  41  49  15  24  27  31  29  18  17  36  51  37  10  23  14  16  22  7  39  26  3  50  8  34  30  2  19  33  4  32
   14  16  41  9  33  15  2  25  21  24  35  40  23  49  3  11  5  36  26  7  8  47  31  43  34  1  39  37  12  44  20  38  51  28  32  29  18  13  30  4  50  42  48  17  27  46  45  6  22  10  19
   14  21  8  45  9  27  32  3  35  48  23  4  49  18  22  1  20  34  37  43  16  2  26  46  44  33  7  24  19  10  39  29  38  50  51  47  31  42  36  6  40  28  30  13  5  15  12  11  41  17  25
   14  30  41  35  26  22  42  29  39  19  27  34  4  37  8  9  36  40  28  18  24  50  10  7  43  21  16  5  33  46  45  12  47  32  1  51  23  25  17  20  38  3  48  11  49  2  31  13  44  6  15
   14  34  40  28  17  24  26  7  21  18  27  23  3  37  45  49  12  50  44  5  32  35  13  48  47  19  20  46  36  31  1  51  11  42  29  39  8  25  16  9  38  2  30  41  33  4  22  6  43  10  15
   16  15  31  8  18  42  32  14  27  46  50  3  20  4  49  35  37  29  5  19  7  10  40  47  26  1  51  45  11  6  28  13  24  21  2  25  12  44  33  41  9  30  36  48  39  22  23  38  34  43  17
