   1  2  4  8  16  13  7  14  9  18  17  15  11  3  6  12  5  10
   1  3  9  8  5  15  7  2  6  18  16  10  11  14  4  12  17  13
   1  6  12  11  9  17  13  16  5  14  7  4  8  18  2  3  15  10
   1  10  5  12  6  3  11  15  17  18  9  14  7  13  16  8  4  2
   1  12  18  5  15  11  13  16  17  8  7  4  2  6  14  9  3  10
   1  14  6  8  17  10  7  3  4  18  5  13  11  2  9  12  16  15
   2  1  7  18  4  6  14  17  12  3  8  5  15  13  9  16  10  11
   2  3  15  4  18  16  8  5  10  1  14  17  7  9  13  6  12  11
   2  6  18  16  10  11  14  4  12  17  13  1  3  9  8  5  15  7
   2  7  13  12  10  18  14  17  6  15  8  5  9  1  3  4  16  11
   2  7  15  5  8  9  3  1  13  17  12  4  14  11  10  16  18  6
   2  9  12  16  15  1  14  6  8  17  10  7  3  4  18  5  13  11
   2  9  15  17  7  4  18  16  1  13  8  12  3  14  6  5  10  11
   2  11  13  5  18  4  3  7  10  17  8  6  14  1  15  16  12  9
   2  13  1  6  16  12  14  17  18  9  8  5  3  7  15  10  4  11
   2  15  9  10  12  4  8  5  16  7  14  17  13  3  1  18  6  11
   3  2  8  1  5  7  15  18  13  4  9  6  16  14  10  17  11  12
   3  4  16  5  1  17  9  6  11  2  15  18  8  10  14  7  13  12
   3  4  18  5  13  11  2  9  12  16  15  1  14  6  8  17  10  7
   3  6  12  5  10  1  2  4  8  16  13  7  14  9  18  17  15  11
   3  8  14  13  11  1  15  18  7  16  9  6  10  2  4  5  17  12
   3  11  15  17  18  9  14  7  13  16  8  4  2  1  10  5  12  6
   3  11  16  18  4  14  2  1  13  10  8  9  5  12  15  6  17  7
   3  14  2  7  17  13  15  18  1  10  9  6  4  8  16  11  5  12
   4  5  17  6  2  18  10  7  12  3  16  1  9  11  15  8  14  13
   4  11  5  18  8  12  10  7  6  15  16  1  3  17  9  14  2  13
   4  12  17  13  1  3  9  8  5  15  7  2  6  18  16  10  11  14
   4  15  3  8  18  14  16  1  2  11  10  7  5  9  17  12  6  13
   4  17  11  12  14  6  10  7  18  9  16  1  15  5  3  2  8  13
   7  17  15  16  2  10  12  6  13  1  4  18  11  3  8  5  14  9
