   1  2  4  8  16  32  11  22  44  35  17  34  15  30  7  14  28  3  6  12  24  48  43  33  13  26  52  51  49  45  37  21  42  31  9  18  36  19  38  23  46  39  25  50  47  41  29  5  10  20  40  27
   1  3  9  27  28  31  40  14  42  20  7  21  10  30  37  5  15  45  29  34  49  41  17  51  47  35  52  50  44  26  25  22  13  39  11  33  46  32  43  23  16  48  38  8  24  19  4  12  36  2  6  18
   1  4  52  7  38  3  43  10  51  41  19  6  21  46  37  13  31  2  8  44  42  22  14  9  23  24  50  49  35  40  48  16  18  34  28  5  39  11  20  47  32  45  15  25  36  17  29  12  33  26  30  27
   1  5  25  19  42  51  43  3  15  22  4  20  47  23  9  45  13  12  7  35  16  27  29  39  36  21  52  48  28  34  11  2  10  50  38  31  49  33  6  30  44  8  40  41  46  18  37  26  24  14  17  32
   1  6  34  11  28  39  19  16  15  33  31  44  17  24  9  21  51  20  30  38  52  36  40  49  3  22  48  29  23  14  10  26  12  4  46  25  47  35  50  43  18  5  7  41  42  45  13  2  37  8  32  27
   1  8  11  35  15  14  6  48  13  51  37  31  36  23  25  41  10  27  4  32  44  34  7  3  24  33  52  45  42  18  38  39  47  5  40  2  16  22  17  30  28  12  43  26  49  21  9  19  46  50  29  20
   1  8  16  15  18  23  47  22  31  25  43  30  13  2  33  29  19  38  52  32  10  50  14  37  35  20  46  9  11  40  24  36  6  26  12  45  3  7  28  39  4  17  51  5  48  21  49  44  41  42  34  27
   1  10  50  19  8  7  23  28  47  17  3  16  9  32  5  37  39  4  22  26  20  12  40  25  15  18  44  41  51  14  38  46  52  48  30  13  11  31  6  35  42  29  43  21  2  49  33  34  45  24  36  27
   1  12  32  23  50  43  51  34  11  9  15  2  5  10  29  45  7  22  44  20  30  26  14  13  47  16  42  21  39  40  52  4  46  18  48  33  19  3  36  31  28  41  35  37  8  25  17  24  49  6  38  27
   1  16  48  31  30  11  3  46  43  45  39  26  49  18  25  9  47  6  36  8  50  2  14  41  7  12  38  33  15  40  28  24  34  10  32  21  35  51  44  23  52  13  19  17  20  29  37  4  5  22  42  27
   1  18  30  35  20  47  31  52  7  37  51  12  45  48  49  17  15  24  6  2  8  16  40  29  39  10  36  13  3  14  42  34  28  32  50  41  43  23  22  19  38  25  11  33  26  5  21  46  9  4  44  27
   1  19  43  22  47  45  7  27  36  48  11  50  49  30  40  18  24  32  25  51  15  20  9  12  16  39  52  34  10  31  6  8  46  26  17  5  42  3  4  23  13  35  29  21  28  2  38  33  44  41  37  14
   1  20  12  39  10  31  7  6  23  29  11  50  41  26  21  25  35  42  28  48  18  30  14  17  19  8  34  45  43  40  4  44  22  2  16  9  51  47  52  15  24  37  3  49  32  33  5  36  13  38  46  27
   1  21  17  39  24  27  37  35  46  12  40  45  44  23  6  20  49  22  38  3  10  51  11  19  28  5  52  32  36  14  29  26  16  18  7  41  13  8  9  30  47  33  4  31  15  50  43  2  42  34  25  48
   1  22  46  43  52  15  35  12  39  21  23  36  37  4  45  33  3  8  50  42  28  44  40  5  51  6  32  25  31  14  18  2  16  24  34  29  7  19  30  11  10  49  47  13  38  9  41  26  17  20  48  27
   1  24  28  47  42  51  11  18  3  13  35  22  33  34  17  41  23  26  20  36  38  6  14  45  31  4  30  5  19  40  32  12  10  46  52  49  15  43  8  7  48  9  39  29  44  37  25  16  21  2  50  27
   1  26  10  51  32  35  39  24  19  5  47  8  29  12  41  49  43  44  42  30  48  20  40  33  11  2  28  37  7  14  46  22  4  16  18  17  23  15  38  3  34  21  31  45  50  13  9  6  25  36  52  27
   1  27  40  20  10  5  29  41  47  50  25  39  46  23  38  19  36  18  9  31  42  21  37  45  49  51  52  26  13  33  43  48  24  12  6  3  28  14  7  30  15  34  17  35  44  22  11  32  16  8  4  2
   1  28  44  3  22  19  15  30  35  49  7  46  25  42  13  5  11  10  12  24  6  34  14  21  43  52  26  17  47  40  8  32  50  38  36  37  31  39  16  51  20  33  23  9  4  41  45  48  29  18  2  27
   1  30  26  7  12  3  43  36  51  41  19  32  21  20  37  13  31  28  34  18  16  48  40  9  23  50  24  49  35  14  22  42  44  8  2  5  39  11  46  47  6  45  15  25  10  17  29  38  33  52  4  27
   1  31  7  5  49  35  25  33  16  19  6  27  42  30  29  51  44  39  43  8  36  3  40  21  15  41  52  22  46  48  4  18  28  20  37  34  47  26  11  23  24  2  9  14  10  45  17  50  13  32  38  12
   1  33  29  3  46  34  9  32  49  27  43  41  28  23  17  31  16  51  40  48  47  14  38  35  42  8  52  20  24  50  7  19  44  21  4  26  10  12  25  30  36  22  37  2  13  5  6  39  15  18  11  45
   1  34  39  18  26  28  52  42  46  10  51  45  36  16  43  14  23  4  22  47  31  19  17  32  38  5  44  6  40  35  21  24  37  2  30  13  33  25  3  29  50  8  15  27  12  9  20  49  48  41  11  7
   1  34  42  15  44  23  47  48  31  25  43  4  13  28  33  29  19  12  26  6  36  24  40  37  35  46  20  9  11  14  50  10  32  52  38  45  3  7  2  39  30  17  51  5  22  21  49  18  41  16  8  27
   1  38  6  23  24  43  51  8  11  9  15  28  5  36  29  45  7  48  18  46  4  52  40  13  47  42  16  21  39  14  26  30  20  44  22  33  19  3  10  31  2  41  35  37  34  25  17  50  49  32  12  27
   2  1  27  40  20  10  5  29  41  47  50  25  39  46  23  38  19  36  18  9  31  42  21  37  45  49  51  52  26  13  33  43  48  24  12  6  3  28  14  7  30  15  34  17  35  44  22  11  32  16  8  4
   2  3  19  4  49  20  16  5  36  50  8  21  26  17  14  6  12  37  39  51  33  9  41  22  44  27  1  18  48  15  35  7  25  13  11  38  32  40  43  52  47  34  24  10  31  42  46  23  30  45  29  28
   2  5  1  8  39  4  44  11  52  42  20  7  22  47  38  14  32  3  9  45  43  23  15  10  24  25  51  50  36  41  49  17  19  35  29  6  40  12  21  48  33  46  16  26  37  18  30  13  34  27  31  28
   2  6  18  1  3  9  27  28  31  40  14  42  20  7  21  10  30  37  5  15  45  29  34  49  41  17  51  47  35  52  50  44  26  25  22  13  39  11  33  46  32  43  23  16  48  38  8  24  19  4  12  36
   2  7  35  12  29  40  20  17  16  34  32  45  18  25  10  22  52  21  31  39  1  37  41  50  4  23  49  30  24  15  11  27  13  5  47  26  48  36  51  44  19  6  8  42  43  46  14  3  38  9  33  28
   2  9  14  10  45  17  50  13  32  38  12  1  31  7  5  49  35  25  33  16  19  6  27  42  30  29  51  44  39  43  8  36  3  40  21  15  41  52  22  46  48  4  18  28  20  37  34  47  26  11  23  24
   2  9  17  16  19  24  48  23  32  26  44  31  14  3  34  30  20  39  1  33  11  51  15  38  36  21  47  10  12  41  25  37  7  27  13  46  4  8  29  40  5  18  52  6  49  22  50  45  42  43  35  28
   2  10  50  38  31  49  33  6  30  44  8  40  41  46  18  37  26  24  14  17  32  1  5  25  19  42  51  43  3  15  22  4  20  47  23  9  45  13  12  7  35  16  27  29  39  36  21  52  48  28  34  11
   2  11  34  28  48  52  21  36  39  29  27  16  35  7  12  13  45  9  23  47  20  4  22  15  3  43  51  42  19  25  5  1  32  17  14  24  26  37  18  46  41  40  8  44  30  6  33  49  31  38  50  10
   2  11  51  20  9  8  24  29  48  18  4  17  10  33  6  38  40  5  23  27  21  13  41  26  16  19  45  42  52  15  39  47  1  49  31  14  12  32  7  36  43  30  44  22  3  50  34  35  46  25  37  28
   2  13  5  6  39  15  18  11  45  1  33  29  3  46  34  9  32  49  27  43  41  28  23  17  31  16  51  40  48  47  14  38  35  42  8  52  20  24  50  7  19  44  21  4  26  10  12  25  30  36  22  37
   2  13  33  24  51  44  52  35  12  10  16  3  6  11  30  46  8  23  45  21  31  27  15  14  48  17  43  22  40  41  1  5  47  19  49  34  20  4  37  32  29  42  36  38  9  26  18  25  50  7  39  28
   2  15  33  9  41  16  14  52  19  10  22  6  45  46  27  17  48  42  50  4  30  13  18  29  32  28  51  38  20  44  12  37  39  1  34  43  31  47  8  7  26  36  5  11  3  49  23  40  35  24  21  25
   2  16  22  17  30  28  12  43  26  49  21  9  19  46  50  29  20  1  8  11  35  15  14  6  48  13  51  37  31  36  23  25  41  10  27  4  32  44  34  7  3  24  33  52  45  42  18  38  39  47  5  40
   2  17  12  49  19  29  8  15  48  37  23  10  32  7  33  42  39  40  22  28  26  9  50  1  35  6  51  36  41  4  34  24  45  38  5  16  30  43  21  46  20  11  14  13  31  25  27  44  3  52  18  47
   2  17  49  32  31  12  4  47  44  46  40  27  50  19  26  10  48  7  37  9  51  3  15  42  8  13  39  34  16  41  29  25  35  11  33  22  36  52  45  24  1  14  20  18  21  30  38  5  6  23  43  28
   2  19  31  36  21  48  32  1  8  38  52  13  46  49  50  18  16  25  7  3  9  17  41  30  40  11  37  14  4  15  43  35  29  33  51  42  44  24  23  20  39  26  12  34  27  6  22  47  10  5  45  28
   2  21  13  40  11  32  8  7  24  30  12  51  42  27  22  26  36  43  29  49  19  31  15  18  20  9  35  46  44  41  5  45  23  3  17  10  52  48  1  16  25  38  4  50  33  34  6  37  14  39  47  28
   2  23  47  44  1  16  36  13  40  22  24  37  38  5  46  34  4  9  51  43  29  45  41  6  52  7  33  26  32  15  19  3  17  25  35  30  8  20  31  12  11  50  48  14  39  10  42  27  18  21  49  28
   2  24  23  11  26  47  34  37  20  28  18  4  48  46  22  52  41  15  21  40  3  36  8  43  39  44  51  29  30  42  27  6  19  16  33  25  35  49  5  7  31  1  12  38  32  13  50  17  45  10  14  9
   2  25  21  24  35  40  23  49  3  11  5  36  26  7  8  47  31  43  34  1  39  37  12  44  20  38  51  28  32  29  18  13  30  4  50  42  48  17  27  46  45  6  22  10  19  52  14  16  41  9  33  15
   2  25  29  48  43  52  12  19  4  14  36  23  34  35  18  42  24  27  21  37  39  7  15  46  32  5  31  6  20  41  33  13  11  47  1  50  16  44  9  8  49  10  40  30  45  38  26  17  22  3  51  28
   2  27  11  52  33  36  40  25  20  6  48  9  30  13  42  50  44  45  43  31  49  21  41  34  12  3  29  38  8  15  47  23  5  17  19  18  24  16  39  4  35  22  32  46  51  14  10  7  26  37  1  28
   2  28  21  29  35  13  23  4  3  42  5  17  26  46  8  6  31  10  34  52  39  16  12  9  20  15  51  25  32  24  18  40  30  49  50  11  48  36  27  7  45  47  22  43  19  1  14  37  41  44  33  38
   2  29  23  42  26  6  34  16  20  25  18  49  48  7  22  1  41  38  21  13  3  17  8  10  39  9  51  24  30  11  27  47  19  37  33  28  35  4  5  46  31  52  12  15  32  40  50  36  45  43  14  44
   2  29  45  4  23  20  16  31  36  50  8  47  26  43  14  6  12  11  13  25  7  35  15  22  44  1  27  18  48  41  9  33  51  39  37  38  32  40  17  52  21  34  24  10  5  42  46  49  30  19  3  28
   2  31  27  8  13  4  44  37  52  42  20  33  22  21  38  14  32  29  35  19  17  49  41  10  24  51  25  50  36  15  23  43  45  9  3  6  40  12  47  48  7  46  16  26  11  18  30  39  34  1  5  28
   2  33  9  12  3  40  20  43  16  34  32  19  18  51  10  22  52  47  5  13  27  11  15  50  4  49  23  30  24  41  37  1  39  31  21  26  48  36  25  44  45  6  8  42  17  46  14  29  38  35  7  28
   2  35  43  16  45  24  48  49  32  26  44  5  14  29  34  30  20  13  27  7  37  25  41  38  36  47  21  10  12  15  51  11  33  1  39  46  4  8  3  40  31  18  52  6  23  22  50  19  42  17  9  28
   2  36  12  4  19  24  8  38  48  16  23  43  32  46  33  11  39  13  22  25  26  44  50  52  35  47  51  17  41  49  34  29  45  15  5  37  30  10  21  7  20  42  14  40  31  28  27  9  3  1  18  6
   2  37  22  36  30  25  12  10  26  4  21  44  19  7  50  24  20  52  8  42  35  38  14  47  48  40  51  16  31  17  23  28  41  43  27  49  32  9  34  46  3  29  33  1  45  11  18  15  39  6  5  13
   2  37  25  20  35  8  24  3  48  18  4  43  10  7  6  38  40  31  49  1  47  39  15  26  16  45  19  42  52  41  13  21  27  23  5  14  12  32  33  36  17  30  44  22  29  50  34  9  46  51  11  28
   2  38  33  44  41  37  14  1  19  43  22  47  45  7  27  36  48  11  50  49  30  40  18  24  32  25  51  15  20  9  12  16  39  52  34  10  31  6  8  46  26  17  5  42  3  4  23  13  35  29  21  28
   2  39  7  24  25  44  52  9  12  10  16  29  6  37  30  46  8  49  19  47  5  1  41  14  48  43  17  22  40  15  27  31  21  45  23  34  20  4  11  32  3  42  36  38  35  26  18  51  50  33  13  28
   2  40  5  47  39  38  18  42  45  52  33  24  3  7  34  44  32  4  27  10  41  25  23  36  31  37  51  13  48  6  14  15  35  11  8  1  20  29  50  46  19  9  21  49  26  43  12  28  30  17  22  16
   2  42  34  25  48  1  21  17  39  24  27  37  35  46  12  40  45  44  23  6  20  49  22  38  3  10  51  11  19  28  5  52  32  36  14  29  26  16  18  7  41  13  8  9  30  47  33  4  31  15  50  43
   2  43  23  32  5  12  4  21  44  46  40  1  50  45  26  10  48  33  11  35  25  29  41  42  8  39  13  34  16  15  3  51  9  37  7  22  36  52  19  24  27  14  20  18  47  30  38  31  6  49  17  28
   2  43  50  15  31  4  33  47  30  9  8  13  41  7  18  16  26  29  14  36  32  52  5  28  19  11  51  10  3  38  22  49  20  6  23  44  45  40  12  46  35  37  27  24  39  17  21  1  48  25  34  42
   2  44  14  43  45  36  50  40  32  15  12  52  31  46  5  4  35  28  33  37  19  47  27  11  30  24  51  9  39  10  8  17  3  13  21  38  41  1  22  7  48  49  18  25  20  16  34  6  26  42  23  29
   2  45  5  36  47  48  32  27  8  38  52  39  46  23  50  18  16  51  33  29  35  43  15  30  40  37  11  14  4  41  17  9  3  7  25  42  44  24  49  20  13  26  12  34  1  6  22  21  10  31  19  28
   2  47  18  52  3  44  27  25  31  13  14  11  20  46  21  43  30  16  5  38  45  24  34  4  41  36  51  6  35  1  50  9  26  28  22  40  39  42  33  7  32  10  23  37  48  15  8  29  19  49  12  17
   2  47  39  40  37  32  8  33  24  30  12  25  42  1  22  26  36  17  3  23  45  5  41  18  20  35  9  46  44  15  31  19  49  29  43  10  52  48  27  16  51  38  4  50  7  34  6  11  14  13  21  28
   2  49  21  44  27  16  36  39  40  22  24  11  38  31  46  34  4  35  25  17  3  19  15  6  52  33  7  26  32  41  45  29  43  51  9  30  8  20  5  12  37  50  48  14  13  10  42  1  18  47  23  28
   2  51  3  48  17  52  12  45  4  14  36  49  34  9  18  42  24  1  47  11  13  33  41  46  32  31  5  6  20  15  7  39  37  21  27  50  16  44  35  8  23  10  40  30  19  38  26  43  22  29  25  28
   3  2  38  1  8  37  41  52  21  7  49  36  31  40  43  51  45  20  18  6  24  48  16  35  13  30  4  39  9  42  22  50  32  44  46  19  25  17  14  5  10  23  33  47  26  15  11  34  27  12  28  29
   3  4  20  5  50  21  17  6  37  51  9  22  27  18  15  7  13  38  40  52  34  10  42  23  45  28  2  19  49  16  36  8  26  14  12  39  33  41  44  1  48  35  25  11  32  43  47  24  31  46  30  29
   3  4  23  13  35  29  21  28  2  38  33  44  41  37  14  1  19  43  22  47  45  7  27  36  48  11  50  49  30  40  18  24  32  25  51  15  20  9  12  16  39  52  34  10  31  6  8  46  26  17  5  42
   3  6  2  9  40  5  45  12  1  43  21  8  23  48  39  15  33  4  10  46  44  24  16  11  25  26  52  51  37  42  50  18  20  36  30  7  41  13  22  49  34  47  17  27  38  19  31  14  35  28  32  29
   3  6  12  24  48  43  33  13  26  52  51  49  45  37  21  42  31  9  18  36  19  38  23  46  39  25  50  47  41  29  5  10  20  40  27  1  2  4  8  16  32  11  22  44  35  17  34  15  30  7  14  28
   3  7  34  44  32  4  27  10  41  25  23  36  31  37  51  13  48  6  14  15  35  11  8  1  20  29  50  46  19  9  21  49  26  43  12  28  30  17  22  16  2  40  5  47  39  38  18  42  45  52  33  24
   3  8  36  13  30  41  21  18  17  35  33  46  19  26  11  23  1  22  32  40  2  38  42  51  5  24  50  31  25  16  12  28  14  6  48  27  49  37  52  45  20  7  9  43  44  47  15  4  39  10  34  29
   3  10  18  17  20  25  49  24  33  27  45  32  15  4  35  31  21  40  2  34  12  52  16  39  37  22  48  11  13  42  26  38  8  28  14  47  5  9  30  41  6  19  1  7  50  23  51  46  43  44  36  29
   3  10  51  11  19  28  5  52  32  36  14  29  26  16  18  7  41  13  8  9  30  47  33  4  31  15  50  43  2  42  34  25  48  1  21  17  39  24  27  37  35  46  12  40  45  44  23  6  20  49  22  38
   3  11  5  36  26  7  8  47  31  43  34  1  39  37  12  44  20  38  51  28  32  29  18  13  30  4  50  42  48  17  27  46  45  6  22  10  19  52  14  16  41  9  33  15  2  25  21  24  35  40  23  49
   3  12  52  21  10  9  25  30  49  19  5  18  11  34  7  39  41  6  24  28  22  14  42  27  17  20  46  43  1  16  40  48  2  50  32  15  13  33  8  37  44  31  45  23  4  51  35  36  47  26  38  29
   3  13  21  38  41  1  22  7  48  49  18  25  20  16  34  6  26  42  23  29  2  44  14  43  45  36  50  40  32  15  12  52  31  46  5  4  35  28  33  37  19  47  27  11  30  24  51  9  39  10  8  17
   3  14  34  25  52  45  1  36  13  11  17  4  7  12  31  47  9  24  46  22  32  28  16  15  49  18  44  23  41  42  2  6  48  20  50  35  21  5  38  33  30  43  37  39  10  27  19  26  51  8  40  29
   3  15  22  4  20  47  23  9  45  13  12  7  35  16  27  29  39  36  21  52  48  28  34  11  2  10  50  38  31  49  33  6  30  44  8  40  41  46  18  37  26  24  14  17  32  1  5  25  19  42  51  43
   3  17  8  10  39  9  51  24  30  11  27  47  19  37  33  28  35  4  5  46  31  52  12  15  32  40  50  36  45  43  14  44  2  29  23  42  26  6  34  16  20  25  18  49  48  7  22  1  41  38  21  13
   3  18  50  33  32  13  5  48  45  47  41  28  51  20  27  11  49  8  38  10  52  4  16  43  9  14  40  35  17  42  30  26  36  12  34  23  37  1  46  25  2  15  21  19  22  31  39  6  7  24  44  29
   3  20  32  37  22  49  33  2  9  39  1  14  47  50  51  19  17  26  8  4  10  18  42  31  41  12  38  15  5  16  44  36  30  34  52  43  45  25  24  21  40  27  13  35  28  7  23  48  11  6  46  29
   3  22  14  41  12  33  9  8  25  31  13  52  43  28  23  27  37  44  30  50  20  32  16  19  21  10  36  47  45  42  6  46  24  4  18  11  1  49  2  17  26  39  5  51  34  35  7  38  15  40  48  29
   3  24  33  52  45  42  18  38  39  47  5  40  2  16  22  17  30  28  12  43  26  49  21  9  19  46  50  29  20  1  8  11  35  15  14  6  48  13  51  37  31  36  23  25  41  10  27  4  32  44  34  7
   3  24  48  45  2  17  37  14  41  23  25  38  39  6  47  35  5  10  52  44  30  46  42  7  1  8  34  27  33  16  20  4  18  26  36  31  9  21  32  13  12  51  49  15  40  11  43  28  19  22  50  29
   3  25  14  46  30  38  34  36  35  9  22  42  32  37  8  49  2  52  27  13  20  43  5  24  41  6  50  28  39  7  23  15  19  17  18  44  31  11  21  16  45  4  51  1  26  40  33  10  48  29  12  47
   3  28  12  1  34  37  41  26  21  7  49  10  31  14  43  51  45  46  44  32  50  22  42  35  13  4  30  39  9  16  48  24  6  18  20  19  25  17  40  5  36  23  33  47  52  15  11  8  27  38  2  29
   3  28  14  7  30  15  34  17  35  44  22  11  32  16  8  4  2  1  27  40  20  10  5  29  41  47  50  25  39  46  23  38  19  36  18  9  31  42  21  37  45  49  51  52  26  13  33  43  48  24  12  6
   3  29  33  1  45  11  18  15  39  6  5  13  2  37  22  36  30  25  12  10  26  4  21  44  19  7  50  24  20  52  8  42  35  38  14  47  48  40  51  16  31  17  23  28  41  43  27  49  32  9  34  46
   3  30  46  5  24  21  17  32  37  51  9  48  27  44  15  7  13  12  14  26  8  36  16  23  45  2  28  19  49  42  10  34  52  40  38  39  33  41  18  1  22  35  25  11  6  43  47  50  31  20  4  29
   3  32  28  9  14  5  45  38  1  43  21  34  23  22  39  15  33  30  36  20  18  50  42  11  25  52  26  51  37  16  24  44  46  10  4  7  41  13  48  49  8  47  17  27  12  19  31  40  35  2  6  29
   3  34  10  13  4  41  21  44  17  35  33  20  19  52  11  23  1  48  6  14  28  12  16  51  5  50  24  31  25  42  38  2  40  32  22  27  49  37  26  45  46  7  9  43  18  47  15  30  39  36  8  29
   3  36  8  43  39  44  51  29  30  42  27  6  19  16  33  25  35  49  5  7  31  1  12  38  32  13  50  17  45  10  14  9  2  24  23  11  26  47  34  37  20  28  18  4  48  46  22  52  41  15  21  40
   3  36  44  17  46  25  49  50  33  27  45  6  15  30  35  31  21  14  28  8  38  26  42  39  37  48  22  11  13  16  52  12  34  2  40  47  5  9  4  41  32  19  1  7  24  23  51  20  43  18  10  29
   3  38  22  49  20  6  23  44  45  40  12  46  35  37  27  24  39  17  21  1  48  25  34  42  2  43  50  15  31  4  33  47  30  9  8  13  41  7  18  16  26  29  14  36  32  52  5  28  19  11  51  10
   3  40  8  25  26  45  1  10  13  11  17  30  7  38  31  47  9  50  20  48  6  2  42  15  49  44  18  23  41  16  28  32  22  46  24  35  21  5  12  33  4  43  37  39  36  27  19  52  51  34  14  29
   3  40  21  15  41  52  22  46  48  4  18  28  20  37  34  47  26  11  23  24  2  9  14  10  45  17  50  13  32  38  12  1  31  7  5  49  35  25  33  16  19  6  27  42  30  29  51  44  39  43  8  36
   3  42  5  17  26  46  8  6  31  10  34  52  39  16  12  9  20  15  51  25  32  24  18  40  30  49  50  11  48  36  27  7  45  47  22  43  19  1  14  37  41  44  33  38  2  28  21  29  35  13  23  4
   3  43  51  42  19  25  5  1  32  17  14  24  26  37  18  46  41  40  8  44  30  6  33  49  31  38  50  10  2  11  34  28  48  52  21  36  39  29  27  16  35  7  12  13  45  9  23  47  20  4  22  15
   3  44  24  33  6  13  5  22  45  47  41  2  51  46  27  11  49  34  12  36  26  30  42  43  9  40  14  35  17  16  4  52  10  38  8  23  37  1  20  25  28  15  21  19  48  31  39  32  7  50  18  29
   3  46  6  37  48  49  33  28  9  39  1  40  47  24  51  19  17  52  34  30  36  44  16  31  41  38  12  15  5  42  18  10  4  8  26  43  45  25  50  21  14  27  13  35  2  7  23  22  11  32  20  29
   3  47  12  29  48  10  33  40  26  1  51  4  45  16  21  11  31  44  18  17  19  15  23  7  39  28  50  6  41  24  5  43  20  13  27  52  2  49  8  37  32  42  22  9  35  36  34  38  30  46  14  25
   3  48  40  41  38  33  9  34  25  31  13  26  43  2  23  27  37  18  4  24  46  6  42  19  21  36  10  47  45  16  32  20  50  30  44  11  1  49  28  17  52  39  5  51  8  35  7  12  15  14  22  29
   3  49  23  40  35  24  21  25  2  15  33  9  41  16  14  52  19  10  22  6  45  46  27  17  48  42  50  4  30  13  18  29  32  28  51  38  20  44  12  37  39  1  34  43  31  47  8  7  26  36  5  11
   3  50  22  45  28  17  37  40  41  23  25  12  39  32  47  35  5  36  26  18  4  20  16  7  1  34  8  27  33  42  46  30  44  52  10  31  9  21  6  13  38  51  49  15  14  11  43  2  19  48  24  29
   4  3  39  2  9  38  42  1  22  8  50  37  32  41  44  52  46  21  19  7  25  49  17  36  14  31  5  40  10  43  23  51  33  45  47  20  26  18  15  6  11  24  34  48  27  16  12  35  28  13  29  30
   4  3  42  5  17  26  46  8  6  31  10  34  52  39  16  12  9  20  15  51  25  32  24  18  40  30  49  50  11  48  36  27  7  45  47  22  43  19  1  14  37  41  44  33  38  2  28  21  29  35  13  23
   4  5  21  6  51  22  18  7  38  52  10  23  28  19  16  8  14  39  41  1  35  11  43  24  46  29  3  20  50  17  37  9  27  15  13  40  34  42  45  2  49  36  26  12  33  44  48  25  32  47  31  30
   4  5  46  31  52  12  15  32  40  50  36  45  43  14  44  2  29  23  42  26  6  34  16  20  25  18  49  48  7  22  1  41  38  21  13  3  17  8  10  39  9  51  24  30  11  27  47  19  37  33  28  35
   4  7  3  10  41  6  46  13  2  44  22  9  24  49  40  16  34  5  11  47  45  25  17  12  26  27  1  52  38  43  51  19  21  37  31  8  42  14  23  50  35  48  18  28  39  20  32  15  36  29  33  30
   4  9  37  14  31  42  22  19  18  36  34  47  20  27  12  24  2  23  33  41  3  39  43  52  6  25  51  32  26  17  13  29  15  7  49  28  50  38  1  46  21  8  10  44  45  48  16  5  40  11  35  30
   4  11  19  18  21  26  50  25  34  28  46  33  16  5  36  32  22  41  3  35  13  1  17  40  38  23  49  12  14  43  27  39  9  29  15  48  6  10  31  42  7  20  2  8  51  24  52  47  44  45  37  30
   4  12  36  2  6  18  1  3  9  27  28  31  40  14  42  20  7  21  10  30  37  5  15  45  29  34  49  41  17  51  47  35  52  50  44  26  25  22  13  39  11  33  46  32  43  23  16  48  38  8  24  19
   4  15  35  26  1  46  2  37  14  12  18  5  8  13  32  48  10  25  47  23  33  29  17  16  50  19  45  24  42  43  3  7  49  21  51  36  22  6  39  34  31  44  38  40  11  28  20  27  52  9  41  30
   4  19  24  8  38  48  16  23  43  32  46  33  11  39  13  22  25  26  44  50  52  35  47  51  17  41  49  34  29  45  15  5  37  30  10  21  7  20  42  14  40  31  28  27  9  3  1  18  6  2  36  12
   4  19  51  34  33  14  6  49  46  48  42  29  52  21  28  12  50  9  39  11  1  5  17  44  10  15  41  36  18  43  31  27  37  13  35  24  38  2  47  26  3  16  22  20  23  32  40  7  8  25  45  30
   4  20  47  23  9  45  13  12  7  35  16  27  29  39  36  21  52  48  28  34  11  2  10  50  38  31  49  33  6  30  44  8  40  41  46  18  37  26  24  14  17  32  1  5  25  19  42  51  43  3  15  22
   4  21  33  38  23  50  34  3  10  40  2  15  48  51  52  20  18  27  9  5  11  19  43  32  42  13  39  16  6  17  45  37  31  35  1  44  46  26  25  22  41  28  14  36  29  8  24  49  12  7  47  30
   4  21  44  19  7  50  24  20  52  8  42  35  38  14  47  48  40  51  16  31  17  23  28  41  43  27  49  32  9  34  46  3  29  33  1  45  11  18  15  39  6  5  13  2  37  22  36  30  25  12  10  26
   4  22  15  3  43  51  42  19  25  5  1  32  17  14  24  26  37  18  46  41  40  8  44  30  6  33  49  31  38  50  10  2  11  34  28  48  52  21  36  39  29  27  16  35  7  12  13  45  9  23  47  20
   4  23  15  42  13  34  10  9  26  32  14  1  44  29  24  28  38  45  31  51  21  33  17  20  22  11  37  48  46  43  7  47  25  5  19  12  2  50  3  18  27  40  6  52  35  36  8  39  16  41  49  30
   4  25  49  46  3  18  38  15  42  24  26  39  40  7  48  36  6  11  1  45  31  47  43  8  2  9  35  28  34  17  21  5  19  27  37  32  10  22  33  14  13  52  50  16  41  12  44  29  20  23  51  30
   4  26  10  12  25  30  36  22  37  2  13  5  6  39  15  18  11  45  1  33  29  3  46  34  9  32  49  27  43  41  28  23  17  31  16  51  40  48  47  14  38  35  42  8  52  20  24  50  7  19  44  21
   4  27  10  41  25  23  36  31  37  51  13  48  6  14  15  35  11  8  1  20  29  50  46  19  9  21  49  26  43  12  28  30  17  22  16  2  40  5  47  39  38  18  42  45  52  33  24  3  7  34  44  32
   4  29  13  2  35  38  42  27  22  8  50  11  32  15  44  52  46  47  45  33  51  23  43  36  14  5  31  40  10  17  49  25  7  19  21  20  26  18  41  6  37  24  34  48  1  16  12  9  28  39  3  30
   4  31  15  50  43  2  42  34  25  48  1  21  17  39  24  27  37  35  46  12  40  45  44  23  6  20  49  22  38  3  10  51  11  19  28  5  52  32  36  14  29  26  16  18  7  41  13  8  9  30  47  33
   4  31  47  6  25  22  18  33  38  52  10  49  28  45  16  8  14  13  15  27  9  37  17  24  46  3  29  20  50  43  11  35  1  41  39  40  34  42  19  2  23  36  26  12  7  44  48  51  32  21  5  30
   4  32  44  34  7  3  24  33  52  45  42  18  38  39  47  5  40  2  16  22  17  30  28  12  43  26  49  21  9  19  46  50  29  20  1  8  11  35  15  14  6  48  13  51  37  31  36  23  25  41  10  27
   4  33  29  10  15  6  46  39  2  44  22  35  24  23  40  16  34  31  37  21  19  51  43  12  26  1  27  52  38  17  25  45  47  11  5  8  42  14  49  50  9  48  18  28  13  20  32  41  36  3  7  30
   4  33  47  30  9  8  13  41  7  18  16  26  29  14  36  32  52  5  28  19  11  51  10  3  38  22  49  20  6  23  44  45  40  12  46  35  37  27  24  39  17  21  1  48  25  34  42  2  43  50  15  31
   4  34  24  45  38  5  16  30  43  21  46  20  11  14  13  31  25  27  44  3  52  18  47  2  17  12  49  19  29  8  15  48  37  23  10  32  7  33  42  39  40  22  28  26  9  50  1  35  6  51  36  41
   4  35  11  14  5  42  22  45  18  36  34  21  20  1  12  24  2  49  7  15  29  13  17  52  6  51  25  32  26  43  39  3  41  33  23  28  50  38  27  46  47  8  10  44  19  48  16  31  40  37  9  30
   4  35  28  33  37  19  47  27  11  30  24  51  9  39  10  8  17  3  13  21  38  41  1  22  7  48  49  18  25  20  16  34  6  26  42  23  29  2  44  14  43  45  36  50  40  32  15  12  52  31  46  5
   4  37  45  18  47  26  50  51  34  28  46  7  16  31  36  32  22  15  29  9  39  27  43  40  38  49  23  12  14  17  1  13  35  3  41  48  6  10  5  42  33  20  2  8  25  24  52  21  44  19  11  30
   4  41  36  51  6  35  1  50  9  26  28  22  40  39  42  33  7  32  10  23  37  48  15  8  29  19  49  12  17  2  47  18  52  3  44  27  25  31  13  14  11  20  46  21  43  30  16  5  38  45  24  34
   4  45  25  34  7  14  6  23  46  48  42  3  52  47  28  12  50  35  13  37  27  31  43  44  10  41  15  36  18  17  5  1  11  39  9  24  38  2  21  26  29  16  22  20  49  32  40  33  8  51  19  30
   4  47  7  38  49  50  34  29  10  40  2  41  48  25  52  20  18  1  35  31  37  45  17  32  42  39  13  16  6  43  19  11  5  9  27  44  46  26  51  22  15  28  14  36  3  8  24  23  12  33  21  30
   4  48  46  22  52  41  15  21  40  3  36  8  43  39  44  51  29  30  42  27  6  19  16  33  25  35  49  5  7  31  1  12  38  32  13  50  17  45  10  14  9  2  24  23  11  26  47  34  37  20  28  18
   4  49  41  42  39  34  10  35  26  32  14  27  44  3  24  28  38  19  5  25  47  7  43  20  22  37  11  48  46  17  33  21  51  31  45  12  2  50  29  18  1  40  6  52  9  36  8  13  16  15  23  30
   4  50  42  48  17  27  46  45  6  22  10  19  52  14  16  41  9  33  15  2  25  21  24  35  40  23  49  3  11  5  36  26  7  8  47  31  43  34  1  39  37  12  44  20  38  51  28  32  29  18  13  30
   4  51  23  46  29  18  38  41  42  24  26  13  40  33  48  36  6  37  27  19  5  21  17  8  2  35  9  28  34  43  47  31  45  1  11  32  10  22  7  14  39  52  50  16  15  12  44  3  20  49  25  30
   5  2  6  51  20  3  15  48  7  17  39  52  37  12  21  45  27  4  50  14  16  36  44  49  35  34  8  9  23  18  10  42  40  24  30  1  19  47  38  11  26  13  43  33  22  41  29  46  25  32  28  31
   5  4  40  3  10  39  43  2  23  9  51  38  33  42  45  1  47  22  20  8  26  50  18  37  15  32  6  41  11  44  24  52  34  46  48  21  27  19  16  7  12  25  35  49  28  17  13  36  29  14  30  31
   5  6  22  7  52  23  19  8  39  1  11  24  29  20  17  9  15  40  42  2  36  12  44  25  47  30  4  21  51  18  38  10  28  16  14  41  35  43  46  3  50  37  27  13  34  45  49  26  33  48  32  31
   5  6  39  15  18  11  45  1  33  29  3  46  34  9  32  49  27  43  41  28  23  17  31  16  51  40  48  47  14  38  35  42  8  52  20  24  50  7  19  44  21  4  26  10  12  25  30  36  22  37  2  13
   5  8  4  11  42  7  47  14  3  45  23  10  25  50  41  17  35  6  12  48  46  26  18  13  27  28  2  1  39  44  52  20  22  38  32  9  43  15  24  51  36  49  19  29  40  21  33  16  37  30  34  31
   5  10  20  40  27  1  2  4  8  16  32  11  22  44  35  17  34  15  30  7  14  28  3  6  12  24  48  43  33  13  26  52  51  49  45  37  21  42  31  9  18  36  19  38  23  46  39  25  50  47  41  29
   5  10  38  15  32  43  23  20  19  37  35  48  21  28  13  25  3  24  34  42  4  40  44  1  7  26  52  33  27  18  14  30  16  8  50  29  51  39  2  47  22  9  11  45  46  49  17  6  41  12  36  31
   5  11  3  49  23  40  35  24  21  25  2  15  33  9  41  16  14  52  19  10  22  6  45  46  27  17  48  42  50  4  30  13  18  29  32  28  51  38  20  44  12  37  39  1  34  43  31  47  8  7  26  36
   5  12  20  19  22  27  51  26  35  29  47  34  17  6  37  33  23  42  4  36  14  2  18  41  39  24  50  13  15  44  28  40  10  30  16  49  7  11  32  43  8  21  3  9  52  25  1  48  45  46  38  31
   5  13  2  37  22  36  30  25  12  10  26  4  21  44  19  7  50  24  20  52  8  42  35  38  14  47  48  40  51  16  31  17  23  28  41  43  27  49  32  9  34  46  3  29  33  1  45  11  18  15  39  6
   5  14  2  23  12  11  27  32  51  21  7  20  13  36  9  41  43  8  26  30  24  16  44  29  19  22  48  45  3  18  42  50  4  52  34  17  15  35  10  39  46  33  47  25  6  1  37  38  49  28  40  31
   5  15  45  29  34  49  41  17  51  47  35  52  50  44  26  25  22  13  39  11  33  46  32  43  23  16  48  38  8  24  19  4  12  36  2  6  18  1  3  9  27  28  31  40  14  42  20  7  21  10  30  37
   5  16  30  43  21  46  20  11  14  13  31  25  27  44  3  52  18  47  2  17  12  49  19  29  8  15  48  37  23  10  32  7  33  42  39  40  22  28  26  9  50  1  35  6  51  36  41  4  34  24  45  38
   5  17  26  46  8  6  31  10  34  52  39  16  12  9  20  15  51  25  32  24  18  40  30  49  50  11  48  36  27  7  45  47  22  43  19  1  14  37  41  44  33  38  2  28  21  29  35  13  23  4  3  42
   5  22  34  39  24  51  35  4  11  41  3  16  49  52  1  21  19  28  10  6  12  20  44  33  43  14  40  17  7  18  46  38  32  36  2  45  47  27  26  23  42  29  15  37  30  9  25  50  13  8  48  31
   5  24  16  43  14  35  11  10  27  33  15  2  45  30  25  29  39  46  32  52  22  34  18  21  23  12  38  49  47  44  8  48  26  6  20  13  3  51  4  19  28  41  7  1  36  37  9  40  17  42  50  31
   5  24  41  6  50  28  39  7  23  15  19  17  18  44  31  11  21  16  45  4  51  1  26  40  33  10  48  29  12  47  3  25  14  46  30  38  34  36  35  9  22  42  32  37  8  49  2  52  27  13  20  43
   5  28  32  51  46  3  15  22  7  17  39  26  37  38  21  45  27  30  24  40  42  10  18  49  35  8  34  9  23  44  36  16  14  50  4  1  19  47  12  11  52  13  43  33  48  41  29  20  25  6  2  31
   5  30  14  3  36  39  43  28  23  9  51  12  33  16  45  1  47  48  46  34  52  24  44  37  15  6  32  41  11  18  50  26  8  20  22  21  27  19  42  7  38  25  35  49  2  17  13  10  29  40  4  31
   5  34  30  11  16  7  47  40  3  45  23  36  25  24  41  17  35  32  38  22  20  52  44  13  27  2  28  1  39  18  26  46  48  12  6  9  43  15  50  51  10  49  19  29  14  21  33  42  37  4  8  31
   5  36  12  15  6  43  23  46  19  37  35  22  21  2  13  25  3  50  8  16  30  14  18  1  7  52  26  33  27  44  40  4  42  34  24  29  51  39  28  47  48  9  11  45  20  49  17  32  41  38  10  31
   5  36  26  7  8  47  31  43  34  1  39  37  12  44  20  38  51  28  32  29  18  13  30  4  50  42  48  17  27  46  45  6  22  10  19  52  14  16  41  9  33  15  2  25  21  24  35  40  23  49  3  11
   5  37  30  10  21  7  20  42  14  40  31  28  27  9  3  1  18  6  2  36  12  4  19  24  8  38  48  16  23  43  32  46  33  11  39  13  22  25  26  44  50  52  35  47  51  17  41  49  34  29  45  15
   5  38  45  24  34  4  41  36  51  6  35  1  50  9  26  28  22  40  39  42  33  7  32  10  23  37  48  15  8  29  19  49  12  17  2  47  18  52  3  44  27  25  31  13  14  11  20  46  21  43  30  16
   5  38  46  19  48  27  51  52  35  29  47  8  17  32  37  33  23  16  30  10  40  28  44  41  39  50  24  13  15  18  2  14  36  4  42  49  7  11  6  43  34  21  3  9  26  25  1  22  45  20  12  31
   5  40  2  16  22  17  30  28  12  43  26  49  21  9  19  46  50  29  20  1  8  11  35  15  14  6  48  13  51  37  31  36  23  25  41  10  27  4  32  44  34  7  3  24  33  52  45  42  18  38  39  47
   5  40  28  23  38  11  27  6  51  21  7  46  13  10  9  41  43  34  52  4  50  42  18  29  19  48  22  45  3  44  16  24  30  26  8  17  15  35  36  39  20  33  47  25  32  1  37  12  49  2  14  31
   5  42  3  4  23  13  35  29  21  28  2  38  33  44  41  37  14  1  19  43  22  47  45  7  27  36  48  11  50  49  30  40  18  24  32  25  51  15  20  9  12  16  39  52  34  10  31  6  8  46  26  17
   5  43  20  13  27  52  2  49  8  37  32  42  22  9  35  36  34  38  30  46  14  25  3  47  12  29  48  10  33  40  26  1  51  4  45  16  21  11  31  44  18  17  19  15  23  7  39  28  50  6  41  24
   5  47  39  38  18  42  45  52  33  24  3  7  34  44  32  4  27  10  41  25  23  36  31  37  51  13  48  6  14  15  35  11  8  1  20  29  50  46  19  9  21  49  26  43  12  28  30  17  22  16  2  40
   5  48  8  39  50  51  35  30  11  41  3  42  49  26  1  21  19  2  36  32  38  46  18  33  43  40  14  17  7  44  20  12  6  10  28  45  47  27  52  23  16  29  15  37  4  9  25  24  13  34  22  31
   5  50  42  43  40  35  11  36  27  33  15  28  45  4  25  29  39  20  6  26  48  8  44  21  23  38  12  49  47  18  34  22  52  32  46  13  3  51  30  19  2  41  7  1  10  37  9  14  17  16  24  31
   6  3  28  14  7  30  15  34  17  35  44  22  11  32  16  8  4  2  1  27  40  20  10  5  29  41  47  50  25  39  46  23  38  19  36  18  9  31  42  21  37  45  49  51  52  26  13  33  43  48  24  12
   6  5  13  2  37  22  36  30  25  12  10  26  4  21  44  19  7  50  24  20  52  8  42  35  38  14  47  48  40  51  16  31  17  23  28  41  43  27  49  32  9  34  46  3  29  33  1  45  11  18  15  39
   6  5  41  4  11  40  44  3  24  10  52  39  34  43  46  2  48  23  21  9  27  51  19  38  16  33  7  42  12  45  25  1  35  47  49  22  28  20  17  8  13  26  36  50  29  18  14  37  30  15  31  32
   6  9  5  12  43  8  48  15  4  46  24  11  26  51  42  18  36  7  13  49  47  27  19  14  28  29  3  2  40  45  1  21  23  39  33  10  44  16  25  52  37  50  20  30  41  22  34  17  38  31  35  32
   6  11  39  16  33  44  24  21  20  38  36  49  22  29  14  26  4  25  35  43  5  41  45  2  8  27  1  34  28  19  15  31  17  9  51  30  52  40  3  48  23  10  12  46  47  50  18  7  42  13  37  32
   6  13  21  20  23  28  52  27  36  30  48  35  18  7  38  34  24  43  5  37  15  3  19  42  40  25  51  14  16  45  29  41  11  31  17  50  8  12  33  44  9  22  4  10  1  26  2  49  46  47  39  32
   6  15  3  24  13  12  28  33  52  22  8  21  14  37  10  42  44  9  27  31  25  17  45  30  20  23  49  46  4  19  43  51  5  1  35  18  16  36  11  40  47  34  48  26  7  2  38  39  50  29  41  32
   6  17  37  28  3  48  4  39  16  14  20  7  10  15  34  50  12  27  49  25  35  31  19  18  52  21  47  26  44  45  5  9  51  23  1  38  24  8  41  36  33  46  40  42  13  30  22  29  2  11  43  32
   6  19  16  33  25  35  49  5  7  31  1  12  38  32  13  50  17  45  10  14  9  2  24  23  11  26  47  34  37  20  28  18  4  48  46  22  52  41  15  21  40  3  36  8  43  39  44  51  29  30  42  27
   6  20  49  22  38  3  10  51  11  19  28  5  52  32  36  14  29  26  16  18  7  41  13  8  9  30  47  33  4  31  15  50  43  2  42  34  25  48  1  21  17  39  24  27  37  35  46  12  40  45  44  23
   6  23  35  40  25  52  36  5  12  42  4  17  50  1  2  22  20  29  11  7  13  21  45  34  44  15  41  18  8  19  47  39  33  37  3  46  48  28  27  24  43  30  16  38  31  10  26  51  14  9  49  32
   6  23  44  45  40  12  46  35  37  27  24  39  17  21  1  48  25  34  42  2  43  50  15  31  4  33  47  30  9  8  13  41  7  18  16  26  29  14  36  32  52  5  28  19  11  51  10  3  38  22  49  20
   6  25  17  44  15  36  12  11  28  34  16  3  46  31  26  30  40  47  33  1  23  35  19  22  24  13  39  50  48  45  9  49  27  7  21  14  4  52  5  20  29  42  8  2  37  38  10  41  18  43  51  32
   6  26  42  23  29  2  44  14  43  45  36  50  40  32  15  12  52  31  46  5  4  35  28  33  37  19  47  27  11  30  24  51  9  39  10  8  17  3  13  21  38  41  1  22  7  48  49  18  25  20  16  34
   6  27  42  30  29  51  44  39  43  8  36  3  40  21  15  41  52  22  46  48  4  18  28  20  37  34  47  26  11  23  24  2  9  14  10  45  17  50  13  32  38  12  1  31  7  5  49  35  25  33  16  19
   6  30  44  8  40  41  46  18  37  26  24  14  17  32  1  5  25  19  42  51  43  3  15  22  4  20  47  23  9  45  13  12  7  35  16  27  29  39  36  21  52  48  28  34  11  2  10  50  38  31  49  33
   6  31  15  4  37  40  44  29  24  10  52  13  34  17  46  2  48  49  47  35  1  25  45  38  16  7  33  42  12  19  51  27  9  21  23  22  28  20  43  8  39  26  36  50  3  18  14  11  30  41  5  32
   6  33  49  31  38  50  10  2  11  34  28  48  52  21  36  39  29  27  16  35  7  12  13  45  9  23  47  20  4  22  15  3  43  51  42  19  25  5  1  32  17  14  24  26  37  18  46  41  40  8  44  30
   6  34  16  20  25  18  49  48  7  22  1  41  38  21  13  3  17  8  10  39  9  51  24  30  11  27  47  19  37  33  28  35  4  5  46  31  52  12  15  32  40  50  36  45  43  14  44  2  29  23  42  26
   6  35  31  12  17  8  48  41  4  46  24  37  26  25  42  18  36  33  39  23  21  1  45  14  28  3  29  2  40  19  27  47  49  13  7  10  44  16  51  52  11  50  20  30  15  22  34  43  38  5  9  32
   6  37  13  16  7  44  24  47  20  38  36  23  22  3  14  26  4  51  9  17  31  15  19  2  8  1  27  34  28  45  41  5  43  35  25  30  52  40  29  48  49  10  12  46  21  50  18  33  42  39  11  32
   6  39  47  20  49  28  52  1  36  30  48  9  18  33  38  34  24  17  31  11  41  29  45  42  40  51  25  14  16  19  3  15  37  5  43  50  8  12  7  44  35  22  4  10  27  26  2  23  46  21  13  32
   6  41  29  24  39  12  28  7  52  22  8  47  14  11  10  42  44  35  1  5  51  43  19  30  20  49  23  46  4  45  17  25  31  27  9  18  16  36  37  40  21  34  48  26  33  2  38  13  50  3  15  32
   6  43  11  28  29  48  4  13  16  14  20  33  10  41  34  50  12  1  23  51  9  5  45  18  52  47  21  26  44  19  31  35  25  49  27  38  24  8  15  36  7  46  40  42  39  30  22  3  2  37  17  32
   6  50  28  39  7  23  15  19  17  18  44  31  11  21  16  45  4  51  1  26  40  33  10  48  29  12  47  3  25  14  46  30  38  34  36  35  9  22  42  32  37  8  49  2  52  27  13  20  43  5  24  41
   6  51  43  44  41  36  12  37  28  34  16  29  46  5  26  30  40  21  7  27  49  9  45  22  24  39  13  50  48  19  35  23  1  33  47  14  4  52  31  20  3  42  8  2  11  38  10  15  18  17  25  32
   7  6  42  5  12  41  45  4  25  11  1  40  35  44  47  3  49  24  22  10  28  52  20  39  17  34  8  43  13  46  26  2  36  48  50  23  29  21  18  9  14  27  37  51  30  19  15  38  31  16  32  33
   7  8  24  9  2  25  21  10  41  3  13  26  31  22  19  11  17  42  44  4  38  14  46  27  49  32  6  23  1  20  40  12  30  18  16  43  37  45  48  5  52  39  29  15  36  47  51  28  35  50  34  33
   7  8  47  31  43  34  1  39  37  12  44  20  38  51  28  32  29  18  13  30  4  50  42  48  17  27  46  45  6  22  10  19  52  14  16  41  9  33  15  2  25  21  24  35  40  23  49  3  11  5  36  26
   7  10  6  13  44  9  49  16  5  47  25  12  27  52  43  19  37  8  14  50  48  28  20  15  29  30  4  3  41  46  2  22  24  40  34  11  45  17  26  1  38  51  21  31  42  23  35  18  39  32  36  33
   7  12  13  45  9  23  47  20  4  22  15  3  43  51  42  19  25  5  1  32  17  14  24  26  37  18  46  41  40  8  44  30  6  33  49  31  38  50  10  2  11  34  28  48  52  21  36  39  29  27  16  35
   7  12  40  17  34  45  25  22  21  39  37  50  23  30  15  27  5  26  36  44  6  42  46  3  9  28  2  35  29  20  16  32  18  10  52  31  1  41  4  49  24  11  13  47  48  51  19  8  43  14  38  33
   7  14  22  21  24  29  1  28  37  31  49  36  19  8  39  35  25  44  6  38  16  4  20  43  41  26  52  15  17  46  30  42  12  32  18  51  9  13  34  45  10  23  5  11  2  27  3  50  47  48  40  33
   7  14  28  3  6  12  24  48  43  33  13  26  52  51  49  45  37  21  42  31  9  18  36  19  38  23  46  39  25  50  47  41  29  5  10  20  40  27  1  2  4  8  16  32  11  22  44  35  17  34  15  30
   7  16  4  25  14  13  29  34  1  23  9  22  15  38  11  43  45  10  28  32  26  18  46  31  21  24  50  47  5  20  44  52  6  2  36  19  17  37  12  41  48  35  49  27  8  3  39  40  51  30  42  33
   7  18  16  26  29  14  36  32  52  5  28  19  11  51  10  3  38  22  49  20  6  23  44  45  40  12  46  35  37  27  24  39  17  21  1  48  25  34  42  2  43  50  15  31  4  33  47  30  9  8  13  41
   7  18  38  29  4  49  5  40  17  15  21  8  11  16  35  51  13  28  50  26  36  32  20  19  1  22  48  27  45  46  6  10  52  24  2  39  25  9  42  37  34  47  41  43  14  31  23  30  3  12  44  33
   7  20  42  14  40  31  28  27  9  3  1  18  6  2  36  12  4  19  24  8  38  48  16  23  43  32  46  33  11  39  13  22  25  26  44  50  52  35  47  51  17  41  49  34  29  45  15  5  37  30  10  21
   7  21  10  30  37  5  15  45  29  34  49  41  17  51  47  35  52  50  44  26  25  22  13  39  11  33  46  32  43  23  16  48  38  8  24  19  4  12  36  2  6  18  1  3  9  27  28  31  40  14  42  20
   7  22  2  37  36  17  9  52  49  51  45  32  3  24  31  15  1  12  42  14  4  8  20  47  13  18  44  39  21  46  34  30  40  16  38  27  41  5  50  29  6  19  25  23  26  35  43  10  11  28  48  33
   7  23  15  19  17  18  44  31  11  21  16  45  4  51  1  26  40  33  10  48  29  12  47  3  25  14  46  30  38  34  36  35  9  22  42  32  37  8  49  2  52  27  13  20  43  5  24  41  6  50  28  39
   7  30  15  34  17  35  44  22  11  32  16  8  4  2  1  27  40  20  10  5  29  41  47  50  25  39  46  23  38  19  36  18  9  31  42  21  37  45  49  51  52  26  13  33  43  48  24  12  6  3  28  14
   7  32  10  23  37  48  15  8  29  19  49  12  17  2  47  18  52  3  44  27  25  31  13  14  11  20  46  21  43  30  16  5  38  45  24  34  4  41  36  51  6  35  1  50  9  26  28  22  40  39  42  33
   7  32  16  5  38  41  45  30  25  11  1  14  35  18  47  3  49  50  48  36  2  26  46  39  17  8  34  43  13  20  52  28  10  22  24  23  29  21  44  9  40  27  37  51  4  19  15  12  31  42  6  33
   7  33  42  39  40  22  28  26  9  50  1  35  6  51  36  41  4  34  24  45  38  5  16  30  43  21  46  20  11  14  13  31  25  27  44  3  52  18  47  2  17  12  49  19  29  8  15  48  37  23  10  32
   7  34  50  9  28  25  21  36  41  3  13  52  31  48  19  11  17  16  18  30  12  40  20  27  49  6  32  23  1  46  14  38  4  44  42  43  37  45  22  5  26  39  29  15  10  47  51  2  35  24  8  33
   7  35  16  27  29  39  36  21  52  48  28  34  11  2  10  50  38  31  49  33  6  30  44  8  40  41  46  18  37  26  24  14  17  32  1  5  25  19  42  51  43  3  15  22  4  20  47  23  9  45  13  12
   7  36  32  13  18  9  49  42  5  47  25  38  27  26  43  19  37  34  40  24  22  2  46  15  29  4  30  3  41  20  28  48  50  14  8  11  45  17  52  1  12  51  21  31  16  23  35  44  39  6  10  33
   7  38  14  17  8  45  25  48  21  39  37  24  23  4  15  27  5  52  10  18  32  16  20  3  9  2  28  35  29  46  42  6  44  36  26  31  1  41  30  49  50  11  13  47  22  51  19  34  43  40  12  33
   7  39  28  50  6  41  24  5  43  20  13  27  52  2  49  8  37  32  42  22  9  35  36  34  38  30  46  14  25  3  47  12  29  48  10  33  40  26  1  51  4  45  16  21  11  31  44  18  17  19  15  23
   7  41  13  8  9  30  47  33  4  31  15  50  43  2  42  34  25  48  1  21  17  39  24  27  37  35  46  12  40  45  44  23  6  20  49  22  38  3  10  51  11  19  28  5  52  32  36  14  29  26  16  18
   7  42  30  25  40  13  29  8  1  23  9  48  15  12  11  43  45  36  2  6  52  44  20  31  21  50  24  47  5  46  18  26  32  28  10  19  17  37  38  41  22  35  49  27  34  3  39  14  51  4  16  33
   7  44  12  29  30  49  5  14  17  15  21  34  11  42  35  51  13  2  24  52  10  6  46  19  1  48  22  27  45  20  32  36  26  50  28  39  25  9  16  37  8  47  41  43  40  31  23  4  3  38  18  33
   7  48  28  37  10  17  9  26  49  51  45  6  3  50  31  15  1  38  16  40  30  34  46  47  13  44  18  39  21  20  8  4  14  42  12  27  41  5  24  29  32  19  25  23  52  35  43  36  11  2  22  33
   8  5  9  2  23  6  18  51  10  20  42  3  40  15  24  48  30  7  1  17  19  39  47  52  38  37  11  12  26  21  13  45  43  27  33  4  22  50  41  14  29  16  46  36  25  44  32  49  28  35  31  34
   8  7  43  6  13  42  46  5  26  12  2  41  36  45  48  4  50  25  23  11  29  1  21  40  18  35  9  44  14  47  27  3  37  49  51  24  30  22  19  10  15  28  38  52  31  20  16  39  32  17  33  34
   8  9  30  47  33  4  31  15  50  43  2  42  34  25  48  1  21  17  39  24  27  37  35  46  12  40  45  44  23  6  20  49  22  38  3  10  51  11  19  28  5  52  32  36  14  29  26  16  18  7  41  13
   8  11  7  14  45  10  50  17  6  48  26  13  28  1  44  20  38  9  15  51  49  29  21  16  30  31  5  4  42  47  3  23  25  41  35  12  46  18  27  2  39  52  22  32  43  24  36  19  40  33  37  34
   8  13  41  7  18  16  26  29  14  36  32  52  5  28  19  11  51  10  3  38  22  49  20  6  23  44  45  40  12  46  35  37  27  24  39  17  21  1  48  25  34  42  2  43  50  15  31  4  33  47  30  9
   8  15  23  22  25  30  2  29  38  32  50  37  20  9  40  36  26  45  7  39  17  5  21  44  42  27  1  16  18  47  31  43  13  33  19  52  10  14  35  46  11  24  6  12  3  28  4  51  48  49  41  34
   8  15  48  37  23  10  32  7  33  42  39  40  22  28  26  9  50  1  35  6  51  36  41  4  34  24  45  38  5  16  30  43  21  46  20  11  14  13  31  25  27  44  3  52  18  47  2  17  12  49  19  29
   8  17  3  13  21  38  41  1  22  7  48  49  18  25  20  16  34  6  26  42  23  29  2  44  14  43  45  36  50  40  32  15  12  52  31  46  5  4  35  28  33  37  19  47  27  11  30  24  51  9  39  10
   8  19  39  30  5  50  6  41  18  16  22  9  12  17  36  52  14  29  51  27  37  33  21  20  2  23  49  28  46  47  7  11  1  25  3  40  26  10  43  38  35  48  42  44  15  32  24  31  4  13  45  34
   8  24  19  4  12  36  2  6  18  1  3  9  27  28  31  40  14  42  20  7  21  10  30  37  5  15  45  29  34  49  41  17  51  47  35  52  50  44  26  25  22  13  39  11  33  46  32  43  23  16  48  38
   8  29  19  49  12  17  2  47  18  52  3  44  27  25  31  13  14  11  20  46  21  43  30  16  5  38  45  24  34  4  41  36  51  6  35  1  50  9  26  28  22  40  39  42  33  7  32  10  23  37  48  15
   8  31  35  2  49  6  18  25  10  20  42  29  40  41  24  48  30  33  27  43  45  13  21  52  38  11  37  12  26  47  39  19  17  1  7  4  22  50  15  14  3  16  46  36  51  44  32  23  28  9  5  34
   8  33  17  6  39  42  46  31  26  12  2  15  36  19  48  4  50  51  49  37  3  27  47  40  18  9  35  44  14  21  1  29  11  23  25  24  30  22  45  10  41  28  38  52  5  20  16  13  32  43  7  34
   8  36  3  40  21  15  41  52  22  46  48  4  18  28  20  37  34  47  26  11  23  24  2  9  14  10  45  17  50  13  32  38  12  1  31  7  5  49  35  25  33  16  19  6  27  42  30  29  51  44  39  43
   8  37  33  14  19  10  50  43  6  48  26  39  28  27  44  20  38  35  41  25  23  3  47  16  30  5  31  4  42  21  29  49  51  15  9  12  46  18  1  2  13  52  22  32  17  24  36  45  40  7  11  34
   8  38  48  16  23  43  32  46  33  11  39  13  22  25  26  44  50  52  35  47  51  17  41  49  34  29  45  15  5  37  30  10  21  7  20  42  14  40  31  28  27  9  3  1  18  6  2  36  12  4  19  24
   8  40  41  46  18  37  26  24  14  17  32  1  5  25  19  42  51  43  3  15  22  4  20  47  23  9  45  13  12  7  35  16  27  29  39  36  21  52  48  28  34  11  2  10  50  38  31  49  33  6  30  44
   8  41  49  22  51  30  2  3  38  32  50  11  20  35  40  36  26  19  33  13  43  31  47  44  42  1  27  16  18  21  5  17  39  7  45  52  10  14  9  46  37  24  6  12  29  28  4  25  48  23  15  34
   8  44  30  6  33  49  31  38  50  10  2  11  34  28  48  52  21  36  39  29  27  16  35  7  12  13  45  9  23  47  20  4  22  15  3  43  51  42  19  25  5  1  32  17  14  24  26  37  18  46  41  40
   8  45  13  30  31  50  6  15  18  16  22  35  12  43  36  52  14  3  25  1  11  7  47  20  2  49  23  28  46  21  33  37  27  51  29  40  26  10  17  38  9  48  42  44  41  32  24  5  4  39  19  34
   9  2  24  23  11  26  47  34  37  20  28  18  4  48  46  22  52  41  15  21  40  3  36  8  43  39  44  51  29  30  42  27  6  19  16  33  25  35  49  5  7  31  1  12  38  32  13  50  17  45  10  14
   9  2  46  47  44  39  15  40  31  37  19  32  49  8  29  33  43  24  10  30  52  12  48  25  27  42  16  1  51  22  38  26  4  36  50  17  7  3  34  23  6  45  11  5  14  41  13  18  21  20  28  35
   9  4  28  51  34  23  43  46  47  29  31  18  45  38  1  41  11  42  32  24  10  26  22  13  7  40  14  33  39  48  52  36  50  6  16  37  15  27  12  19  44  5  3  21  20  17  49  8  25  2  30  35
   9  8  13  41  7  18  16  26  29  14  36  32  52  5  28  19  11  51  10  3  38  22  49  20  6  23  44  45  40  12  46  35  37  27  24  39  17  21  1  48  25  34  42  2  43  50  15  31  4  33  47  30
   9  8  44  7  14  43  47  6  27  13  3  42  37  46  49  5  51  26  24  12  30  2  22  41  19  36  10  45  15  48  28  4  38  50  52  25  31  23  20  11  16  29  39  1  32  21  17  40  33  18  34  35
   9  12  8  15  46  11  51  18  7  49  27  14  29  2  45  21  39  10  16  52  50  30  22  17  31  32  6  5  43  48  4  24  26  42  36  13  47  19  28  3  40  1  23  33  44  25  37  20  41  34  38  35
   9  20  40  31  6  51  7  42  19  17  23  10  13  18  37  1  15  30  52  28  38  34  22  21  3  24  50  29  47  48  8  12  2  26  4  41  27  11  44  39  36  49  43  45  16  33  25  32  5  14  46  35
   9  22  42  32  37  8  49  2  52  27  13  20  43  5  24  41  6  50  28  39  7  23  15  19  17  18  44  31  11  21  16  45  4  51  1  26  40  33  10  48  29  12  47  3  25  14  46  30  38  34  36  35
   9  24  4  39  38  19  11  2  51  1  47  34  5  26  33  17  3  14  44  16  6  10  22  49  15  20  46  41  23  48  36  32  42  18  40  29  43  7  52  31  8  21  27  25  28  37  45  12  13  30  50  35
   9  28  20  47  18  39  15  14  31  37  19  6  49  34  29  33  43  50  36  4  26  38  22  25  27  16  42  1  51  48  12  52  30  10  24  17  7  3  8  23  32  45  11  5  40  41  13  44  21  46  2  35
   9  30  2  51  8  23  43  20  47  29  31  44  45  12  1  41  11  16  6  50  36  52  48  13  7  14  40  33  39  22  26  10  24  32  42  37  15  27  38  19  18  5  3  21  46  17  49  34  25  28  4  35
   9  38  34  15  20  11  51  44  7  49  27  40  29  28  45  21  39  36  42  26  24  4  48  17  31  6  32  5  43  22  30  50  52  16  10  13  47  19  2  3  14  1  23  33  18  25  37  46  41  8  12  35
   9  45  13  12  7  35  16  27  29  39  36  21  52  48  28  34  11  2  10  50  38  31  49  33  6  30  44  8  40  41  46  18  37  26  24  14  17  32  1  5  25  19  42  51  43  3  15  22  4  20  47  23
   9  46  14  31  32  51  7  16  19  17  23  36  13  44  37  1  15  4  26  2  12  8  48  21  3  50  24  29  47  22  34  38  28  52  30  41  27  11  18  39  10  49  43  45  42  33  25  6  5  40  20  35
   9  50  30  39  12  19  11  28  51  1  47  8  5  52  33  17  3  40  18  42  32  36  48  49  15  46  20  41  23  22  10  6  16  44  14  29  43  7  26  31  34  21  27  25  2  37  45  38  13  4  24  35
   9  51  24  30  11  27  47  19  37  33  28  35  4  5  46  31  52  12  15  32  40  50  36  45  43  14  44  2  29  23  42  26  6  34  16  20  25  18  49  48  7  22  1  41  38  21  13  3  17  8  10  39
   10  3  47  48  45  40  16  41  32  38  20  33  50  9  30  34  44  25  11  31  1  13  49  26  28  43  17  2  52  23  39  27  5  37  51  18  8  4  35  24  7  46  12  6  15  42  14  19  22  21  29  36
   10  9  45  8  15  44  48  7  28  14  4  43  38  47  50  6  52  27  25  13  31  3  23  42  20  37  11  46  16  49  29  5  39  51  1  26  32  24  21  12  17  30  40  2  33  22  18  41  34  19  35  36
   10  12  25  30  36  22  37  2  13  5  6  39  15  18  11  45  1  33  29  3  46  34  9  32  49  27  43  41  28  23  17  31  16  51  40  48  47  14  38  35  42  8  52  20  24  50  7  19  44  21  4  26
   10  15  43  20  37  48  28  25  24  42  40  1  26  33  18  30  8  29  39  47  9  45  49  6  12  31  5  38  32  23  19  35  21  13  3  34  4  44  7  52  27  14  16  50  51  2  22  11  46  17  41  36
   10  21  7  20  42  14  40  31  28  27  9  3  1  18  6  2  36  12  4  19  24  8  38  48  16  23  43  32  46  33  11  39  13  22  25  26  44  50  52  35  47  51  17  41  49  34  29  45  15  5  37  30
   10  23  37  48  15  8  29  19  49  12  17  2  47  18  52  3  44  27  25  31  13  14  11  20  46  21  43  30  16  5  38  45  24  34  4  41  36  51  6  35  1  50  9  26  28  22  40  39  42  33  7  32
   10  26  4  21  44  19  7  50  24  20  52  8  42  35  38  14  47  48  40  51  16  31  17  23  28  41  43  27  49  32  9  34  46  3  29  33  1  45  11  18  15  39  6  5  13  2  37  22  36  30  25  12
   10  27  4  32  44  34  7  3  24  33  52  45  42  18  38  39  47  5  40  2  16  22  17  30  28  12  43  26  49  21  9  19  46  50  29  20  1  8  11  35  15  14  6  48  13  51  37  31  36  23  25  41
   10  29  21  48  19  40  16  15  32  38  20  7  50  35  30  34  44  51  37  5  27  39  23  26  28  17  43  2  52  49  13  1  31  11  25  18  8  4  9  24  33  46  12  6  41  42  14  45  22  47  3  36
   10  30  37  5  15  45  29  34  49  41  17  51  47  35  52  50  44  26  25  22  13  39  11  33  46  32  43  23  16  48  38  8  24  19  4  12  36  2  6  18  1  3  9  27  28  31  40  14  42  20  7  21
   10  32  7  33  42  39  40  22  28  26  9  50  1  35  6  51  36  41  4  34  24  45  38  5  16  30  43  21  46  20  11  14  13  31  25  27  44  3  52  18  47  2  17  12  49  19  29  8  15  48  37  23
   10  35  19  8  41  44  48  33  28  14  4  17  38  21  50  6  52  1  51  39  5  29  49  42  20  11  37  46  16  23  3  31  13  25  27  26  32  24  47  12  43  30  40  2  7  22  18  15  34  45  9  36
   10  41  17  20  11  48  28  51  24  42  40  27  26  7  18  30  8  3  13  21  35  19  23  6  12  5  31  38  32  49  45  9  47  39  29  34  4  44  33  52  1  14  16  50  25  2  22  37  46  43  15  36
   10  41  25  23  36  31  37  51  13  48  6  14  15  35  11  8  1  20  29  50  46  19  9  21  49  26  43  12  28  30  17  22  16  2  40  5  47  39  38  18  42  45  52  33  24  3  7  34  44  32  4  27
   11  2  14  45  4  5  41  36  17  47  9  48  3  32  7  27  25  8  42  38  44  52  24  39  49  46  20  23  13  50  26  18  12  16  34  51  1  33  6  29  22  35  21  43  10  15  31  30  19  40  28  37
   11  4  48  49  46  41  17  42  33  39  21  34  51  10  31  35  45  26  12  32  2  14  50  27  29  44  18  3  1  24  40  28  6  38  52  19  9  5  36  25  8  47  13  7  16  43  15  20  23  22  30  37
   11  10  46  9  16  45  49  8  29  15  5  44  39  48  51  7  1  28  26  14  32  4  24  43  21  38  12  47  17  50  30  6  40  52  2  27  33  25  22  13  18  31  41  3  34  23  19  42  35  20  36  37
   11  12  28  13  6  29  25  14  45  7  17  30  35  26  23  15  21  46  48  8  42  18  50  31  1  36  10  27  5  24  44  16  34  22  20  47  41  49  52  9  4  43  33  19  40  51  3  32  39  2  38  37
   11  23  24  2  9  14  10  45  17  50  13  32  38  12  1  31  7  5  49  35  25  33  16  19  6  27  42  30  29  51  44  39  43  8  36  3  40  21  15  41  52  22  46  48  4  18  28  20  37  34  47  26
   11  26  47  34  37  20  28  18  4  48  46  22  52  41  15  21  40  3  36  8  43  39  44  51  29  30  42  27  6  19  16  33  25  35  49  5  7  31  1  12  38  32  13  50  17  45  10  14  9  2  24  23
   11  27  47  19  37  33  28  35  4  5  46  31  52  12  15  32  40  50  36  45  43  14  44  2  29  23  42  26  6  34  16  20  25  18  49  48  7  22  1  41  38  21  13  3  17  8  10  39  9  51  24  30
   11  28  40  45  30  5  41  10  17  47  9  22  3  6  7  27  25  34  16  12  18  26  50  39  49  20  46  23  13  24  52  44  38  42  8  51  1  33  32  29  48  35  21  43  36  15  31  4  19  14  2  37
   11  30  22  49  20  41  17  16  33  39  21  8  51  36  31  35  45  52  38  6  28  40  24  27  29  18  44  3  1  50  14  2  32  12  26  19  9  5  10  25  34  47  13  7  42  43  15  46  23  48  4  37
   11  30  24  51  9  39  10  8  17  3  13  21  38  41  1  22  7  48  49  18  25  20  16  34  6  26  42  23  29  2  44  14  43  45  36  50  40  32  15  12  52  31  46  5  4  35  28  33  37  19  47  27
   11  36  20  9  42  45  49  34  29  15  5  18  39  22  51  7  1  2  52  40  6  30  50  43  21  12  38  47  17  24  4  32  14  26  28  27  33  25  48  13  44  31  41  3  8  23  19  16  35  46  10  37
   11  38  2  13  32  29  25  40  45  7  17  4  35  52  23  15  21  20  22  34  16  44  24  31  1  10  36  27  5  50  18  42  8  48  46  47  41  49  26  9  30  43  33  19  14  51  3  6  39  28  12  37
   12  3  15  46  5  6  42  37  18  48  10  49  4  33  8  28  26  9  43  39  45  1  25  40  50  47  21  24  14  51  27  19  13  17  35  52  2  34  7  30  23  36  22  44  11  16  32  31  20  41  29  38
   12  5  49  50  47  42  18  43  34  40  22  35  52  11  32  36  46  27  13  33  3  15  51  28  30  45  19  4  2  25  41  29  7  39  1  20  10  6  37  26  9  48  14  8  17  44  16  21  24  23  31  38
   12  10  26  4  21  44  19  7  50  24  20  52  8  42  35  38  14  47  48  40  51  16  31  17  23  28  41  43  27  49  32  9  34  46  3  29  33  1  45  11  18  15  39  6  5  13  2  37  22  36  30  25
   12  11  47  10  17  46  50  9  30  16  6  45  40  49  52  8  2  29  27  15  33  5  25  44  22  39  13  48  18  51  31  7  41  1  3  28  34  26  23  14  19  32  42  4  35  24  20  43  36  21  37  38
   12  29  41  46  31  6  42  11  18  48  10  23  4  7  8  28  26  35  17  13  19  27  51  40  50  21  47  24  14  25  1  45  39  43  9  52  2  34  33  30  49  36  22  44  37  16  32  5  20  15  3  38
   12  31  23  50  21  42  18  17  34  40  22  9  52  37  32  36  46  1  39  7  29  41  25  28  30  19  45  4  2  51  15  3  33  13  27  20  10  6  11  26  35  48  14  8  43  44  16  47  24  49  5  38
   12  37  21  10  43  46  50  35  30  16  6  19  40  23  52  8  2  3  1  41  7  31  51  44  22  13  39  48  18  25  5  33  15  27  29  28  34  26  49  14  45  32  42  4  9  24  20  17  36  47  11  38
   12  43  26  49  21  9  19  46  50  29  20  1  8  11  35  15  14  6  48  13  51  37  31  36  23  25  41  10  27  4  32  44  34  7  3  24  33  52  45  42  18  38  39  47  5  40  2  16  22  17  30  28
   13  2  34  43  16  23  15  32  3  5  51  12  9  4  37  21  7  44  22  46  36  40  52  1  19  50  24  45  27  26  14  10  20  48  18  33  47  11  30  35  38  25  31  29  6  41  49  42  17  8  28  39
   13  4  16  47  6  7  43  38  19  49  11  50  5  34  9  29  27  10  44  40  46  2  26  41  51  48  22  25  15  52  28  20  14  18  36  1  3  35  8  31  24  37  23  45  12  17  33  32  21  42  30  39
   13  6  50  51  48  43  19  44  35  41  23  36  1  12  33  37  47  28  14  34  4  16  52  29  31  46  20  5  3  26  42  30  8  40  2  21  11  7  38  27  10  49  15  9  18  45  17  22  25  24  32  39
   13  10  14  7  28  11  23  4  15  25  47  8  45  20  29  1  35  12  6  22  24  44  52  5  43  42  16  17  31  26  18  50  48  32  38  9  27  3  46  19  34  21  51  41  30  49  37  2  33  40  36  39
   13  12  48  11  18  47  51  10  31  17  7  46  41  50  1  9  3  30  28  16  34  6  26  45  23  40  14  49  19  52  32  8  42  2  4  29  35  27  24  15  20  33  43  5  36  25  21  44  37  22  38  39
   13  18  29  32  28  51  38  20  44  12  37  39  1  34  43  31  47  8  7  26  36  5  11  3  49  23  40  35  24  21  25  2  15  33  9  41  16  14  52  19  10  22  6  45  46  27  17  48  42  50  4  30
   13  22  10  31  20  19  35  40  7  29  15  28  21  44  17  49  51  16  34  38  32  24  52  37  27  30  4  1  11  26  50  6  12  8  42  25  23  43  18  47  2  41  3  33  14  9  45  46  5  36  48  39
   13  28  8  43  42  23  15  6  3  5  51  38  9  30  37  21  7  18  48  20  10  14  26  1  19  24  50  45  27  52  40  36  46  22  44  33  47  11  4  35  12  25  31  29  32  41  49  16  17  34  2  39
   13  30  42  47  32  7  43  12  19  49  11  24  5  8  9  29  27  36  18  14  20  28  52  41  51  22  48  25  15  26  2  46  40  44  10  1  3  35  34  31  50  37  23  45  38  17  33  6  21  16  4  39
   13  36  40  7  2  11  23  30  15  25  47  34  45  46  29  1  35  38  32  48  50  18  26  5  43  16  42  17  31  52  44  24  22  6  12  9  27  3  20  19  8  21  51  41  4  49  37  28  33  14  10  39
   13  38  22  11  44  47  51  36  31  17  7  20  41  24  1  9  3  4  2  42  8  32  52  45  23  14  40  49  19  26  6  34  16  28  30  29  35  27  50  15  46  33  43  5  10  25  21  18  37  48  12  39
   13  48  36  31  46  19  35  14  7  29  15  2  21  18  17  49  51  42  8  12  6  50  26  37  27  4  30  1  11  52  24  32  38  34  16  25  23  43  44  47  28  41  3  33  40  9  45  20  5  10  22  39
