   1  9  85  19  79  70  55  73  84  42  3  15  82  48  77  80  5  33  69  13  29  60  52  61  23  4  63  86  35  91  56  11  53  36  71  58  28  93  30  47  88  95  72  26  12  92  49  2  8  10  81  54  59  41  89  7  45  67  57  46  18  38  14  27  31  25  24  34  66  62  40  37  83  50  74  17  32  51  78  16  68  94  87  75  22  20  21  65  6  76  44  39  64  43  90
   1  14  69  65  64  19  40  83  76  17  61  21  50  34  42  16  66  35  24  95  32  10  11  47  59  70  75  82  53  33  67  73  60  74  3  62  38  28  58  85  7  68  72  94  79  41  56  22  13  51  46  18  49  2  90  29  55  78  45  26  20  48  87  57  8  27  4  86  36  84  30  71  88  44  23  43  25  89  77  80  63  12  81  9  6  15  31  91  5  37  39  93  54  52  92
   1  30  10  23  73  65  21  61  32  62  53  74  31  58  45  80  20  68  35  41  87  48  72  71  64  12  15  46  83  43  57  33  7  22  40  81  8  17  3  11  54  51  56  34  76  39  4  70  29  89  55  38  85  9  37  19  36  75  91  93  77  84  94  49  2  13  78  66  60  82  63  95  25  26  90  69  88  50  27  16  6  44  42  14  18  52  47  5  86  59  92  67  79  28  24
   1  38  70  5  85  31  66  95  19  53  33  9  68  10  51  16  8  47  52  59  84  82  54  11  88  94  83  58  61  69  65  13  27  50  21  86  30  76  91  73  89  20  3  22  78  77  44  46  37  63  57  90  64  74  40  17  28  6  49  2  26  48  18  93  42  39  24  14  32  36  23  35  71  92  87  55  41  29  79  80  12  60  15  45  62  75  34  7  67  25  72  81  43  4  56
   1  48  18  70  15  55  41  95  85  46  91  3  72  81  21  16  8  83  38  10  29  59  13  77  88  52  12  11  33  9  43  67  93  28  71  62  45  34  61  73  89  86  66  53  58  36  54  82  47  22  37  25  31  44  40  17  94  60  64  74  76  26  84  51  20  75  92  63  57  90  23  5  30  69  32  6  27  65  79  80  78  35  19  39  24  68  4  7  42  49  2  50  87  14  56
   1  82  12  22  66  87  13  55  9  10  23  86  56  6  84  80  51  79  42  58  34  15  68  83  69  4  28  11  31  20  37  45  35  27  85  57  71  50  91  65  52  77  41  53  18  94  62  46  81  36  75  33  40  95  89  25  70  48  88  93  44  5  32  61  72  74  8  7  43  38  26  59  63  29  67  14  17  73  64  16  39  76  49  2  54  60  78  47  24  21  19  90  3  92  30
   2  22  10  66  8  17  15  59  32  26  56  74  88  87  93  16  77  68  42  38  39  52  85  23  86  27  63  19  29  91  24  1  55  30  78  33  25  82  51  13  73  3  5  21  76  58  75  70  20  44  7  89  18  57  72  53  36  12  92  45  35  28  94  81  49  61  40  71  60  65  69  47  54  62  90  34  79  50  4  80  6  41  83  14  37  48  95  67  64  11  43  46  31  84  9
   2  22  10  66  8  65  63  11  32  26  56  74  88  39  45  16  29  68  42  38  87  52  37  71  86  75  15  67  77  43  24  49  7  30  78  81  73  82  3  61  25  51  53  69  76  58  27  70  20  44  55  41  18  9  72  5  36  12  92  93  83  28  94  33  1  13  40  23  60  17  21  95  54  62  90  34  31  50  4  80  6  89  35  14  85  48  47  19  64  59  91  46  79  84  57
   2  38  4  17  40  47  6  76  19  22  42  41  49  55  8  73  78  33  21  85  24  61  44  34  43  18  51  29  57  14  10  60  75  64  80  11  35  79  23  5  87  68  26  93  63  84  46  94  36  15  45  74  20  39  53  71  31  83  59  32  16  27  12  58  62  9  77  3  66  91  82  92  13  72  37  69  81  30  25  56  7  1  89  90  70  67  28  54  95  88  65  52  86  50  48
   2  38  4  65  40  95  6  76  67  22  42  89  1  7  8  25  78  81  69  37  24  13  44  34  91  18  3  77  9  14  10  60  27  64  80  59  83  31  71  53  39  68  26  45  15  84  46  94  36  63  93  74  20  87  5  23  79  35  11  32  16  75  12  58  62  57  29  51  66  43  82  92  61  72  85  21  33  30  73  56  55  49  41  90  70  19  28  54  47  88  17  52  86  50  48
   2  68  78  6  23  75  76  17  37  36  89  62  43  52  29  16  91  55  1  50  4  35  27  5  92  26  94  25  54  86  45  67  12  59  8  3  41  48  87  7  19  65  30  63  84  60  31  82  66  34  93  11  13  83  72  95  18  14  42  39  79  69  57  51  64  44  47  53  61  28  33  77  38  81  85  70  56  49  24  80  32  90  20  74  40  22  58  73  71  9  88  10  21  46  15
   2  68  78  6  71  27  76  65  85  36  41  62  91  52  77  16  43  7  49  50  4  83  75  53  92  26  94  73  54  86  93  19  12  11  8  51  89  48  39  55  67  17  30  15  84  60  79  82  66  34  45  59  61  35  72  47  18  14  42  87  31  21  9  3  64  44  95  5  13  28  81  29  38  33  37  70  56  1  24  80  32  90  20  74  40  22  58  25  23  57  88  10  69  46  63
   3  22  81  34  88  21  59  85  82  94  40  2  68  18  32  80  24  61  56  46  49  93  14  41  45  76  25  17  35  92  64  87  69  33  67  27  66  86  42  83  72  23  73  47  57  58  90  10  19  12  36  51  6  77  55  91  75  48  53  39  8  95  60  7  9  62  30  37  70  50  44  65  63  71  52  74  13  43  31  16  89  4  79  38  5  84  1  29  28  15  11  78  54  20  26
   3  60  53  26  89  25  32  65  85  48  23  58  49  67  66  16  44  70  5  86  30  10  18  37  87  43  84  13  56  95  59  27  74  20  1  15  52  36  12  7  24  51  6  19  77  4  28  2  57  62  68  39  55  33  35  47  81  38  83  75  90  42  29  11  72  41  31  17  21  9  82  61  71  92  45  34  78  76  79  80  63  93  8  46  40  94  64  73  69  91  88  54  14  50  22
   3  60  85  58  25  89  64  1  53  48  55  26  17  35  66  80  76  38  37  22  30  74  18  5  87  11  84  77  88  31  91  27  10  52  65  15  20  36  12  71  24  51  6  83  13  68  92  34  57  94  4  39  23  33  67  79  81  70  19  75  90  42  61  43  72  73  95  49  21  9  50  29  7  28  45  2  78  44  47  16  63  93  40  14  8  62  32  41  69  59  56  54  46  82  86
   3  75  27  23  54  39  4  49  38  13  35  22  47  62  64  80  17  95  5  81  59  60  29  67  20  48  83  90  88  52  94  77  87  50  42  9  8  70  78  71  21  61  56  46  51  6  53  14  72  44  12  26  55  79  58  31  57  68  25  45  1  28  84  93  33  10  65  86  2  82  73  43  24  74  92  37  76  89  30  16  19  36  40  34  66  63  11  41  15  69  7  91  18  85  32
   3  75  27  55  54  39  68  17  70  77  67  86  79  94  32  16  49  31  37  81  91  60  61  35  52  48  19  90  56  20  62  13  87  82  42  9  40  38  78  7  21  29  88  14  51  6  85  46  72  76  12  58  23  47  26  95  57  4  89  45  65  92  84  93  33  74  1  22  34  50  41  11  24  10  28  5  44  25  30  80  83  36  8  2  66  63  43  73  15  69  71  59  18  53  64
   3  84  44  62  13  67  17  59  75  48  65  94  30  49  47  16  24  34  37  50  87  46  70  7  29  73  63  31  90  5  85  57  69  92  56  21  88  12  64  61  39  33  40  1  26  76  82  86  81  74  23  93  35  27  32  53  55  2  77  9  43  78  54  41  68  83  71  11  42  51  6  79  45  20  60  22  8  4  89  80  14  15  91  58  28  10  36  19  72  25  66  18  95  38  52
   3  84  76  94  77  35  49  91  75  48  1  62  30  17  79  80  24  2  5  82  87  14  38  71  61  41  63  95  90  37  53  57  69  28  88  21  56  12  32  29  39  33  8  65  58  44  50  22  81  10  55  93  67  27  64  85  23  34  13  9  11  78  54  73  4  19  7  43  42  51  6  47  45  52  60  86  40  68  25  16  46  15  59  26  92  74  36  83  72  89  66  18  31  70  20
   3  86  81  2  56  21  91  53  50  62  8  34  4  18  64  16  24  29  88  14  17  93  46  73  45  44  89  49  67  28  32  87  69  33  35  27  66  22  42  19  72  55  41  79  57  26  90  74  83  12  36  51  6  13  23  59  75  48  85  39  40  31  60  71  9  94  30  5  38  82  76  1  63  7  20  10  77  11  95  80  25  68  47  70  37  84  65  61  92  15  43  78  54  52  58
   4  14  35  42  90  85  72  7  84  34  76  82  79  51  86  80  53  52  8  94  12  68  57  19  78  39  66  95  11  71  20  5  30  54  31  69  89  26  91  65  32  15  23  9  59  2  45  62  10  28  50  61  40  93  75  73  64  60  88  33  56  44  81  21  1  17  18  67  3  37  41  43  46  22  27  74  49  58  24  16  83  13  6  70  29  48  63  47  77  55  25  38  92  36  87
   4  14  83  42  90  37  72  55  84  34  76  82  31  3  86  80  5  52  8  94  12  68  9  67  78  87  66  47  59  23  20  53  30  54  79  21  41  26  43  17  32  63  71  57  11  2  93  62  10  28  50  13  40  45  27  25  64  60  88  81  56  44  33  69  49  65  18  19  51  85  89  91  46  22  75  74  1  58  24  16  35  61  6  70  77  48  15  95  29  7  73  38  92  36  39
   4  24  27  42  20  7  39  5  29  52  70  63  28  47  45  35  82  26  37  92  76  93  81  21  12  64  33  72  73  78  6  34  77  1  9  49  55  85  41  15  79  11  59  8  44  30  57  95  91  71  68  53  75  88  56  90  66  43  25  32  67  48  50  60  13  69  58  3  19  2  14  74  83  31  62  23  22  17  89  61  18  94  86  46  40  10  54  80  16  84  36  87  51  65  38
   4  28  76  19  56  11  54  53  51  52  8  14  40  44  55  16  9  50  35  21  63  26  64  47  72  82  39  66  83  61  20  1  93  84  79  45  5  27  32  67  69  57  25  38  10  41  49  70  24  87  31  34  92  3  86  59  95  65  18  33  42  22  6  81  75  91  88  46  90  12  73  23  15  48  60  89  78  68  2  80  94  58  29  74  43  62  36  13  85  17  37  71  7  30  77
   4  28  76  43  56  35  6  29  75  52  8  62  40  44  79  16  81  2  59  93  87  74  64  71  72  34  63  18  11  37  20  73  69  84  7  21  77  51  32  91  45  33  1  86  58  17  25  22  24  15  55  82  92  27  38  83  23  41  66  9  90  70  54  57  3  19  88  94  42  12  49  47  39  48  60  65  30  68  50  80  46  10  5  26  67  14  36  85  61  89  13  95  31  78  53
   4  28  76  67  56  59  54  5  3  52  8  14  40  44  7  16  57  50  83  69  15  26  64  95  72  82  87  66  35  13  20  49  45  84  31  93  53  75  32  19  21  9  73  38  10  89  1  70  24  39  79  34  92  51  86  11  47  17  18  81  42  22  6  33  27  43  88  46  90  12  25  71  63  48  60  41  78  68  2  80  94  58  77  74  91  62  36  61  37  65  85  23  55  30  29
   4  28  76  91  56  83  6  77  27  52  8  62  40  44  31  16  33  2  11  45  39  74  64  23  72  34  15  18  59  85  20  25  21  84  55  69  29  3  32  43  93  81  49  86  58  65  73  22  24  63  7  82  92  75  38  35  71  89  66  57  90  70  54  9  51  67  88  94  42  12  1  95  87  48  60  17  30  68  50  80  46  10  53  26  19  14  36  37  13  41  61  47  79  78  5
   4  44  42  51  9  11  43  53  17  33  90  39  63  84  81  16  67  55  23  5  25  52  8  73  66  12  60  10  92  21  88  87  57  48  76  70  3  18  89  19  6  94  95  78  50  93  35  74  40  7  65  2  24  28  41  59  38  68  58  34  45  22  36  71  77  15  91  14  69  26  85  1  37  86  64  49  72  13  30  80  54  62  46  27  83  31  20  61  56  29  32  79  75  82  47
   4  44  90  27  33  83  19  77  41  57  42  15  39  84  9  16  43  31  95  29  49  52  8  1  18  12  60  58  92  45  88  63  81  48  76  22  75  66  17  91  54  46  71  30  2  21  11  26  40  79  89  50  24  28  65  35  86  68  10  82  69  70  36  47  5  87  67  62  93  74  13  25  61  38  64  73  72  37  78  80  6  14  94  3  59  7  20  85  56  53  32  55  51  34  23
   4  44  90  75  81  35  67  29  89  9  42  63  87  84  57  16  91  79  47  77  1  52  8  49  18  12  60  58  92  93  88  15  33  48  76  22  27  66  65  43  54  46  23  30  2  69  59  26  40  31  41  50  24  28  17  83  86  68  10  82  21  70  36  95  53  39  19  62  45  74  61  73  13  38  64  25  72  85  78  80  6  14  94  51  11  55  20  37  56  5  32  7  3  34  71
   4  62  11  90  42  13  72  79  84  82  76  34  55  27  38  80  77  52  8  46  12  68  81  91  30  15  18  71  83  47  20  29  78  6  7  93  17  74  67  89  32  87  95  33  35  50  69  14  58  28  2  85  40  21  51  1  64  60  88  57  56  44  9  45  25  41  66  43  75  61  65  19  94  70  3  26  73  10  24  16  59  37  54  22  53  48  39  23  5  31  49  86  92  36  63
   4  62  59  90  42  61  72  31  84  82  76  34  7  75  38  80  29  52  8  46  12  68  33  43  30  63  18  23  35  95  20  77  78  6  55  45  65  74  19  41  32  39  47  81  83  50  21  14  58  28  2  37  40  69  3  49  64  60  88  9  56  44  57  93  73  89  66  91  27  13  17  67  94  70  51  26  25  10  24  16  11  85  54  22  5  48  87  71  53  79  1  86  92  36  15
   5  12  23  86  20  2  56  85  60  70  24  21  64  52  31  80  88  27  45  18  79  28  67  47  66  17  69  93  6  89  30  57  55  51  72  62  53  10  42  83  1  37  81  43  36  48  90  22  7  74  75  95  50  19  92  91  63  44  4  26  49  41  58  73  59  35  61  65  54  15  77  71  8  78  46  94  38  33  11  16  76  14  39  9  25  84  87  29  13  68  3  82  32  34  40
   5  26  60  14  42  51  65  83  45  50  19  46  88  30  36  16  63  11  18  2  74  75  52  31  57  20  44  55  59  4  89  33  79  39  41  93  67  58  71  37  68  1  13  73  90  86  22  38  21  84  87  69  8  91  61  29  62  48  56  81  28  25  64  17  72  82  40  35  23  94  34  7  27  49  47  70  85  77  32  80  3  92  53  10  78  12  6  43  24  9  95  66  15  76  54
   5  36  81  34  22  70  52  47  45  50  44  15  35  92  14  16  1  33  71  54  66  20  55  61  88  67  74  39  82  91  49  27  68  9  69  58  59  62  21  73  23  95  57  17  64  48  56  2  31  94  85  13  28  41  40  65  84  4  72  46  32  43  77  11  8  25  87  19  29  93  89  37  6  42  63  26  18  51  90  80  53  10  24  75  79  60  30  7  83  76  3  86  12  38  78
   5  37  3  43  56  21  69  89  78  15  8  34  42  36  39  16  94  41  88  85  35  74  20  91  77  82  11  86  53  10  65  45  64  28  95  93  83  68  38  79  4  31  54  26  75  44  51  14  32  6  18  46  55  13  63  23  59  70  66  57  40  50  67  29  30  52  76  90  92  48  24  19  25  60  2  33  17  47  81  80  84  62  49  22  73  61  9  1  58  87  7  71  12  27  72
   5  48  55  34  85  61  88  53  10  58  64  33  4  27  60  16  92  17  20  46  51  41  29  47  42  28  32  89  9  3  37  1  90  52  49  74  72  22  76  67  78  50  86  71  93  12  8  70  43  82  6  19  69  68  35  59  7  84  73  14  24  62  39  81  56  57  2  21  95  30  79  23  40  87  36  66  75  11  25  80  63  65  77  45  15  44  31  13  83  91  54  38  94  26  18
   5  48  90  62  75  83  13  91  41  38  71  15  72  21  9  80  40  31  94  50  49  7  65  1  56  68  60  55  69  45  23  47  81  44  67  22  33  74  17  77  61  46  42  73  2  84  78  26  43  14  89  29  59  28  8  85  86  12  32  82  92  34  36  63  4  87  76  27  93  66  19  25  54  57  64  30  39  37  11  16  6  79  95  3  24  52  20  35  18  53  10  58  51  70  88
   5  54  50  19  77  37  9  17  64  22  73  82  59  2  33  16  4  52  79  13  51  48  72  67  32  60  75  38  31  23  93  69  35  14  8  21  40  85  15  55  78  63  88  74  92  3  20  62  49  61  83  94  41  45  89  95  84  87  71  81  1  36  86  53  10  65  6  42  12  26  27  91  29  34  66  57  56  58  39  80  30  28  18  70  90  68  43  25  46  7  76  47  11  44  24
   5  70  57  37  32  95  8  31  92  85  17  9  58  74  18  80  42  79  24  91  64  50  55  43  7  62  87  26  73  69  47  77  12  82  15  22  94  44  2  41  35  52  72  86  11  13  88  14  65  63  38  90  53  10  66  49  83  6  33  34  4  48  51  93  40  39  20  46  84  36  54  67  56  28  19  23  29  61  1  16  27  60  21  45  30  75  59  71  25  89  3  81  78  68  76
   5  71  60  51  72  92  56  85  54  4  44  39  19  86  25  80  88  15  31  37  75  58  67  41  68  22  1  74  9  77  73  87  49  94  26  38  63  95  36  83  35  61  59  78  89  50  53  10  66  76  32  34  28  43  30  91  57  33  14  2  3  84  52  7  6  23  64  46  82  20  79  65  8  12  42  17  24  21  11  16  70  48  90  27  45  18  81  29  13  62  55  47  69  93  40
   5  72  28  54  21  89  40  91  30  44  71  33  29  49  46  61  83  70  38  4  77  3  82  75  13  32  34  24  74  18  7  62  78  95  10  47  56  11  42  81  80  85  60  88  45  66  58  1  92  25  69  43  76  8  57  6  67  53  26  64  68  48  51  36  14  27  59  93  20  94  15  22  84  65  63  73  23  79  90  35  19  2  87  50  41  86  55  16  17  12  37  9  52  31  39
   5  94  62  25  41  59  42  91  95  73  69  45  52  50  63  80  40  43  68  7  36  26  78  55  56  86  31  2  17  57  37  65  39  58  9  46  54  92  71  77  61  4  15  14  6  1  28  38  89  27  93  66  32  82  8  85  44  30  53  10  34  48  90  81  18  3  24  70  64  84  19  79  67  76  51  83  13  49  11  16  60  12  75  33  22  87  74  35  47  29  72  21  23  20  88
   6  5  32  9  52  20  90  79  27  76  74  69  57  2  28  80  18  93  64  31  22  46  61  11  56  34  30  62  72  23  17  21  82  58  78  50  87  77  3  41  55  7  85  42  63  86  88  94  95  4  84  70  24  49  8  1  66  51  68  38  73  60  91  37  40  53  13  10  81  92  25  83  44  36  19  35  75  15  43  16  67  48  14  33  45  54  12  71  89  26  65  29  59  39  47
   6  44  39  18  55  81  24  35  54  12  30  26  61  28  27  16  64  85  29  86  7  89  51  95  50  14  79  91  8  2  72  25  32  65  92  57  88  48  46  37  5  83  40  45  15  84  93  22  38  70  42  17  53  41  4  77  31  74  59  69  49  63  71  9  1  68  19  47  76  52  33  23  20  3  58  82  66  67  87  80  36  78  56  62  11  34  21  43  73  75  90  94  60  10  13
   6  44  87  18  7  33  24  83  54  12  30  26  13  28  75  16  64  37  77  86  55  41  3  47  50  14  31  43  8  2  72  73  32  17  92  9  88  48  46  85  53  35  40  93  63  84  45  22  38  70  42  65  5  89  4  29  79  74  11  21  1  15  23  57  49  68  67  95  76  52  81  71  20  51  58  82  66  19  39  80  36  78  56  62  59  34  69  91  25  27  90  94  60  10  61
   6  62  10  2  18  25  65  31  37  68  21  63  95  59  69  80  67  41  9  54  12  45  88  77  85  42  5  87  86  3  8  75  93  74  72  26  19  60  61  89  17  44  39  1  66  70  73  34  56  36  15  29  50  38  90  49  4  82  24  14  43  28  30  91  7  81  51  35  32  52  78  53  47  83  33  58  92  11  20  16  84  57  76  27  64  94  46  23  40  79  55  22  13  48  71
   6  62  10  2  18  73  17  79  85  68  69  15  47  11  21  80  19  89  57  54  12  93  88  29  37  42  53  39  86  51  8  27  45  74  72  26  67  60  13  41  65  44  87  49  66  70  25  34  56  36  63  77  50  38  90  1  4  82  24  14  91  28  30  43  55  33  3  83  32  52  78  5  95  35  81  58  92  59  20  16  84  9  76  75  64  94  46  71  40  31  7  22  61  48  23
   6  62  60  14  15  28  95  67  54  12  43  87  24  82  41  80  66  63  90  2  27  18  30  25  29  81  17  31  51  61  8  23  65  55  32  70  72  52  36  5  40  77  76  1  73  22  91  74  56  48  64  53  93  59  83  13  9  86  71  34  57  45  20  39  85  7  58  3  50  79  88  49  19  68  42  78  35  69  37  16  38  44  47  75  92  26  33  11  4  94  46  10  21  84  89
   6  62  60  14  63  28  47  19  54  12  91  39  24  82  89  80  66  15  90  2  75  18  30  73  77  33  65  79  3  13  8  71  17  7  32  70  72  52  36  53  40  29  76  49  25  22  43  74  56  48  64  5  45  11  35  61  57  86  23  34  9  93  20  87  37  55  58  51  50  31  88  1  67  68  42  78  83  21  85  16  38  44  95  27  92  26  81  59  4  94  46  10  69  84  41
   6  76  39  18  23  81  24  67  54  12  30  58  29  92  27  80  32  53  61  22  71  25  51  31  82  46  47  59  40  34  72  89  64  1  28  57  56  48  14  5  37  19  8  45  15  84  93  86  70  38  42  49  85  73  68  13  95  10  91  69  17  63  7  9  65  4  83  79  44  20  33  55  52  3  26  50  66  35  87  16  36  78  88  94  43  2  21  11  41  75  90  62  60  74  77
   6  76  87  18  71  33  24  19  54  12  30  58  77  92  75  80  32  5  13  22  23  73  3  79  82  46  95  11  40  34  72  41  64  49  28  9  56  48  14  53  85  67  8  93  63  84  45  86  70  38  42  1  37  25  68  61  47  10  43  21  65  15  55  57  17  4  35  31  44  20  81  7  52  51  26  50  66  83  39  16  36  78  88  94  91  2  69  59  89  27  90  62  60  74  29
   6  85  64  57  20  52  90  95  75  44  10  21  9  34  92  16  18  45  32  47  86  14  77  91  88  2  30  94  72  7  1  69  50  26  78  82  39  61  51  25  71  23  5  42  15  22  56  62  79  68  84  38  24  65  40  17  66  3  4  70  89  60  11  53  8  37  29  74  33  28  41  67  76  36  35  19  27  63  59  80  83  48  46  81  93  54  12  55  73  58  49  13  43  87  31
   6  94  60  46  15  92  31  35  54  12  11  87  24  50  73  16  66  63  90  34  27  18  30  89  61  81  49  95  51  29  40  55  1  23  64  38  72  20  36  37  8  13  44  65  41  86  59  10  88  48  32  85  93  91  19  77  9  22  7  2  57  45  52  39  53  71  26  3  82  47  56  17  83  4  42  78  67  69  5  80  70  76  79  75  28  58  33  43  68  62  14  74  21  84  25
   6  94  60  46  63  92  79  83  54  12  59  39  24  50  25  16  66  15  90  34  75  18  30  41  13  33  1  47  3  77  40  7  49  71  64  38  72  20  36  85  8  61  44  17  89  86  11  10  88  48  32  37  45  43  67  29  57  22  55  2  9  93  52  87  5  23  26  51  82  95  56  65  35  4  42  78  19  21  53  80  70  76  31  27  28  58  81  91  68  62  14  74  69  84  73
   6  94  74  34  18  41  49  47  53  4  69  15  79  43  21  16  83  25  57  54  12  93  56  61  5  42  85  39  22  51  40  27  45  10  72  58  35  60  77  73  1  76  87  17  66  38  89  2  88  36  63  13  82  70  90  65  68  50  24  46  59  92  30  11  23  33  3  19  64  20  78  37  31  67  81  26  28  91  52  80  84  9  44  75  32  62  14  7  8  95  71  86  29  48  55
   6  94  74  34  18  89  1  95  5  4  21  63  31  91  69  16  35  73  9  54  12  45  56  13  53  42  37  87  22  3  40  75  93  10  72  58  83  60  29  25  49  76  39  65  66  38  41  2  88  36  15  61  82  70  90  17  68  50  24  46  11  92  30  59  71  81  51  67  64  20  78  85  79  19  33  26  28  43  52  80  84  57  44  27  32  62  14  55  8  47  23  86  77  48  7
   7  2  3  71  64  37  88  5  52  23  43  51  62  46  6  16  78  53  72  89  32  70  77  41  29  10  45  94  83  39  85  31  36  38  21  50  74  4  22  19  49  92  24  82  73  95  8  58  91  69  34  30  55  14  54  11  1  66  27  86  44  48  33  15  56  93  28  26  60  12  18  17  40  20  65  13  79  47  59  80  57  84  87  63  42  9  25  61  35  67  81  75  90  76  68
   7  18  70  65  31  71  51  43  32  50  83  38  25  22  27  80  44  92  53  95  33  48  24  17  64  84  9  34  5  13  15  39  49  58  88  87  56  23  21  77  90  69  8  46  52  81  28  10  11  47  1  74  19  63  67  37  60  45  61  75  59  12  82  55  14  91  66  78  36  94  57  89  79  86  54  3  40  62  93  16  42  20  6  2  30  76  41  35  26  29  68  85  73  4  72
   7  36  13  82  28  22  40  23  84  2  72  87  32  92  5  16  8  57  63  6  53  20  17  85  54  43  39  15  66  67  42  3  77  33  24  10  55  14  78  1  59  71  75  41  12  48  30  50  29  46  9  37  70  65  52  89  69  4  44  94  11  19  62  83  25  49  47  91  18  21  31  61  88  90  26  74  34  27  73  80  68  58  93  51  35  60  45  79  95  76  81  38  64  86  56
   7  61  84  33  24  52  40  23  18  44  4  93  65  82  35  16  8  21  5  71  9  62  17  19  76  50  59  46  51  31  83  45  11  74  94  34  69  37  12  1  49  47  25  90  67  70  55  14  54  68  64  86  20  41  42  89  3  27  58  22  81  60  92  29  66  13  32  26  38  28  53  91  88  36  78  43  72  87  73  80  2  48  30  57  63  6  75  79  95  10  77  85  39  15  56
   7  63  19  37  73  10  1  31  12  6  21  9  94  48  59  80  35  39  3  91  11  36  76  43  65  28  57  26  53  61  8  77  83  60  17  22  4  75  18  41  40  89  24  86  84  68  55  14  56  70  87  90  29  95  47  49  27  85  15  34  30  74  2  93  25  79  72  46  78  50  88  67  5  62  38  23  32  69  66  16  92  82  33  45  58  44  51  71  42  52  20  81  64  13  54
   7  71  81  41  40  87  39  67  90  21  88  86  78  12  93  80  74  19  8  23  49  46  28  89  31  38  73  82  55  14  91  63  32  20  37  15  1  76  34  53  44  5  18  94  9  4  33  58  64  66  6  26  77  95  69  13  25  2  54  3  56  70  17  79  42  92  68  30  52  48  72  65  35  84  22  27  43  85  75  16  60  10  11  50  83  47  51  59  62  45  29  61  36  57  24
   7  74  10  35  19  25  78  89  37  83  39  63  92  70  69  16  56  41  76  29  12  94  90  77  40  82  5  22  43  3  71  91  93  62  51  26  18  52  61  31  47  44  21  58  66  59  20  34  67  57  15  54  64  38  88  23  4  42  55  14  86  48  30  75  6  81  72  2  32  60  65  53  17  68  33  1  95  11  73  80  84  36  9  27  50  45  46  49  85  79  24  87  13  28  8
   7  94  84  58  78  33  91  1  63  70  65  26  8  42  12  80  69  73  6  22  46  9  92  5  3  28  4  77  25  44  67  27  53  93  19  15  17  62  61  71  76  59  95  83  30  82  50  34  87  60  45  39  88  89  47  79  10  48  40  75  20  35  32  43  24  38  56  49  13  74  86  29  57  11  85  2  23  31  64  16  81  52  55  14  90  36  66  41  72  51  37  54  21  68  18
   8  2  64  50  3  4  77  61  87  84  89  9  39  46  44  80  43  33  70  62  14  78  40  7  13  15  54  1  29  67  91  41  26  73  17  58  68  76  63  59  28  83  82  31  75  10  71  86  90  48  36  11  81  5  65  19  42  74  85  94  72  51  23  57  30  25  6  93  69  49  66  79  35  92  47  18  45  27  56  16  95  20  32  21  24  38  60  53  88  34  52  22  55  12  37
   8  2  64  50  51  4  29  13  39  84  41  57  87  46  44  80  91  81  70  62  14  78  40  55  61  63  54  49  77  19  43  89  26  25  65  58  68  76  15  11  28  35  82  79  27  10  23  86  90  48  36  59  33  53  17  67  42  74  37  94  72  3  71  9  30  73  6  45  21  1  66  31  83  92  95  18  93  75  56  16  47  20  32  69  24  38  60  5  88  34  52  22  7  12  85
   8  2  81  62  14  7  6  1  28  92  72  33  85  5  66  80  25  23  45  42  32  51  18  83  17  54  63  9  68  93  44  21  12  86  52  38  64  36  82  71  88  20  73  31  19  58  89  94  90  60  22  35  78  26  95  79  91  46  75  50  65  4  27  37  61  15  87  29  84  76  40  11  43  77  59  70  74  53  56  16  3  39  24  69  13  34  67  41  47  49  57  10  30  48  55
   8  9  81  19  59  70  89  73  45  42  57  15  18  48  14  80  31  33  24  13  66  60  40  61  83  4  74  86  32  91  78  11  68  36  87  58  22  93  21  47  6  95  44  26  64  92  90  2  1  10  85  54  79  41  55  7  84  67  3  46  82  38  77  27  5  25  69  34  29  62  52  37  23  50  63  17  35  51  56  16  53  94  71  75  28  20  30  65  88  76  72  39  12  43  49
   8  26  64  74  87  52  89  73  27  36  53  69  75  22  92  80  31  93  46  38  86  54  40  43  25  51  30  61  41  55  79  5  50  37  77  82  20  28  3  47  76  71  10  67  63  34  11  62  18  48  84  95  45  17  29  7  66  2  1  70  72  39  59  21  6  85  78  9  81  13  90  19  23  44  83  42  57  15  56  16  35  68  32  33  24  14  12  65  88  58  4  94  91  60  49
   8  26  93  38  86  91  78  13  76  44  72  45  49  65  90  80  37  11  9  66  32  87  42  23  29  30  51  21  20  57  92  81  60  62  4  14  64  84  10  59  88  68  85  19  55  82  5  70  18  12  94  71  54  50  83  67  31  22  15  74  77  52  63  1  25  3  75  89  36  28  40  47  79  41  95  46  2  17  56  16  39  27  24  33  73  58  7  53  35  61  69  34  6  48  43
   8  28  37  63  24  55  13  73  94  69  2  3  33  36  84  80  1  83  71  25  57  68  41  77  89  60  32  50  72  9  54  51  78  48  38  62  31  90  4  95  88  86  64  6  87  81  43  82  20  35  18  10  45  44  23  7  85  52  66  74  27  14  21  67  47  75  19  70  29  34  40  5  42  46  12  53  76  65  56  16  93  22  92  39  15  59  61  17  30  49  91  11  58  26  79
   8  28  61  39  24  31  37  1  46  93  50  75  57  36  84  80  25  59  47  49  81  68  65  5  17  60  32  2  72  33  6  27  30  48  86  14  7  42  4  71  88  38  64  54  63  9  19  34  20  11  66  58  69  44  95  79  13  52  18  26  3  62  45  43  23  51  91  22  53  82  40  29  90  94  12  77  76  89  56  16  21  70  92  15  87  35  85  41  78  73  67  83  10  74  55
   8  33  9  91  35  22  17  1  69  90  81  87  66  48  62  80  7  57  24  37  18  60  40  85  59  4  26  38  32  67  30  83  68  36  63  10  70  21  45  23  54  71  44  74  64  92  42  50  25  58  13  6  55  65  31  79  84  43  75  94  34  86  5  3  29  49  93  82  53  14  52  61  95  2  39  41  11  27  56  16  77  46  47  51  28  20  78  89  88  76  72  15  12  19  73
   8  45  21  31  71  94  29  13  33  18  93  75  90  48  38  80  91  69  24  1  42  12  40  49  95  52  50  14  32  7  6  23  20  84  51  34  46  81  9  11  30  59  92  2  64  44  66  74  37  82  73  78  43  77  19  67  36  79  15  70  58  62  65  39  89  61  57  10  17  86  4  25  83  26  27  53  47  63  56  16  41  22  35  87  76  68  54  5  88  28  72  3  60  55  85
   8  50  9  14  62  79  54  25  28  92  72  57  13  29  18  80  49  95  69  90  32  27  66  59  41  6  39  33  68  21  44  45  12  38  52  86  64  36  34  47  88  20  1  7  91  10  17  46  42  60  70  11  30  74  71  55  67  94  51  2  89  4  3  61  85  87  63  53  84  76  40  83  19  5  35  22  26  77  56  16  75  15  24  93  37  82  43  65  23  73  81  58  78  48  31
   8  50  57  14  62  31  54  73  28  92  72  9  61  77  18  80  1  47  21  90  32  75  66  11  89  6  87  81  68  69  44  93  12  38  52  86  64  36  34  95  88  20  49  55  43  10  65  46  42  60  70  59  30  74  23  7  19  94  3  2  41  4  51  13  37  39  15  5  84  76  40  35  67  53  83  22  26  29  56  16  27  63  24  45  85  82  91  17  71  25  33  58  78  48  79
   8  50  64  2  27  4  53  37  15  84  65  81  63  94  44  80  67  9  22  14  62  30  40  31  85  39  6  73  5  91  19  17  74  49  89  10  68  76  87  83  28  11  34  55  3  58  95  38  42  48  36  35  57  77  41  43  90  26  61  46  72  75  47  33  78  1  54  69  45  25  18  7  59  92  71  66  21  51  56  16  23  20  32  93  24  86  60  29  88  82  52  70  79  12  13
   8  50  64  2  75  4  5  85  63  84  17  33  15  94  44  80  19  57  22  14  62  30  40  79  37  87  6  25  53  43  67  65  74  1  41  10  68  76  39  35  28  59  34  7  51  58  47  38  42  48  36  83  9  29  89  91  90  26  13  46  72  27  95  81  78  49  54  21  93  73  18  55  11  92  23  66  69  3  56  16  71  20  32  45  24  86  60  77  88  82  52  70  31  12  61
   8  69  45  7  47  46  53  37  57  66  21  51  42  48  86  80  67  93  24  25  90  12  40  73  71  52  2  62  32  79  54  95  20  84  27  82  94  9  33  83  78  35  92  50  64  44  18  26  61  34  1  30  19  5  91  43  36  55  87  22  10  14  89  15  17  85  81  58  41  38  4  49  59  74  3  77  23  39  56  16  65  70  11  63  76  68  6  29  88  28  72  75  60  31  13
   8  74  21  86  38  67  30  37  76  44  72  69  73  89  42  80  61  83  33  18  32  63  90  95  53  78  27  45  20  81  92  9  60  14  4  62  64  84  58  35  88  68  13  91  31  34  29  22  66  12  46  47  6  2  59  43  7  70  87  26  5  52  39  25  49  75  51  17  36  28  40  23  55  65  71  94  50  41  56  16  15  3  24  57  1  10  79  77  11  85  93  82  54  48  19
   8  74  64  26  15  52  65  49  51  36  29  45  3  70  92  80  55  69  94  86  38  6  40  67  1  75  78  37  17  79  7  77  2  13  53  34  20  28  27  71  76  95  58  91  87  82  35  14  66  48  84  23  21  89  5  31  18  50  73  22  72  63  83  93  54  61  30  81  57  85  42  43  47  44  11  90  33  39  56  16  59  68  32  9  24  62  12  41  88  10  4  46  19  60  25
   8  74  69  86  38  19  30  85  76  44  72  21  25  41  42  80  13  35  81  18  32  15  90  47  5  78  75  93  20  33  92  57  60  14  4  62  64  84  58  83  88  68  61  43  79  34  77  22  66  12  46  95  6  2  11  91  55  70  39  26  53  52  87  73  1  27  3  65  36  28  40  71  7  17  23  94  50  89  56  16  63  51  24  9  49  10  31  29  59  37  45  82  54  48  67
   8  81  57  43  83  22  65  49  21  90  33  39  66  48  62  80  55  9  24  85  18  60  40  37  11  4  26  38  32  19  30  35  68  36  15  10  70  69  93  71  54  23  44  74  64  92  42  50  73  58  61  6  7  17  79  31  84  91  27  94  34  86  53  51  77  1  45  82  5  14  52  13  47  2  87  89  59  75  56  16  29  46  95  3  28  20  78  41  88  76  72  63  12  67  25
   8  93  69  79  23  94  77  61  81  18  45  27  90  48  38  80  43  21  24  49  42  12  40  1  47  52  50  14  32  55  6  71  20  84  3  34  46  33  57  59  30  11  92  2  64  44  66  74  85  82  25  78  91  29  67  19  36  31  63  70  58  62  17  87  41  13  9  10  65  86  4  73  35  26  75  5  95  15  56  16  89  22  83  39  76  68  54  53  88  28  72  51  60  7  37
   9  2  29  8  89  26  75  80  33  48  4  49  14  52  44  61  37  88  16  72  50  24  55  74  70  30  18  92  56  84  73  60  27  85  83  63  57  94  76  90  36  78  13  42  41  31  28  95  86  93  66  87  6  69  20  15  62  47  91  46  81  43  51  34  58  7  79  23  45  71  40  21  25  65  77  3  39  11  22  35  68  10  12  32  38  1  19  5  59  17  82  53  54  64  67
   9  33  81  5  66  21  76  19  50  7  41  34  77  26  64  80  83  29  47  51  17  84  23  73  92  48  89  78  40  28  58  71  69  86  30  27  56  82  42  53  63  55  8  10  57  18  95  74  24  68  36  14  37  13  46  61  75  44  43  39  67  52  60  87  3  94  35  2  38  22  91  1  72  62  20  79  4  11  90  16  25  12  88  70  6  93  65  59  45  15  85  49  54  31  32
   9  34  51  70  40  63  17  31  22  58  88  38  44  54  32  80  72  55  8  10  19  87  74  59  39  4  43  83  41  20  64  69  15  3  73  81  6  2  30  89  24  5  91  77  75  46  78  94  25  36  12  57  18  71  37  49  33  48  95  21  56  29  84  85  27  26  90  79  82  86  68  35  93  53  28  62  7  1  61  16  11  76  13  50  47  60  67  23  52  45  65  42  66  92  14
   9  60  68  26  7  73  83  17  33  48  35  58  90  19  77  16  72  70  79  86  69  10  82  85  23  91  93  61  78  47  31  75  15  20  8  63  40  36  64  55  21  3  88  67  14  4  22  2  51  62  5  87  41  81  32  95  37  38  71  27  1  42  66  59  44  89  53  65  30  57  18  13  39  92  84  34  56  76  11  80  74  45  49  46  52  94  12  25  24  43  6  54  29  50  28
   10  14  50  42  40  85  75  7  64  34  88  82  56  51  81  80  1  52  18  94  3  68  41  19  46  39  27  95  49  71  24  5  83  54  6  69  29  26  63  65  77  15  25  9  92  2  87  62  4  28  35  61  90  93  72  73  84  60  76  33  79  44  86  21  53  17  8  67  12  37  57  43  78  22  66  74  11  58  20  16  30  13  31  70  89  48  91  47  32  55  23  38  59  36  45
   10  52  6  30  19  87  92  85  89  84  61  22  23  68  49  80  71  83  5  58  20  79  39  25  76  34  86  29  78  46  33  47  60  7  40  15  13  48  51  35  95  37  54  27  36  12  59  26  42  74  81  55  65  31  72  91  90  70  18  3  11  57  93  63  32  28  43  73  17  44  69  1  94  21  41  62  88  53  24  16  64  66  4  82  8  14  2  77  67  45  56  50  9  38  75
   10  52  6  30  67  39  92  37  41  84  13  22  71  68  1  80  23  35  53  58  20  31  87  73  76  34  86  77  78  46  81  95  60  55  40  63  61  48  3  83  47  85  54  75  36  12  11  26  42  74  33  7  17  79  72  43  90  70  18  51  59  9  45  15  32  28  91  25  65  44  21  49  94  69  89  62  88  5  24  16  64  66  4  82  8  14  2  29  19  93  56  50  57  38  27
   10  94  20  37  8  91  30  92  47  14  18  61  5  35  40  29  6  21  57  89  24  65  28  74  71  90  15  1  45  70  50  12  39  32  16  7  31  59  67  73  3  52  34  33  75  36  38  86  84  27  81  82  4  51  25  19  11  79  55  64  80  87  60  2  22  93  49  63  42  23  26  76  17  72  41  9  69  54  77  88  83  53  13  66  62  95  44  78  43  56  85  68  46  58  48
   11  3  71  17  5  2  29  35  60  78  33  69  38  48  79  16  55  75  87  47  31  84  92  95  61  44  21  82  1  41  40  25  7  12  13  62  20  63  42  37  8  85  24  94  36  52  59  22  88  14  27  18  73  67  19  77  15  65  51  26  6  34  58  9  53  83  72  86  54  10  56  23  49  70  46  91  64  81  90  80  76  74  93  57  50  28  39  43  66  68  4  45  32  89  30
   11  34  2  55  71  53  54  85  17  7  75  3  76  14  81  80  88  37  92  73  60  38  18  25  8  74  49  62  95  87  43  47  9  70  39  82  42  68  41  35  19  28  33  50  90  79  4  26  23  21  51  30  32  46  56  91  20  66  59  22  94  48  6  63  78  45  72  58  64  12  61  1  13  52  93  29  67  31  5  16  36  84  69  15  10  57  86  77  65  83  24  27  89  44  40
   11  38  36  50  54  93  47  29  3  14  61  82  40  66  60  16  81  5  78  62  86  69  76  49  87  44  20  25  53  28  23  15  1  9  71  51  13  70  41  43  92  79  67  7  6  74  10  26  27  12  57  75  56  85  19  83  2  48  8  63  4  55  64  95  24  46  88  77  89  34  94  73  21  31  65  58  91  35  32  80  45  68  59  22  18  84  90  37  72  39  17  30  33  52  42
   11  43  45  37  8  27  75  23  18  33  56  94  54  60  9  16  34  71  40  91  77  86  44  85  35  46  5  74  59  22  47  3  64  4  17  51  29  92  26  1  28  49  42  38  69  20  93  50  32  90  78  82  25  67  81  89  53  58  30  87  88  14  13  83  66  76  52  6  68  48  72  61  55  36  62  15  95  65  63  80  12  2  31  10  7  19  39  79  70  57  73  41  84  21  24
   11  48  6  2  69  29  67  85  71  26  41  33  24  27  39  80  88  49  34  14  31  73  47  79  8  92  36  25  75  3  89  65  63  20  13  10  15  86  95  35  19  82  54  7  62  12  18  38  37  50  23  83  53  4  56  91  74  84  32  46  68  94  60  81  28  57  52  21  51  30  61  55  42  87  64  66  9  43  5  16  90  1  17  45  72  76  44  77  78  59  22  70  93  58  40
   11  48  25  94  91  19  40  59  22  70  64  15  28  21  36  16  68  95  44  82  93  71  83  65  54  4  32  23  39  45  43  79  6  76  31  86  24  10  52  13  18  14  74  41  51  84  56  58  37  46  90  61  75  92  77  53  73  12  7  50  72  2  9  63  8  87  62  27  17  66  1  89  88  57  60  30  69  5  55  80  81  47  35  3  33  20  49  67  29  85  42  26  34  38  78
   11  58  87  43  32  17  56  49  68  91  95  39  70  86  78  80  54  1  72  85  64  14  25  37  73  2  57  38  7  75  65  35  84  46  33  10  34  20  62  71  77  76  24  74  5  67  40  50  47  81  26  6  59  22  30  31  29  90  15  94  28  48  93  51  88  9  44  82  12  60  42  13  8  4  61  89  83  19  79  16  21  36  27  3  66  69  53  41  55  23  45  63  18  92  52
   12  71  62  42  73  88  89  5  77  43  86  63  55  48  54  35  79  69  36  92  44  2  38  21  91  31  27  72  75  17  39  34  66  94  70  49  67  10  45  15  13  84  37  8  19  65  81  95  83  24  33  53  22  7  6  90  18  52  9  32  40  47  41  60  16  26  59  3  51  93  57  74  4  64  68  23  20  78  56  61  29  1  25  46  28  85  50  80  82  11  58  87  76  30  14
   13  14  46  65  49  19  90  83  55  17  45  21  20  34  87  16  8  35  4  95  36  10  30  47  88  70  23  82  25  33  77  73  63  74  81  62  6  28  31  85  5  68  39  94  54  41  92  22  1  51  69  18  64  2  40  29  76  78  61  26  50  48  42  57  66  27  24  86  32  84  11  71  59  44  75  43  53  89  67  80  60  12  3  9  38  15  58  91  7  37  72  93  79  52  56
   13  21  49  55  67  46  43  85  36  66  39  3  10  48  41  80  65  45  33  73  89  12  4  25  11  52  51  62  71  31  56  47  17  84  59  82  76  57  6  35  88  83  72  50  60  44  61  26  8  34  93  30  95  53  5  91  9  7  69  22  42  14  86  63  19  37  24  58  90  38  40  1  23  74  2  29  32  87  54  16  20  70  75  15  94  68  81  77  78  28  92  27  64  79  18
   13  25  63  54  74  8  90  91  78  53  87  33  56  48  55  61  80  27  37  4  45  94  39  75  92  65  28  24  76  79  40  62  67  2  71  47  68  86  46  81  14  12  38  88  20  31  82  1  84  72  34  43  23  89  7  6  19  44  10  64  41  49  42  36  17  70  60  93  52  3  58  22  5  32  69  73  21  18  57  35  30  95  26  50  29  11  51  16  83  85  59  9  77  66  15
   13  30  71  7  5  49  53  77  36  94  11  10  61  26  62  16  34  4  78  25  60  48  15  55  41  12  90  14  56  59  75  81  6  86  42  33  18  1  31  91  22  3  28  2  95  87  24  38  17  73  74  70  89  57  69  35  64  27  37  45  47  84  93  65  52  29  19  66  39  50  72  79  32  58  63  21  67  82  9  80  23  76  8  46  40  20  51  85  54  43  88  83  44  92  68
   13  48  42  46  3  43  53  83  49  22  31  39  72  93  81  16  8  23  14  34  89  95  73  41  88  4  60  47  45  21  79  7  57  76  59  38  9  58  25  85  5  62  90  17  82  84  30  10  35  94  1  37  19  92  40  29  70  12  64  2  28  50  36  87  68  15  44  51  69  18  11  65  6  33  32  78  63  77  67  80  54  71  55  27  24  20  52  91  66  61  26  74  75  86  56
   13  48  47  50  29  5  56  61  26  74  32  9  68  51  60  80  28  25  52  62  75  49  37  7  90  92  64  1  81  27  77  41  42  20  89  58  72  38  44  59  30  34  70  31  69  12  40  86  35  2  54  11  45  4  91  19  95  84  17  94  24  46  63  57  88  33  82  93  55  78  71  79  8  15  36  18  3  67  65  16  87  73  85  21  39  76  23  53  43  83  6  22  14  10  66
   14  58  70  78  56  23  9  29  32  86  8  38  40  33  75  16  59  92  6  74  81  76  19  65  26  93  57  37  11  61  72  7  1  18  66  39  79  94  69  91  31  21  35  51  52  22  45  10  44  20  49  47  30  15  24  83  60  84  68  27  53  4  82  87  55  43  88  17  36  71  3  41  90  50  54  46  73  62  28  80  42  95  5  2  67  48  89  85  64  77  13  34  25  12  63
   14  58  70  78  56  71  57  77  32  86  8  38  40  81  27  16  11  92  6  74  33  76  67  17  26  45  9  85  59  13  72  55  49  18  66  87  31  94  21  43  79  69  83  3  52  22  93  10  44  20  1  95  30  63  24  35  60  84  68  75  5  4  82  39  7  91  88  65  36  23  51  89  90  50  54  46  25  62  28  80  42  47  53  2  19  48  41  37  64  29  61  34  73  12  15
   15  12  41  2  29  61  32  5  73  48  83  34  85  79  42  16  92  94  89  14  54  82  90  25  51  55  36  1  56  59  71  39  50  68  37  75  4  84  60  67  24  63  30  31  65  52  76  74  93  86  20  3  19  69  47  11  21  62  95  87  66  18  17  23  72  77  91  53  9  45  58  49  35  44  33  10  6  28  43  80  27  81  8  70  40  22  64  13  57  7  88  78  38  26  46
   15  14  21  74  56  9  7  41  26  86  8  10  52  90  64  16  24  17  88  38  53  81  70  13  33  92  29  85  79  76  32  51  57  69  47  39  42  46  18  31  72  19  77  43  93  2  66  50  95  60  84  63  30  1  83  71  87  48  73  3  40  91  12  35  45  22  54  89  62  58  28  37  27  67  68  82  65  23  59  80  61  20  11  94  25  36  5  49  44  75  55  6  78  4  34
   15  87  39  19  78  3  20  53  94  65  79  14  43  22  32  16  85  91  25  21  7  12  49  47  4  48  31  66  56  68  86  1  51  58  18  45  40  62  6  67  9  17  88  38  63  30  73  70  72  28  60  34  83  11  2  59  93  52  29  33  5  44  36  81  69  50  37  46  10  26  77  23  24  82  76  89  92  61  54  80  95  84  8  74  42  27  55  13  75  57  35  71  90  41  64
   16  94  62  3  67  88  57  15  77  64  37  63  20  65  54  61  83  69  25  53  44  85  6  21  82  52  27  87  40  17  14  60  66  71  59  49  73  93  45  5  4  84  86  23  19  48  56  95  79  1  33  92  28  7  38  80  18  31  58  32  75  30  41  34  12  26  70  42  51  10  89  74  13  43  68  8  55  78  81  35  29  24  36  46  22  2  50  90  91  11  9  72  76  47  39
   17  2  63  93  68  8  58  81  78  32  38  33  21  31  55  35  84  27  26  43  45  11  7  75  83  44  28  9  41  79  15  36  67  25  60  47  74  3  46  91  5  12  87  73  20  48  57  1  80  95  34  4  29  89  39  16  19  65  59  64  76  66  42  62  13  70  71  54  52  86  90  22  14  53  69  88  56  18  82  61  30  72  37  50  23  94  51  6  92  85  10  24  77  49  40
   17  49  87  31  56  33  81  53  54  51  8  58  66  84  75  16  70  5  88  1  23  2  68  79  89  10  95  62  65  34  29  57  64  76  35  9  71  20  14  19  52  67  30  50  63  92  39  86  32  78  42  22  91  25  3  59  47  46  90  21  40  74  55  41  6  4  28  18  44  48  24  7  85  12  26  93  77  83  45  80  36  38  13  94  37  73  69  61  82  27  43  11  60  15  72
   17  50  12  86  66  39  29  71  57  74  7  22  88  6  84  16  3  95  42  26  2  63  4  67  21  68  92  91  47  52  53  93  19  75  5  9  55  82  11  49  20  61  25  37  18  62  94  14  33  36  27  81  8  79  73  41  38  48  56  45  76  85  64  77  72  10  40  23  59  70  58  43  15  13  83  46  1  89  32  80  87  44  65  34  54  60  78  31  24  69  35  90  51  28  30
   17  54  19  83  73  5  25  49  84  86  7  50  65  34  22  80  74  20  6  77  12  48  27  35  61  60  66  70  88  55  39  69  30  46  18  21  90  53  11  23  14  63  44  10  43  3  24  94  37  29  82  62  13  45  9  31  32  87  41  81  91  36  33  85  68  1  47  42  51  58  72  59  64  2  75  57  95  26  93  16  67  92  40  38  8  4  15  89  78  71  56  79  28  76  52
   17  84  45  58  94  46  4  83  57  74  92  51  23  44  86  16  61  93  11  30  90  68  91  73  88  55  2  75  10  79  13  15  20  69  81  82  47  38  33  37  59  35  21  77  64  48  56  26  67  70  1  25  76  5  40  29  36  52  72  22  32  31  89  95  8  85  27  7  41  9  53  49  78  66  3  50  42  39  18  80  65  34  24  63  19  12  6  43  71  28  87  62  60  14  54
   18  4  69  54  53  3  72  25  66  36  90  46  71  20  33  80  32  47  7  34  5  91  9  13  22  10  29  65  88  70  24  59  64  19  52  27  8  48  74  95  31  73  56  87  93  60  39  2  82  50  30  67  79  43  44  55  77  94  1  63  35  45  37  75  83  76  41  61  68  92  51  85  28  57  14  86  6  89  21  16  12  42  40  58  49  38  15  17  11  81  78  26  84  62  23
   18  26  84  74  93  52  77  25  66  36  49  21  72  22  11  80  6  45  78  38  33  54  90  91  71  3  35  13  9  7  56  53  83  85  32  82  24  28  12  95  88  23  4  19  43  34  1  62  8  48  64  47  39  65  41  55  75  2  5  70  27  87  92  69  79  37  46  57  86  61  40  67  73  44  30  42  89  63  31  16  50  68  29  81  20  14  51  17  76  58  10  94  15  60  59
   18  26  94  38  54  43  35  61  79  44  63  93  29  17  15  80  73  59  27  66  36  39  40  71  31  30  47  69  2  9  56  33  87  62  24  14  25  84  55  11  83  68  21  67  6  82  91  70  8  12  45  23  86  50  78  19  76  22  72  74  1  52  90  49  85  51  57  41  32  28  42  95  77  89  3  46  20  65  92  16  60  75  4  81  64  58  10  5  88  13  37  34  7  48  53
   18  68  69  54  85  3  72  89  66  36  90  14  7  52  33  16  64  79  71  2  37  59  9  77  86  74  61  1  56  38  24  91  32  83  20  27  40  48  10  31  95  41  88  87  93  60  39  34  50  82  30  35  47  11  76  23  13  62  65  63  67  45  5  75  19  44  73  29  4  28  51  53  92  57  46  22  6  25  21  80  12  42  8  26  17  70  15  49  43  81  78  58  84  94  55
   19  60  39  14  26  74  44  25  75  94  52  57  37  4  34  80  23  87  1  90  78  76  17  59  8  5  70  33  62  77  71  45  28  15  51  86  13  82  3  47  49  73  63  7  32  48  40  46  41  50  35  11  68  79  56  55  12  92  24  2  64  29  43  61  88  95  81  53  91  27  31  83  42  6  9  22  30  21  54  16  67  38  72  93  89  36  18  65  85  20  69  58  84  10  66
   20  22  7  66  18  17  72  59  36  26  92  74  35  87  94  16  49  68  40  38  60  52  69  23  54  27  90  19  79  91  4  1  6  30  83  33  37  82  95  13  64  3  43  21  31  58  9  70  2  44  10  89  8  57  15  53  32  12  56  45  88  28  93  81  77  61  42  71  39  65  85  47  86  62  63  34  29  50  24  80  55  41  78  14  25  48  51  67  73  11  5  46  76  84  75
   20  28  18  63  45  55  23  73  85  69  66  3  27  36  21  80  47  83  19  25  29  68  40  77  42  60  12  50  76  9  56  51  93  48  92  62  15  90  61  95  30  86  91  6  58  81  79  82  8  35  37  10  24  44  13  7  94  52  2  74  33  14  84  67  1  75  71  70  57  34  41  5  89  46  32  53  72  65  54  16  78  22  38  39  31  59  4  17  88  49  64  11  87  26  43
   20  28  66  87  21  79  47  49  61  45  18  27  51  36  93  80  71  11  43  1  5  68  40  53  90  60  12  2  76  81  56  75  69  48  92  14  39  42  37  23  78  38  19  54  10  57  7  34  8  59  13  58  24  44  85  31  46  52  50  26  9  62  84  91  73  3  95  22  33  82  17  77  65  94  32  29  72  41  6  16  30  70  86  63  55  83  4  89  88  25  64  35  15  74  67
   20  44  92  23  88  79  30  49  87  68  40  22  8  28  11  80  21  10  7  81  51  82  32  67  72  74  27  90  55  89  4  77  57  36  35  9  1  63  64  71  33  69  5  46  2  85  29  14  24  75  83  26  76  39  94  31  19  13  42  45  66  62  78  93  15  95  56  86  18  60  53  43  3  48  12  37  54  52  58  16  38  50  25  34  47  70  84  41  17  61  65  91  59  6  73
   20  52  45  92  12  78  9  15  44  71  56  32  13  2  62  61  40  84  38  42  29  47  37  21  73  1  41  8  91  88  25  60  19  31  89  46  16  65  27  5  28  26  81  72  77  85  59  95  75  43  50  3  83  17  86  80  51  24  39  63  82  93  33  34  55  11  57  53  66  48  58  74  22  94  54  87  4  7  70  35  76  64  6  49  79  30  68  90  67  69  14  23  18  10  36
   21  12  52  82  59  53  55  61  45  48  7  50  18  23  73  80  72  14  35  94  33  2  74  17  43  95  57  89  54  67  83  15  3  4  40  51  8  84  32  11  81  39  56  71  22  20  62  58  87  70  1  75  85  93  64  19  65  46  91  63  77  66  90  31  28  37  49  13  6  69  42  41  27  76  36  26  88  92  79  16  34  9  29  86  68  38  60  5  24  47  78  30  25  10  44
   21  26  87  14  8  51  61  83  62  50  56  46  28  30  64  16  72  11  40  2  23  75  34  31  27  20  47  55  85  4  32  33  3  39  53  93  78  58  6  37  24  1  95  73  15  86  54  38  5  84  60  69  42  91  65  29  45  48  19  81  88  25  36  17  63  82  18  35  74  94  52  7  57  49  44  70  59  77  89  80  79  92  41  10  67  12  71  43  68  9  13  66  90  76  22
   21  36  83  86  47  79  32  71  19  48  65  22  55  85  78  16  20  10  35  26  18  70  30  67  33  13  12  91  8  89  29  93  38  44  7  9  76  60  84  49  72  69  42  37  59  28  4  14  15  50  92  81  1  39  53  41  87  74  5  45  54  6  11  77  24  95  25  23  51  63  94  43  17  68  27  46  66  52  73  80  57  75  56  34  88  82  64  31  3  61  40  90  2  62  58
   21  44  46  4  13  18  10  81  45  25  57  64  14  94  63  35  41  12  39  54  30  49  38  75  74  95  42  88  92  8  26  36  20  65  90  50  17  31  28  91  29  70  82  24  78  11  60  1  76  53  51  93  84  79  87  16  52  72  40  33  83  3  34  62  56  85  58  43  67  48  59  22  23  2  55  9  5  89  71  61  77  32  7  47  80  66  69  6  68  27  15  73  19  86  37
   22  34  44  43  56  85  66  68  65  50  78  19  11  77  88  83  90  27  87  23  72  47  4  86  41  6  33  79  3  58  14  84  9  32  16  73  49  53  13  7  45  76  94  15  69  60  26  74  12  21  63  46  28  93  55  61  5  1  25  64  80  57  36  62  10  51  31  81  54  89  38  52  95  24  71  39  75  42  35  40  29  59  67  30  2  17  20  18  37  8  91  92  82  70  48
   22  34  44  91  56  37  66  68  17  50  78  67  59  29  88  35  90  75  39  71  72  95  4  86  89  6  81  31  51  58  14  84  57  32  16  25  1  5  61  55  93  76  94  63  21  60  26  74  12  69  15  46  28  45  7  13  53  49  73  64  80  9  36  62  10  3  79  33  54  41  38  52  47  24  23  87  27  42  83  40  77  11  19  30  2  65  20  18  85  8  43  92  82  70  48
   22  76  90  66  61  57  68  91  23  12  19  10  89  92  31  80  41  29  11  70  44  1  9  55  52  94  74  83  18  82  15  65  36  73  88  33  67  48  93  77  17  43  42  21  60  84  53  38  54  86  63  25  47  49  24  85  6  58  78  45  5  87  51  81  32  4  37  7  95  20  75  79  34  27  71  2  40  59  72  16  64  30  28  46  56  50  62  35  13  3  8  14  39  26  69
   23  15  35  53  89  74  17  47  12  6  69  57  62  48  43  16  19  87  51  11  91  36  44  59  49  92  9  58  37  77  40  61  67  60  1  86  68  27  18  25  8  73  24  22  84  4  71  46  88  38  39  90  13  79  31  65  75  5  63  2  30  10  34  45  41  95  72  14  78  82  56  83  85  94  70  7  64  21  66  80  28  50  81  93  26  76  3  55  42  20  52  33  32  29  54
   23  18  38  49  47  55  3  59  64  82  67  70  41  86  75  16  76  28  37  79  81  48  24  1  32  84  57  2  85  29  63  87  65  26  56  39  88  7  69  61  90  21  40  14  20  33  92  74  91  31  17  10  35  15  83  53  60  93  77  27  43  12  50  71  46  11  66  78  36  62  9  73  95  22  54  51  8  94  45  80  42  52  6  34  30  44  25  19  58  13  4  5  89  68  72
   23  48  30  74  57  17  79  73  35  2  77  69  24  39  3  80  88  85  10  38  91  13  11  43  8  44  84  61  87  15  29  5  27  68  1  82  75  14  59  47  31  58  78  67  86  60  90  62  25  26  83  95  41  52  56  7  50  36  32  70  20  22  12  21  76  93  4  9  63  54  49  19  18  51  64  42  45  55  89  16  66  37  53  33  72  28  92  65  6  71  46  94  81  34  40
   23  55  33  25  8  39  87  83  90  69  56  22  78  12  45  16  10  35  40  7  65  14  92  73  47  70  89  50  71  46  11  15  64  52  53  63  17  44  2  37  76  85  18  62  57  68  81  26  32  66  6  58  61  79  21  29  41  34  54  51  88  38  1  95  42  28  4  30  20  48  72  49  19  84  86  75  59  5  27  80  60  74  91  82  67  31  3  43  94  93  13  77  36  9  24
   24  57  36  29  61  45  94  91  51  79  19  82  43  74  60  80  75  53  11  27  86  84  67  1  72  48  20  30  4  28  42  47  49  38  88  3  54  34  89  77  69  31  13  58  6  66  32  26  33  68  9  62  18  37  76  85  2  44  65  15  5  52  64  63  59  46  23  50  41  70  95  25  92  14  17  55  40  83  10  16  93  12  78  22  56  21  90  35  39  87  8  73  81  7  71
   24  69  84  89  25  9  70  31  87  67  55  10  79  2  12  80  15  17  47  63  62  36  7  13  72  48  68  6  52  76  66  35  61  14  88  39  30  58  5  41  33  19  73  82  78  90  32  50  45  20  21  38  42  1  28  49  26  92  77  3  65  4  64  51  95  22  11  74  53  46  83  37  44  86  29  43  40  23  34  16  57  60  54  94  56  81  18  71  27  75  8  85  93  91  59
   24  76  19  55  44  47  62  17  83  4  42  86  66  92  78  16  15  74  88  81  18  50  85  35  3  10  12  90  54  25  26  13  70  36  89  9  79  63  84  7  49  69  1  14  91  53  41  46  52  75  28  58  56  39  30  95  87  77  8  45  40  94  43  93  21  31  71  22  51  60  64  11  72  48  27  5  23  20  68  80  57  82  67  2  65  38  32  73  33  29  37  59  34  6  61
   24  76  43  79  44  71  14  89  11  4  90  38  18  92  30  16  39  26  88  57  66  2  61  59  27  58  12  42  6  1  74  85  22  36  65  81  7  87  84  31  25  45  73  62  19  29  17  94  52  3  28  10  56  63  78  23  15  53  8  21  40  46  67  69  93  55  95  70  75  60  64  35  72  48  51  77  47  20  68  80  33  34  91  50  41  86  32  49  9  5  13  83  82  54  37
   24  92  71  59  28  19  70  13  7  20  66  94  90  76  54  80  51  34  56  45  42  10  65  55  87  2  60  18  30  53  82  89  14  84  85  69  83  3  36  11  77  81  29  22  47  1  37  86  68  63  44  50  88  75  6  67  27  25  40  57  8  38  95  9  33  35  43  62  39  12  32  31  72  48  15  49  91  4  52  16  21  74  23  58  61  46  64  5  93  73  17  79  26  78  41
   25  48  66  22  87  31  65  71  13  94  67  75  72  9  45  16  8  59  86  58  53  35  37  5  88  52  12  83  57  33  19  43  21  28  47  14  69  82  85  1  17  38  18  77  10  36  6  34  23  70  61  49  7  44  40  41  46  60  64  26  76  74  84  27  20  51  92  39  81  42  95  29  78  93  32  54  3  89  55  80  30  11  91  15  24  68  4  79  90  73  50  2  63  62  56
   25  93  18  8  39  69  73  80  68  47  83  49  38  43  76  61  59  7  13  72  54  71  28  74  9  65  66  92  89  11  20  60  33  10  91  63  14  1  51  90  37  17  79  42  50  64  40  95  70  2  77  87  56  26  22  15  27  48  12  46  57  52  19  34  36  88  82  23  41  24  67  21  86  30  29  3  6  84  75  35  62  85  4  32  81  94  44  5  58  78  16  53  45  31  55
   26  3  19  88  40  27  74  16  69  49  84  47  39  53  77  35  60  89  14  24  55  25  29  22  10  31  67  4  90  85  21  36  34  86  92  33  15  95  52  6  38  79  80  54  51  32  41  1  71  94  78  9  57  70  23  81  28  48  13  50  58  44  20  62  37  8  83  73  42  72  68  75  87  66  30  93  7  12  76  61  63  11  5  64  82  2  45  91  59  18  17  43  46  65  56
   27  3  51  47  6  63  4  25  86  85  59  70  71  14  64  80  89  23  77  57  83  60  5  91  20  48  11  42  88  52  46  53  15  2  90  81  8  22  30  95  93  37  56  94  75  54  29  62  72  44  12  74  79  7  10  55  33  68  1  21  73  28  84  69  9  58  41  38  50  34  49  67  24  26  92  13  76  65  78  16  43  36  40  82  18  87  35  17  39  45  31  19  66  61  32
   29  36  9  82  70  22  52  23  69  2  44  87  11  92  62  16  25  57  47  6  18  20  31  85  88  43  26  15  34  67  73  3  68  33  93  10  35  14  45  1  95  71  81  41  64  48  56  50  7  46  13  37  28  65  40  89  84  4  72  94  32  19  5  83  8  49  63  91  53  21  17  61  54  90  39  74  66  27  42  80  77  58  24  51  55  60  78  79  59  76  75  38  12  86  30
   29  47  60  27  72  92  56  13  6  4  44  15  91  38  49  80  88  87  7  61  51  10  43  65  68  70  25  26  33  5  1  63  73  46  74  86  39  71  36  59  11  85  35  30  17  2  77  58  18  76  32  82  28  19  78  67  81  57  62  50  75  84  52  79  54  95  64  94  34  20  55  89  8  12  90  41  24  45  83  16  22  48  42  3  69  66  9  53  37  14  31  23  93  21  40
   31  36  85  34  28  70  40  47  84  50  72  15  32  92  77  16  8  33  87  54  29  20  89  61  6  67  63  39  18  91  90  27  53  9  24  58  79  62  30  73  83  95  3  17  12  48  78  2  5  94  81  13  22  41  52  65  45  4  44  46  35  43  14  11  1  25  71  19  66  93  55  37  88  42  74  26  82  51  49  80  68  10  69  75  59  60  21  7  23  76  57  86  64  38  56
   40  33  9  59  67  86  49  65  69  90  81  87  66  48  94  16  71  57  24  5  18  60  8  53  91  68  58  70  64  35  30  19  4  36  63  74  38  21  45  55  54  7  76  10  32  28  42  82  89  26  77  6  23  1  95  47  84  11  75  62  2  22  37  3  61  17  93  50  85  46  20  29  31  34  39  73  43  27  88  80  13  14  79  51  92  52  78  25  56  44  72  15  12  83  41
