   1  5  22  25  36  10  6  11  13  14  8  27  34  3  33  30  21  2  15  38  4  20  28  26  18  17  37  19  29  24  12  39  23  16  31  9  35  7  32
   1  16  8  39  36  20  32  30  3  14  17  5  4  27  13  19  33  37  22  38  15  23  12  31  18  25  35  29  34  24  6  26  21  2  11  7  9  10  28
   1  39  13  7  29  25  17  30  6  32  33  5  36  26  28  27  35  10  19  14  38  8  12  23  3  20  9  37  4  22  15  18  24  11  34  31  16  21  2
   2  1  16  11  34  31  24  18  35  22  4  17  29  20  23  3  12  8  38  14  39  10  15  7  28  26  36  25  13  32  6  30  37  5  9  27  33  19  21
   2  1  28  33  37  15  31  10  36  8  25  35  16  14  6  13  24  30  38  26  39  32  27  17  11  20  23  3  34  18  7  22  4  29  12  9  5  19  21
   2  15  4  14  17  23  6  30  16  11  19  7  25  29  8  1  32  33  18  38  13  12  21  28  9  5  27  39  31  36  10  26  3  37  34  24  35  22  20
   2  30  3  37  23  22  4  6  27  24  33  39  32  35  36  21  8  13  11  18  28  7  19  9  1  17  31  15  26  34  14  10  25  20  38  29  12  16  5
   2  30  23  17  3  22  4  6  7  24  13  19  32  15  36  1  8  33  31  18  28  27  39  29  21  37  11  35  26  34  14  10  5  20  38  9  12  16  25
   2  35  4  14  37  3  6  30  16  31  39  27  5  9  8  21  32  13  18  38  33  12  1  28  29  25  7  19  11  36  10  26  23  17  34  24  15  22  20
   3  8  24  37  28  20  16  10  9  2  11  15  12  1  39  17  19  31  26  34  5  29  36  13  14  35  25  7  22  32  18  38  23  6  33  21  27  30  4
   3  14  2  23  6  21  34  33  28  18  24  13  27  30  17  22  38  35  4  26  11  9  19  10  12  32  36  29  7  8  25  37  5  39  31  15  1  20  16
   3  15  26  35  28  30  18  33  39  2  24  1  22  9  19  10  23  6  5  34  12  20  4  38  14  11  31  17  7  32  36  37  29  8  13  27  25  21  16
   3  22  27  39  36  13  28  9  31  34  25  29  5  30  23  6  33  35  8  18  19  17  26  10  38  16  2  37  4  24  32  21  11  7  1  15  14  20  12
   3  37  35  7  36  27  12  26  1  14  22  29  9  20  13  31  21  16  17  38  34  10  32  19  18  2  8  5  15  24  28  30  33  25  11  39  4  23  6
   4  5  28  25  18  10  37  11  29  14  12  27  23  3  31  30  35  2  32  38  1  20  22  26  36  17  6  19  13  24  8  39  34  16  33  9  21  7  15
   4  10  17  31  3  26  13  18  38  32  2  37  35  25  34  23  36  39  15  14  6  21  9  27  29  11  12  5  1  22  19  30  16  20  28  7  24  8  33
   4  10  37  11  23  26  33  18  38  32  2  17  15  5  34  3  36  19  35  14  6  1  29  7  9  31  12  25  21  22  39  30  16  20  28  27  24  8  13
   4  15  28  35  38  30  7  1  39  34  12  17  13  33  21  10  25  22  32  18  11  20  2  6  36  27  26  9  23  24  8  29  14  16  3  19  31  37  5
   4  20  18  25  7  9  37  27  24  8  28  19  14  32  26  30  22  39  13  6  16  5  31  2  1  10  35  3  15  38  17  23  36  11  12  33  29  34  21
   4  20  38  15  17  39  27  37  24  8  28  29  34  32  6  10  2  9  3  26  16  35  1  22  31  30  5  13  25  18  7  33  36  21  12  23  19  14  11
   4  30  7  1  13  6  3  38  18  32  22  27  5  15  14  33  36  9  25  34  26  11  39  37  19  21  12  35  31  2  29  10  16  20  28  17  24  8  23
   4  35  28  15  38  30  27  21  19  34  12  37  33  13  1  10  5  22  32  18  31  20  2  6  36  7  26  29  3  24  8  9  14  16  23  39  11  17  25
   5  8  36  37  14  20  25  10  22  2  18  15  23  1  33  17  27  31  4  34  3  29  24  13  28  35  16  7  9  32  11  38  12  6  39  21  19  30  26
   5  21  23  27  19  8  22  37  24  32  39  17  18  11  28  38  26  20  3  34  16  6  25  10  13  9  29  1  36  2  7  33  31  30  14  35  4  15  12
   5  24  28  21  22  20  25  10  6  26  34  15  39  33  9  1  11  23  12  2  19  37  32  29  4  35  8  31  17  16  3  14  36  38  7  13  27  30  18
   5  29  7  3  11  32  38  13  16  8  31  33  2  19  12  22  34  20  27  26  24  14  25  10  37  1  21  9  4  18  23  17  39  30  6  35  36  15  28
   5  32  4  13  6  20  25  10  38  18  2  15  7  9  17  33  3  39  36  26  27  21  16  37  12  35  24  23  1  8  19  22  28  14  31  29  11  30  34
   5  35  10  24  26  38  28  9  18  31  27  3  23  20  2  17  25  32  33  39  34  4  29  15  13  1  11  30  21  8  12  36  16  19  37  22  14  7  6
   6  3  4  19  31  5  13  30  28  24  35  25  8  2  18  39  32  10  34  38  37  16  1  11  33  20  29  9  22  14  21  26  12  7  36  27  15  17  23
   6  5  11  16  27  2  29  31  19  9  28  37  24  20  3  23  26  8  34  1  35  36  30  25  14  39  12  10  22  32  13  4  17  21  38  18  15  33  7
   6  5  12  2  11  29  18  10  8  33  17  21  35  7  24  3  16  19  14  34  39  36  23  4  27  15  1  37  13  28  30  38  9  31  22  32  25  26  20
   6  10  9  31  29  26  12  18  1  32  19  37  16  25  28  23  24  39  33  14  4  21  17  27  3  11  13  5  38  22  2  30  35  20  34  7  36  8  15
   6  25  12  2  31  9  18  10  8  13  37  1  15  27  24  23  16  39  14  34  19  36  3  4  7  35  21  17  33  28  30  38  29  11  22  32  5  26  20
   7  6  18  27  14  9  26  37  12  2  16  17  23  30  13  38  22  15  36  34  39  21  31  10  28  8  4  1  3  32  5  33  25  11  19  35  29  20  24
   7  33  11  9  3  15  39  10  2  24  31  35  12  22  36  29  5  30  13  18  26  16  4  1  21  20  23  19  28  34  25  6  8  37  38  17  32  27  14
   7  38  23  11  4  17  12  21  19  26  5  1  25  30  27  14  37  15  32  2  31  13  34  10  22  24  18  33  36  16  8  9  39  3  29  35  6  20  28
   8  3  15  21  19  24  27  11  28  16  1  31  33  13  2  34  12  20  36  22  35  18  9  30  37  7  26  23  32  6  17  39  14  10  4  5  38  25  29
   8  13  25  11  29  24  37  21  28  16  31  1  23  3  22  14  12  20  36  2  5  38  39  10  27  17  6  33  32  26  7  9  34  30  4  35  18  15  19
   8  20  3  5  13  37  15  31  35  24  21  7  28  16  36  30  17  27  33  38  12  25  34  26  11  10  1  39  32  14  4  19  22  23  18  29  6  2  9
   8  20  23  25  33  17  35  11  15  24  1  27  28  16  36  30  37  7  13  38  12  5  34  26  31  10  21  19  32  14  4  39  22  3  18  9  6  2  29
   10  38  18  3  2  32  34  15  11  8  16  22  6  35  26  9  27  20  25  39  29  1  21  36  37  7  5  24  28  31  23  17  33  4  13  30  12  19  14
   11  2  19  37  3  8  35  25  12  32  17  18  7  5  27  31  28  20  26  1  30  39  22  4  38  33  6  16  29  9  24  23  34  36  14  10  13  21  15
   12  5  4  25  34  10  21  3  37  22  36  11  39  19  23  30  35  26  16  14  33  20  6  18  28  1  38  27  29  32  24  7  2  8  9  17  13  31  15
   13  25  6  5  28  10  38  23  9  22  24  31  2  39  29  30  33  26  35  14  12  20  4  18  34  21  1  7  17  32  36  27  19  8  3  37  15  11  16
