   1  6  26  37  40  39  24  2  44  17  21  8  45  7  34  20  27  10  19  42  35  30  36  5  31  13  11  23  15  29  18  12  25  9  43  14  16  41  38  28  4  22  32  33  3
   1  7  35  33  28  4  22  27  11  19  21  9  45  8  12  23  17  24  2  44  30  31  14  6  26  15  40  37  5  32  42  13  25  10  43  16  29  20  36  39  38  18  41  34  3
   1  11  26  38  32  40  28  29  36  20  45  3  39  4  6  25  5  23  19  35  41  17  12  10  27  14  37  34  9  22  42  33  15  18  7  21  30  16  8  13  44  43  24  2  31
   1  22  34  31  20  4  35  28  38  25  42  7  6  15  33  27  17  32  37  23  29  8  30  21  9  16  43  5  3  26  45  40  44  12  14  10  36  39  13  41  24  2  18  19  11
   1  29  31  44  10  11  4  3  18  23  37  33  14  21  9  30  20  42  19  25  45  43  34  28  15  26  5  13  22  17  27  24  2  6  41  12  38  8  40  32  16  35  7  36  39
   1  31  10  42  44  33  43  37  20  26  18  22  4  12  25  40  17  13  29  14  5  27  32  30  11  23  41  28  35  15  3  39  34  9  8  19  16  36  45  38  6  7  24  2  21
   2  3  14  36  38  22  31  11  15  27  9  40  10  30  25  4  42  32  37  43  41  28  24  1  33  8  21  35  18  45  39  17  16  19  7  44  5  20  13  23  12  29  26  34  6
   2  20  21  32  35  31  38  8  25  4  26  34  17  16  11  37  1  44  36  9  42  33  14  18  12  10  22  15  3  24  29  19  5  7  30  39  45  13  28  6  41  23  43  27  40
   2  23  11  5  3  31  45  34  17  18  22  41  13  24  32  38  8  44  43  19  12  36  16  21  28  20  29  15  10  25  4  27  1  14  26  7  37  39  35  6  9  42  33  30  40
   2  25  4  32  5  21  1  6  45  3  16  13  9  29  41  43  18  35  22  30  31  12  34  23  7  17  20  44  38  28  37  36  27  42  10  8  15  33  39  24  19  11  40  26  14
   2  30  32  41  29  10  45  31  35  34  8  6  17  38  25  4  12  26  16  9  1  23  18  28  11  24  36  5  42  39  19  37  21  15  22  7  13  14  33  3  27  44  40  43  20
   2  36  35  32  43  44  19  33  3  13  22  26  15  37  14  7  12  41  21  24  6  39  10  34  42  9  1  16  28  18  20  38  11  17  8  40  25  4  31  5  45  29  27  23  30
   2  37  1  23  17  44  6  11  31  33  36  13  29  9  21  38  45  41  8  12  42  40  26  35  32  43  34  16  15  3  27  10  25  4  22  14  7  28  18  5  19  20  39  24  30
   2  38  4  41  40  24  6  30  43  11  42  37  26  33  8  12  32  5  45  16  13  21  44  36  39  22  28  9  35  31  10  3  14  19  34  20  7  29  1  17  18  27  15  25  23
   2  38  41  32  3  16  13  42  8  1  43  45  15  20  30  22  9  35  12  34  18  25  4  36  40  21  10  44  29  7  26  27  33  28  37  6  24  23  5  19  17  11  31  39  14
   2  42  24  25  4  23  35  22  17  30  33  37  36  21  13  15  6  27  7  18  11  31  8  40  29  45  43  26  14  32  39  10  34  44  3  9  5  19  41  38  28  12  20  1  16
   2  43  8  31  32  30  34  26  42  10  27  40  14  19  9  29  36  22  3  41  12  23  1  45  4  39  16  15  17  13  21  5  37  20  7  33  28  38  18  11  25  44  6  35  24
   3  7  24  21  35  10  37  22  45  15  18  16  38  39  29  31  44  27  11  5  42  41  30  4  14  32  1  26  6  2  9  28  36  23  34  40  33  19  43  25  13  8  20  12  17
   3  11  43  18  41  26  6  42  36  10  27  45  4  23  32  16  5  34  30  22  33  21  2  8  7  29  24  15  19  17  20  44  12  40  9  25  38  31  28  35  37  1  13  14  39
   3  18  32  19  28  25  26  6  40  5  17  24  43  21  10  14  35  30  11  34  13  44  16  15  1  39  33  23  45  41  8  36  29  27  37  42  2  31  22  38  12  20  4  7  9
   3  20  10  1  14  12  13  38  22  29  34  21  18  45  7  35  5  4  19  23  41  24  44  17  27  2  37  15  9  32  43  28  40  36  42  30  16  25  39  31  26  6  8  11  33
   3  21  13  7  38  12  20  35  33  11  17  27  43  24  36  23  5  26  6  40  44  1  42  18  32  45  28  19  15  4  34  39  29  30  37  2  41  14  16  25  22  8  31  10  9
   3  24  43  31  26  6  42  36  10  8  35  4  32  16  41  19  30  1  11  2  33  34  38  21  7  9  5  28  44  20  29  37  40  45  17  23  12  25  18  15  22  14  13  27  39
   3  38  27  13  8  23  25  19  37  30  4  35  36  33  42  15  2  41  18  40  21  31  1  44  9  20  34  39  24  22  28  10  17  43  12  11  14  5  32  45  6  29  7  26  16
   3  40  1  39  17  31  34  13  10  9  29  42  8  14  44  19  5  33  16  27  43  36  32  37  45  30  20  38  11  26  6  23  18  7  41  22  24  28  4  2  35  12  21  15  25
   3  40  36  42  5  45  13  25  41  26  6  23  28  32  7  22  20  10  11  30  16  44  8  37  2  9  29  21  24  19  43  15  4  38  14  27  35  12  39  18  17  1  34  31  33
   3  41  1  40  30  33  12  9  8  23  19  7  42  17  27  44  14  34  11  29  43  37  10  38  45  32  15  39  20  5  35  26  6  18  31  36  22  24  28  4  2  13  21  16  25
   4  5  25  23  11  42  12  45  39  43  26  3  35  41  19  30  21  13  16  24  38  34  6  1  18  17  22  32  7  29  31  20  27  8  44  28  37  10  36  33  15  40  9  2  14
   4  14  18  13  35  20  21  39  1  22  16  12  11  30  27  8  24  6  32  41  25  23  36  10  45  2  26  33  38  9  15  5  19  7  44  37  3  28  43  29  31  42  34  17  40
   4  24  30  13  22  20  10  7  39  11  12  17  42  26  40  16  37  1  9  2  14  27  45  41  21  15  32  23  25  35  38  6  34  33  28  3  19  5  29  8  44  36  43  31  18
   4  27  8  18  33  19  25  12  21  29  32  3  41  35  13  17  36  1  44  14  39  24  22  23  37  11  40  42  30  10  5  26  31  38  20  16  7  43  9  2  15  45  34  6  28
   4  29  28  26  30  44  39  45  7  31  41  34  20  14  27  8  38  18  5  17  13  10  2  25  43  16  19  1  36  21  9  11  32  15  37  42  33  40  3  23  24  35  6  22  12
   4  30  8  13  34  2  12  14  17  45  38  5  6  43  16  24  18  33  21  32  3  19  42  26  9  44  10  41  1  39  20  29  28  15  22  40  37  35  25  11  36  31  7  27  23
   4  30  13  18  29  32  3  38  16  25  17  21  7  40  14  44  41  1  24  22  36  27  8  26  34  19  20  42  35  37  6  31  43  10  5  12  2  23  33  15  11  45  39  9  28
   4  31  17  26  37  40  28  29  25  41  24  45  8  15  34  5  27  33  9  11  3  35  1  43  16  30  21  10  7  19  18  22  6  23  2  39  32  13  42  20  14  38  36  44  12
   4  38  2  27  8  23  1  44  11  14  43  5  26  19  3  7  12  31  37  36  45  39  16  34  35  21  17  6  28  18  9  20  22  42  29  41  33  15  13  30  10  24  40  25  32
   4  40  19  18  1  39  30  16  27  8  6  22  11  32  45  5  25  42  26  41  38  43  28  36  24  20  44  7  29  2  35  15  33  37  14  9  21  3  10  12  13  23  17  31  34
   5  3  41  30  7  28  10  24  14  32  45  29  22  23  38  42  39  26  4  6  9  35  34  44  27  33  40  25  1  13  18  12  20  36  15  11  2  21  16  43  31  17  37  8  19
   5  7  17  36  4  9  20  15  44  23  1  27  24  13  45  12  8  26  3  33  41  31  32  2  29  38  25  19  18  39  43  28  10  30  21  14  6  40  16  22  34  37  35  42  11
   5  9  38  6  22  16  2  7  42  8  41  15  11  20  30  33  25  23  3  37  21  39  14  4  43  24  1  32  45  18  26  27  29  44  35  13  12  34  40  19  36  31  28  10  17
   5  17  4  26  36  27  31  1  8  38  44  18  20  14  33  16  39  19  7  24  25  43  22  12  9  23  21  2  37  29  15  11  32  45  40  3  34  42  41  6  30  35  28  10  13
   5  18  32  17  8  20  37  2  6  33  26  35  30  29  27  43  39  22  1  23  7  40  12  13  45  34  31  25  15  38  41  16  36  14  24  4  42  11  19  21  28  10  44  3  9
   5  26  7  30  2  19  14  18  33  42  41  32  11  37  24  38  39  31  36  25  28  10  8  21  4  12  34  40  13  23  20  44  29  15  35  1  3  45  6  22  16  9  43  27  17
   5  27  40  35  43  32  31  6  29  25  30  42  2  19  33  21  12  45  3  39  24  7  4  22  8  38  17  28  10  34  15  16  14  23  26  36  9  1  41  11  37  44  18  20  13
   5  35  37  27  2  20  18  43  9  3  13  45  41  40  14  23  39  28  10  36  12  17  24  30  38  29  16  1  25  22  26  19  33  4  31  34  7  8  42  11  6  44  21  32  15
   5  36  14  24  39  29  37  11  7  28  10  23  16  38  27  6  18  32  3  4  42  12  44  31  34  15  33  35  40  1  41  25  22  2  8  45  43  20  19  30  13  17  26  21  9
   5  36  17  19  13  21  26  37  32  15  33  24  44  8  12  1  39  9  42  45  41  14  38  31  29  4  18  2  3  28  10  23  30  27  7  6  40  16  22  34  43  20  35  25  11
   6  9  42  16  22  20  1  33  45  35  27  28  30  44  29  12  34  4  19  37  31  38  26  3  7  24  17  13  8  43  25  5  2  11  21  40  15  14  39  23  36  41  32  10  18
   6  11  28  20  21  15  4  23  3  29  14  10  34  31  2  35  25  38  7  5  17  39  1  41  36  19  27  26  32  43  24  44  18  33  37  13  16  45  12  22  9  40  42  30  8
   6  14  17  4  13  1  22  24  29  12  32  10  5  2  33  19  3  40  16  27  34  7  42  8  36  30  20  45  9  26  41  11  15  21  44  25  43  39  38  18  31  23  37  35  28
   6  23  33  15  9  1  43  10  5  8  20  31  39  26  4  22  24  40  37  11  36  16  2  17  38  14  41  45  30  29  12  35  3  42  32  21  19  25  13  18  27  34  7  44  28
   6  43  33  31  27  41  35  23  30  42  29  12  1  5  44  3  19  32  24  9  4  22  28  37  34  8  38  15  17  16  26  2  13  39  25  7  10  18  45  20  21  40  11  36  14
   6  44  4  31  41  30  43  1  13  10  24  18  5  22  29  12  36  32  2  27  3  23  8  38  33  26  16  15  34  25  11  19  17  45  20  21  39  42  7  9  35  40  28  37  14
   7  16  8  33  2  28  15  12  36  37  18  3  42  13  1  5  27  40  29  23  19  10  26  9  17  20  25  35  21  44  39  4  32  38  6  24  22  43  45  11  30  14  34  41  31
   7  32  38  6  27  13  15  43  19  30  14  23  4  44  1  36  16  8  41  24  22  26  34  25  20  21  37  3  10  29  39  35  40  12  2  17  5  28  45  42  9  33  18  11  31
   8  23  21  43  35  9  19  44  45  26  42  3  29  4  36  14  32  38  11  7  2  6  18  15  20  34  1  37  40  31  16  39  27  10  12  5  33  41  25  24  13  30  17  28  22
   8  30  4  31  16  23  25  42  45  28  17  33  6  15  29  37  24  39  5  26  21  9  32  22  1  19  11  12  10  36  41  40  44  38  35  13  43  7  3  14  20  2  34  27  18
   8  31  16  36  43  15  27  24  19  35  18  29  13  1  3  11  26  25  42  28  9  2  44  23  5  45  34  38  14  20  33  6  39  30  40  32  37  17  41  4  7  21  22  12  10
   8  34  15  36  25  9  14  32  31  16  12  44  45  18  21  33  27  38  6  13  30  17  10  26  2  40  42  37  35  4  1  7  43  5  28  41  19  29  20  24  3  23  11  39  22
   9  5  12  35  30  27  44  26  34  20  21  31  37  3  39  23  4  2  29  17  38  13  45  36  40  33  10  15  18  1  19  11  25  24  14  8  42  6  22  41  43  16  28  7  32
   9  13  24  19  17  35  14  15  6  40  16  44  27  39  25  10  4  11  42  45  18  26  1  38  34  23  28  30  12  33  32  41  7  31  3  20  8  22  37  43  36  5  2  29  21
   9  31  3  28  44  7  36  27  24  23  11  21  34  5  35  40  42  10  33  41  37  19  30  22  43  4  45  25  14  15  13  32  18  8  1  16  20  26  38  12  6  39  17  2  29
   10  6  20  21  16  28  30  12  31  9  26  1  38  27  40  14  22  25  41  34  19  13  36  42  11  18  2  45  37  17  4  15  24  3  32  8  35  7  5  39  44  43  29  33  23
   10  6  21  22  15  34  19  26  40  5  31  41  29  8  12  18  45  37  14  32  44  33  20  42  16  13  4  36  7  35  38  43  27  2  1  30  28  23  25  3  39  9  17  11  24
   10  8  13  22  37  17  6  40  33  20  38  32  39  34  9  1  5  36  42  45  26  27  24  44  14  4  18  29  15  28  7  3  25  35  12  11  41  19  2  30  21  23  31  43  16
   10  15  24  42  6  18  17  9  29  43  45  16  4  12  33  20  26  22  1  31  21  2  28  5  27  40  13  37  44  41  11  39  34  3  35  36  25  8  19  23  14  7  38  32  30
   10  26  28  33  20  23  37  18  39  12  27  1  42  13  19  29  30  43  35  44  9  17  40  16  7  41  31  38  24  22  11  4  32  36  15  45  25  3  21  6  2  14  8  5  34
   10  33  20  22  25  13  5  30  41  15  34  19  45  7  21  31  44  37  18  12  17  14  32  23  35  39  8  36  6  2  1  42  43  26  4  40  29  27  11  28  3  9  16  38  24
   10  42  37  22  31  36  3  27  15  19  18  38  29  1  24  35  14  21  13  28  30  11  4  32  26  45  5  34  2  44  8  6  9  39  40  16  33  20  17  25  41  7  43  23  12
   11  20  10  39  26  15  34  22  24  3  1  42  35  31  6  36  21  18  25  2  17  8  28  9  19  5  29  23  27  43  14  40  45  7  13  16  38  37  4  32  44  12  30  41  33
   11  31  17  41  32  44  12  21  29  25  1  7  35  42  40  23  3  34  22  24  8  19  16  20  10  27  26  39  9  30  2  5  45  18  13  38  43  36  28  15  4  14  37  6  33
   11  43  19  24  18  29  44  33  14  23  39  41  16  1  7  8  36  2  25  45  35  13  6  32  27  10  9  5  12  3  21  34  22  20  37  40  4  42  26  30  38  17  31  28  15
   14  36  28  11  4  30  42  26  25  31  18  29  44  1  10  38  40  35  39  20  45  9  32  22  43  16  12  17  15  33  24  21  6  41  8  2  3  19  7  27  34  5  13  37  23
   15  8  4  5  24  14  19  6  18  7  32  13  44  41  35  37  25  20  3  23  21  28  36  39  43  10  1  29  45  22  31  2  16  42  26  12  34  33  11  17  38  30  40  9  27
   15  16  42  26  25  41  19  33  21  38  30  23  2  22  35  18  8  4  9  12  34  36  40  1  10  45  7  13  28  3  31  29  20  6  24  43  37  14  11  44  39  5  32  17  27
   16  15  19  29  3  25  9  23  34  20  39  32  41  21  10  31  43  24  18  1  26  28  44  45  14  6  40  17  7  12  8  36  27  35  13  11  42  2  5  38  33  30  37  4  22
   17  3  28  2  38  36  16  33  14  18  29  5  19  22  10  11  39  23  1  43  7  13  20  32  45  8  31  26  15  6  24  9  25  30  27  35  4  42  44  37  12  41  40  34  21
