   1  4  13  5  11  9  10  6  3  8  12  14  7  2  15
   1  7  10  15  13  14  9  2  6  8  4  3  11  5  12
   1  8  11  13  3  15  12  6  7  5  4  9  2  10  14
   2  5  12  4  10  1  11  13  14  3  8  7  15  9  6
   2  5  12  13  1  10  4  6  3  8  14  9  7  15  11
   2  6  14  15  12  3  1  10  4  9  5  11  13  8  7
   2  7  4  3  9  13  6  14  5  1  11  12  15  10  8
   2  8  9  12  4  14  10  15  13  7  6  3  11  1  5
   2  13  12  5  9  10  4  6  11  8  14  1  15  7  3
   3  6  13  5  11  2  12  14  15  4  9  8  1  10  7
   3  8  1  7  9  13  4  2  5  15  12  11  6  14  10
   3  8  4  1  10  11  6  14  5  9  7  13  15  2  12
   3  11  13  7  14  2  5  1  12  4  9  6  15  10  8
   4  6  13  7  5  11  15  10  2  1  14  3  12  8  9
   4  7  5  12  13  1  9  15  11  8  10  3  2  14  6
   4  7  9  1  12  8  2  6  3  10  15  5  14  13  11
   4  7  14  6  12  3  13  15  1  5  10  9  2  11  8
   4  14  9  11  1  15  3  2  10  13  6  7  12  8  5
   5  9  6  4  14  15  10  1  12  8  11  13  3  2  7
