   1  3  7  15  31  4  9  19  39  20  41  24  49  40  22  45  32  6  13  27  55  52  46  34  10  21  43  28  57  56  54  50  42  26  53  48  38  18  37  16  33  8  17  35  12  25  51  44  30  2  5  11  23  47  36  14  29
   1  8  49  23  17  42  33  22  50  54  14  19  12  11  20  38  25  4  16  24  39  53  51  52  40  36  46  31  7  2  48  9  44  27  57  30  47  3  26  45  37  21  34  56  28  6  32  43  10  13  55  35  41  18  15  5  29
   1  10  43  6  14  4  23  28  30  2  55  17  35  5  47  26  12  25  32  44  48  33  7  41  18  16  52  8  57  9  54  19  22  46  13  40  56  53  42  36  24  39  3  20  51  34  15  21  50  49  45  27  38  31  11  37  29
   1  13  52  40  53  56  42  20  26  6  28  3  24  34  19  16  39  48  37  35  14  15  33  44  18  47  17  7  21  12  27  4  38  11  5  50  54  22  29  45  41  23  31  51  46  30  2  43  10  9  36  55  57  49  8  32  25
   1  15  27  36  20  51  25  10  34  38  6  26  22  28  17  8  31  11  44  42  30  2  57  9  48  7  29  47  37  14  21  24  32  18  33  3  56  35  4  54  41  43  19  55  16  45  50  49  12  13  53  46  40  23  39  52  5
   1  22  31  51  8  44  57  49  14  33  10  9  38  11  27  55  43  34  24  7  46  47  53  50  18  28  39  26  19  21  29  13  56  25  23  12  6  20  32  37  41  48  15  52  16  40  36  54  30  2  5  45  4  42  17  3  35
   1  22  36  19  57  46  52  54  5  25  28  6  16  24  8  56  17  50  3  40  4  39  34  49  7  47  41  14  53  21  55  10  35  26  18  30  2  45  15  11  43  31  48  13  12  9  38  42  29  27  32  33  51  20  44  37  23
   1  24  15  8  49  37  35  36  50  56  28  22  32  19  26  11  53  6  34  38  43  18  33  7  16  52  12  31  23  2  14  25  20  42  39  55  51  17  44  47  5  54  40  4  48  9  46  45  10  27  57  30  13  3  41  21  29
   1  33  50  18  51  37  40  47  46  31  14  36  6  52  41  19  17  48  56  27  20  25  35  39  53  34  55  9  5  32  43  45  29  38  57  12  30  2  54  11  3  28  15  49  26  21  22  4  42  8  24  44  23  13  10  16  7
   1  47  12  16  35  9  14  39  29  22  42  13  56  51  50  19  17  3  41  7  48  24  26  44  57  8  15  11  25  46  27  55  23  45  4  37  38  32  43  40  31  10  18  54  36  28  34  49  33  20  30  2  5  21  52  6  53
   2  1  43  9  48  27  13  31  4  44  55  20  7  53  47  19  17  25  16  12  38  33  45  49  18  39  6  56  41  57  8  42  22  54  51  40  46  21  26  36  29  32  3  10  23  37  15  5  24  52  35  50  14  34  11  28  30
   2  9  17  3  28  8  23  45  1  21  31  4  5  55  29  14  26  47  22  11  41  37  50  38  20  18  12  16  39  7  52  49  42  51  54  32  27  46  48  6  34  13  19  36  35  25  43  24  53  30  57  33  44  10  15  56  40
   2  20  30  57  13  42  34  24  33  54  26  22  29  31  4  5  46  3  11  15  21  32  10  8  45  27  47  23  51  18  37  12  25  41  38  55  39  28  19  6  44  56  50  14  7  53  52  17  49  35  40  43  9  48  16  1  36
   2  21  46  22  15  33  28  39  43  9  48  11  31  4  6  16  54  10  51  8  7  53  44  49  3  20  23  30  27  19  1  45  17  52  36  34  35  25  57  5  38  47  26  13  29  56  24  32  55  40  18  12  41  37  50  14  42
   2  26  37  44  8  35  13  16  7  36  21  23  9  54  43  5  22  38  14  40  55  48  52  33  34  1  20  25  15  24  18  56  30  28  46  41  47  31  4  27  10  50  29  39  51  6  3  17  45  53  49  12  42  19  11  57  32
   2  27  32  20  55  46  24  41  37  50  29  26  30  22  8  28  52  33  49  57  9  39  40  16  3  15  13  6  35  25  51  14  21  53  38  56  45  54  7  10  48  43  42  17  44  1  23  5  11  34  36  19  47  31  4  18  12
   2  32  20  39  3  37  6  54  55  25  57  5  46  27  36  41  8  50  35  38  51  48  16  33  47  12  23  9  1  30  7  17  15  22  26  21  45  53  13  49  28  24  40  52  34  14  29  18  11  31  4  56  43  42  44  19  10
   2  38  47  10  52  6  26  43  49  35  39  50  25  13  20  12  34  14  19  56  37  32  8  40  9  28  18  1  11  36  30  17  33  41  44  45  27  23  21  51  48  3  46  16  5  7  31  4  53  24  42  57  22  15  29  55  54
   2  45  29  7  18  15  8  46  17  56  57  11  41  50  6  13  34  47  33  3  1  21  36  23  27  35  14  40  9  43  20  44  39  38  54  42  25  30  5  22  12  52  48  37  31  4  53  55  19  51  16  26  32  24  49  10  28
   2  50  15  56  44  51  35  30  57  7  43  18  53  19  10  13  24  11  8  47  27  37  29  34  54  9  46  39  33  48  6  36  32  21  25  42  41  12  40  52  16  14  20  38  23  55  31  4  5  45  1  26  28  49  17  3  22
   2  50  18  34  52  9  29  7  39  56  57  23  27  35  26  32  46  11  33  3  1  43  54  47  19  40  36  45  21  48  42  49  31  4  14  6  25  30  5  44  24  13  10  22  17  16  53  55  41  12  37  20  8  51  38  15  28
   2  53  49  15  50  34  37  41  11  32  45  5  39  14  44  54  12  10  30  38  9  46  55  23  24  56  48  36  3  51  20  43  26  40  29  35  13  57  6  1  18  17  22  7  47  28  25  27  21  8  19  31  4  42  33  52  16
   2  56  51  10  28  42  41  46  48  39  1  45  17  20  35  6  29  14  52  13  34  22  15  50  44  26  16  27  53  54  12  49  36  11  3  37  18  24  32  21  5  9  7  19  43  40  23  30  8  33  55  25  38  47  57  31  4
   3  8  35  37  24  16  55  31  42  41  30  27  56  33  23  49  13  44  14  21  22  25  43  34  54  26  1  20  57  5  29  39  52  17  11  36  18  2  38  53  7  28  45  40  48  4  50  46  32  6  15  19  12  10  51  9  47
   3  8  50  1  55  33  20  48  14  24  54  31  34  32  6  19  45  44  13  15  35  39  46  38  21  36  9  42  23  5  51  41  47  27  56  12  29  30  49  43  7  2  10  57  22  40  26  17  28  25  18  52  37  4  16  53  11
   3  8  50  57  55  22  40  46  15  17  26  18  48  14  24  52  51  34  9  4  12  1  44  31  21  25  7  42  43  5  49  30  47  20  54  32  6  19  45  33  13  35  28  39  36  27  56  10  29  23  38  41  37  2  16  53  11
   3  25  36  38  47  30  26  49  34  31  44  32  6  5  8  48  23  17  45  24  29  56  10  39  55  27  35  33  1  22  13  52  11  42  2  37  57  41  51  12  7  21  28  14  4  19  20  54  46  50  16  9  15  53  40  18  43
   3  25  36  48  47  27  42  1  29  8  10  39  52  37  34  57  51  9  7  21  28  14  20  16  55  24  45  33  17  22  23  49  11  19  12  53  56  38  13  4  35  30  54  46  50  26  44  31  41  2  32  6  15  5  40  18  43
   3  30  13  18  42  12  11  26  32  6  49  51  47  15  25  20  36  17  38  16  28  41  21  7  54  48  40  24  55  27  46  57  8  22  39  4  52  43  10  50  14  1  9  2  37  44  45  5  34  31  19  23  56  35  33  53  29
   3  34  6  18  37  54  9  10  21  17  40  19  57  52  12  4  13  56  24  30  20  45  43  36  22  44  2  26  55  31  15  51  7  14  16  49  1  53  27  42  33  41  23  28  48  11  46  50  39  38  25  8  47  35  5  32  29
   3  34  52  43  37  53  2  15  36  33  42  50  38  27  13  19  49  17  29  56  32  6  47  57  44  26  45  20  35  31  9  1  30  54  55  25  4  39  23  22  7  46  51  18  40  5  8  10  24  14  12  16  11  28  48  41  21
   3  39  40  4  43  52  10  2  20  18  26  9  14  44  57  48  1  28  53  47  42  45  41  16  54  25  51  21  5  36  23  12  56  33  15  34  46  8  29  19  7  11  35  37  22  32  6  13  30  27  50  49  55  31  24  38  17
   3  40  54  47  43  52  2  20  18  10  26  9  36  21  23  12  51  13  48  34  46  30  41  8  29  11  35  22  27  37  7  56  31  25  15  19  50  53  24  4  57  33  1  14  44  32  6  5  28  45  42  49  55  16  38  39  17
   3  41  34  54  37  53  4  25  22  35  42  50  18  40  7  57  51  28  52  23  2  17  47  1  43  44  49  27  15  38  13  19  29  56  55  36  32  6  46  33  9  26  45  31  20  5  8  12  10  24  14  16  11  39  30  48  21
   3  45  23  50  2  37  17  30  44  56  18  20  8  26  51  24  35  33  16  10  32  6  55  27  28  21  29  25  53  42  5  14  38  54  41  9  52  47  12  46  7  13  57  49  48  19  34  31  36  39  43  22  4  11  1  40  15
   3  50  27  37  7  38  4  47  36  10  29  31  25  43  48  33  19  2  53  18  5  44  45  42  51  24  46  39  1  56  9  32  22  52  21  55  12  23  49  30  28  34  16  11  26  40  57  6  41  54  15  14  17  8  35  13  20
   4  6  40  49  35  45  12  50  23  21  27  39  34  25  14  53  16  42  41  18  15  38  32  37  7  24  17  47  31  2  43  5  1  44  52  13  3  19  55  11  56  48  22  46  10  28  29  36  51  33  8  54  57  26  30  9  20
   4  13  34  44  1  37  56  49  57  47  38  51  33  8  12  32  50  20  15  16  43  19  30  11  35  40  17  2  25  9  31  3  5  46  14  10  41  21  27  39  18  7  52  55  29  54  48  6  23  22  36  24  53  45  42  28  26
   4  18  7  20  46  12  52  57  11  41  49  42  21  55  40  24  10  28  9  54  45  6  16  22  47  56  36  31  51  14  2  5  37  53  30  3  25  17  13  15  38  35  34  32  39  43  33  8  19  48  26  27  44  1  29  23  50
   4  19  11  1  42  10  45  53  51  6  3  39  49  28  30  50  24  20  2  18  47  34  23  17  48  54  38  14  35  15  40  57  52  22  29  41  55  27  12  31  36  5  44  43  7  56  21  25  13  16  9  33  8  26  37  46  32
   4  25  6  40  23  34  48  53  45  42  29  52  2  44  16  56  46  37  11  27  47  49  22  32  35  1  55  12  41  21  15  28  13  19  18  54  3  50  43  20  38  57  26  5  30  31  17  39  51  10  14  9  7  33  8  36  24
   4  40  2  27  55  26  10  48  37  50  52  44  29  33  8  39  34  35  51  1  13  6  20  16  3  25  7  17  15  36  45  24  21  53  18  23  49  56  9  12  30  54  42  28  43  19  46  5  11  41  22  57  47  38  32  31  14
   4  43  5  39  21  34  41  13  7  31  53  24  22  30  57  8  27  10  19  42  9  23  26  14  3  47  48  44  1  55  16  54  20  38  25  18  46  52  28  6  35  37  29  2  51  32  49  40  17  50  36  33  45  56  12  11  15
   4  52  45  30  16  41  55  32  43  14  13  17  47  50  57  39  44  18  28  22  23  38  46  37  10  31  40  21  1  48  36  54  2  56  34  53  7  33  8  25  20  42  29  49  15  12  35  5  3  19  11  24  26  9  51  27  6
   4  54  15  20  56  26  53  34  38  49  31  3  5  40  41  12  29  28  46  55  10  44  1  42  30  52  32  25  19  50  24  11  14  51  35  45  36  48  6  13  39  47  43  9  57  22  17  2  16  37  23  21  18  7  27  33  8
   5  3  2  22  1  45  12  21  29  52  36  7  48  23  18  37  27  15  31  35  8  4  14  46  53  40  17  55  9  56  19  43  57  51  20  11  16  44  41  26  39  50  32  38  6  24  54  13  49  42  34  10  25  47  28  30  33
   5  3  2  44  1  50  24  43  18  13  54  34  10  47  52  22  19  9  17  40  29  16  36  7  53  45  39  55  21  56  41  48  57  12  42  23  37  49  27  20  31  35  8  4  26  51  14  32  38  6  46  15  25  11  28  30  33
   5  7  28  26  33  48  36  42  14  30  24  15  4  54  37  22  21  8  11  1  12  17  49  46  32  3  27  35  47  2  19  20  16  55  25  18  38  52  29  51  31  57  39  23  56  34  10  41  50  45  6  43  53  13  40  44  9
   5  11  37  47  45  2  9  17  56  44  26  51  46  24  21  7  27  1  20  38  34  10  53  12  50  54  18  55  13  6  36  23  28  57  49  15  48  3  52  42  19  8  31  43  16  30  14  41  4  32  33  35  29  40  39  22  25
   5  18  10  30  23  32  15  36  35  9  28  51  37  48  20  26  41  16  40  50  14  17  33  2  56  54  42  24  53  13  25  27  31  4  46  43  21  11  45  12  55  49  19  8  22  57  38  6  7  44  3  52  1  39  47  34  29
   5  18  48  33  23  11  42  25  2  55  12  6  44  45  41  51  43  9  29  16  34  10  1  37  54  24  17  14  39  13  15  21  50  32  53  3  26  7  19  56  31  38  27  30  28  47  52  36  40  4  20  46  57  8  22  49  35
   5  35  38  56  46  45  39  3  23  25  37  50  10  6  41  15  36  44  33  26  43  27  49  4  29  2  17  48  57  52  22  19  1  11  12  18  54  34  32  20  7  47  51  16  42  21  13  24  31  14  30  8  53  28  55  40  9
   5  49  18  32  23  11  26  3  56  39  12  6  30  28  31  37  27  8  48  19  42  9  1  21  33  54  43  45  25  44  41  51  29  16  53  2  34  10  38  55  15  24  17  13  14  47  52  20  36  40  4  46  57  7  50  22  35
   5  50  41  30  12  20  57  24  34  10  43  27  1  25  3  14  2  9  44  46  8  49  35  31  32  22  28  40  53  45  38  37  52  56  7  26  48  33  36  6  4  21  15  42  23  54  17  47  18  13  51  19  16  39  55  11  29
   6  2  32  55  39  10  44  14  41  46  20  8  29  35  12  15  22  9  33  45  5  38  30  24  19  23  25  11  37  54  53  36  17  7  56  49  1  26  57  18  16  52  34  42  21  43  40  51  31  47  4  13  27  28  48  3  50
   6  3  13  27  28  23  39  35  12  16  49  2  21  43  25  57  51  17  48  36  56  41  19  31  54  1  18  52  7  55  24  10  8  46  37  4  22  5  20  50  29  38  9  30  11  53  45  15  14  40  47  34  42  44  33  26  32
   6  5  22  8  45  41  26  1  13  27  28  33  35  12  18  48  46  30  37  24  21  43  16  31  9  2  11  32  23  57  3  19  51  40  50  44  47  17  55  15  56  25  20  39  29  52  14  38  49  4  54  36  7  53  34  42  10
   6  19  29  21  54  45  24  22  51  52  55  33  7  34  18  39  44  25  41  9  3  5  50  11  23  47  42  4  27  13  2  16  1  56  46  10  17  32  15  8  36  40  28  53  35  12  43  49  57  37  48  20  38  14  31  30  26
   6  23  38  2  49  22  14  7  53  34  29  20  32  8  24  26  40  41  31  55  27  1  4  48  9  45  39  18  47  17  37  42  5  43  56  52  19  46  21  30  28  13  10  51  16  3  11  15  33  44  50  57  25  35  12  54  36
   6  34  45  52  16  37  47  32  55  21  13  54  43  57  30  39  14  33  24  25  23  53  29  44  46  27  22  1  41  28  18  50  38  5  17  10  7  36  4  40  48  42  2  56  11  49  35  12  15  19  3  20  26  31  51  9  8
   6  34  54  44  40  27  29  21  1  52  55  11  23  47  20  38  22  33  41  9  3  13  46  25  57  4  50  19  5  28  10  31  35  12  42  18  17  32  15  16  14  39  30  8  51  48  43  49  7  36  53  2  24  37  56  45  26
   6  43  31  45  34  44  53  7  33  38  19  15  1  42  16  46  36  30  32  56  27  22  49  11  14  52  28  50  9  37  2  13  20  4  29  47  39  55  18  3  54  51  8  21  25  26  17  23  5  24  57  35  12  10  41  40  48
   6  52  37  30  26  10  7  22  28  1  3  19  51  2  47  18  29  42  40  39  44  8  45  34  16  20  48  23  43  46  36  31  50  33  9  53  54  14  38  5  15  27  21  57  13  4  11  32  24  41  49  17  56  25  55  35  12
   6  55  4  13  10  54  39  44  15  47  1  20  43  42  56  9  30  26  57  52  53  22  32  34  17  25  38  2  19  49  16  50  31  37  24  3  23  11  5  21  14  40  18  51  41  7  35  12  27  45  29  33  36  28  8  48  46
   6  56  25  30  40  18  20  13  31  47  1  34  17  39  2  36  44  42  57  52  53  38  24  4  27  26  54  3  33  50  32  51  41  7  16  19  23  11  5  37  28  9  22  48  15  21  35  12  43  14  10  55  8  45  29  49  46
   7  2  14  42  9  10  21  4  49  1  16  25  17  44  28  48  11  34  56  12  8  47  23  26  32  6  24  22  51  53  35  3  55  52  18  37  41  27  5  40  19  57  15  46  54  45  30  20  33  50  39  38  13  43  31  36  29
   7  4  39  24  22  6  55  34  43  56  42  48  37  8  12  44  5  47  29  3  31  19  41  40  32  27  46  21  57  50  53  18  33  35  51  2  23  14  1  15  9  20  49  45  13  52  10  28  54  26  38  16  17  25  30  11  36
   7  10  48  18  51  56  21  30  26  54  35  50  4  31  19  44  46  32  12  34  57  14  20  37  36  43  53  42  1  52  49  11  41  8  3  38  29  33  5  24  9  55  28  40  15  13  27  47  25  2  45  39  22  23  16  6  17
   7  12  11  42  40  28  45  22  36  14  37  3  13  35  39  8  26  1  50  18  46  57  49  55  10  54  16  56  51  5  30  17  38  32  33  48  44  23  4  20  52  41  21  24  9  6  47  31  2  53  25  15  34  43  19  27  29
   7  27  17  31  5  26  1  47  32  50  48  25  18  22  41  33  3  13  28  30  36  14  51  40  12  6  2  19  53  20  4  9  16  45  57  21  44  39  38  24  15  46  55  37  34  42  8  11  52  10  23  49  29  56  43  54  35
   7  38  20  41  51  19  8  54  52  56  10  53  2  36  14  25  47  6  11  35  43  33  30  50  49  26  21  40  15  31  3  57  13  5  34  28  29  12  37  23  55  24  4  17  32  16  22  1  46  39  42  44  9  48  18  27  45
   7  38  43  9  56  18  51  53  40  57  12  5  34  19  15  37  11  6  52  49  32  39  23  2  10  22  41  8  17  31  29  33  44  1  45  26  42  24  50  27  55  46  47  16  54  48  20  30  36  14  35  25  28  4  3  21  13
   7  39  26  50  13  12  22  37  2  53  6  36  14  31  38  54  15  1  47  56  29  34  4  33  51  5  43  19  41  32  11  44  45  40  24  9  17  57  3  28  55  49  46  52  48  25  8  10  30  20  18  21  35  27  16  42  23
   7  39  26  54  13  5  40  41  29  38  4  33  44  9  2  17  3  21  55  49  46  52  8  18  51  56  47  19  1  32  15  37  45  25  28  27  34  50  11  48  43  12  10  30  20  22  6  53  57  24  36  14  35  31  16  42  23
   7  47  15  20  24  9  1  12  6  34  42  8  38  22  3  56  43  19  18  4  36  14  51  5  46  49  29  39  27  40  31  52  50  10  57  21  44  13  28  30  55  11  17  37  54  25  2  53  26  33  23  32  48  45  41  16  35
   7  47  25  15  28  31  1  48  43  12  19  10  54  18  4  23  41  14  11  37  33  49  16  38  3  44  56  5  57  46  6  42  21  55  40  45  20  24  52  35  17  32  9  26  36  30  2  8  22  53  51  39  50  13  34  27  29
   8  7  39  41  54  32  5  35  33  55  37  16  49  17  29  56  46  43  30  15  19  3  26  36  22  14  48  6  11  57  34  51  52  1  42  12  21  10  18  24  20  23  47  28  53  13  27  38  9  4  25  45  2  40  31  50  44
   8  12  22  11  41  3  24  42  17  13  25  49  10  21  28  19  32  26  53  36  1  18  6  45  43  48  5  7  33  4  57  39  31  30  46  55  35  9  23  51  54  38  44  34  20  56  29  14  15  37  16  50  27  52  2  47  40
   8  21  12  22  17  10  38  19  3  26  29  46  4  30  32  54  34  45  51  25  7  11  44  6  41  31  23  24  53  13  1  56  55  9  36  50  35  42  57  40  18  27  52  39  2  33  5  49  15  20  28  47  43  37  16  14  48
   8  22  4  25  23  52  20  38  45  42  46  30  29  37  16  49  10  41  15  31  55  12  40  32  35  21  43  5  1  14  3  48  13  19  36  17  11  54  47  24  2  50  26  56  57  9  34  39  51  53  44  27  7  18  6  33  28
   8  25  44  27  52  14  23  20  49  53  11  46  9  56  36  41  40  54  47  50  3  10  4  26  13  43  12  22  35  17  2  28  51  1  32  33  21  5  55  57  38  34  24  39  45  19  37  16  7  31  29  15  48  18  30  6  42
   8  36  43  40  34  24  46  27  51  53  11  26  13  23  22  48  20  56  47  50  3  12  32  44  7  54  14  33  15  28  4  39  45  19  2  35  21  5  55  1  18  41  10  6  49  57  37  16  9  38  52  25  30  31  29  17  42
   8  46  3  2  32  53  23  6  57  28  55  5  7  42  27  49  30  36  56  44  17  18  34  45  20  33  22  13  31  38  14  50  4  54  10  19  43  37  16  21  40  26  29  11  1  24  41  39  35  9  51  48  52  47  15  25  12
   9  17  50  28  25  23  10  3  29  24  30  1  40  53  44  55  37  27  21  5  26  42  2  48  49  14  19  41  51  8  11  31  33  57  36  43  52  56  39  12  47  32  46  22  34  20  16  35  7  6  38  18  45  15  4  54  13
   9  17  50  56  25  32  20  31  44  35  16  38  18  15  24  28  11  51  19  14  29  52  30  1  49  23  47  41  3  8  39  40  33  10  6  53  55  7  37  36  21  5  26  42  12  57  2  46  22  34  48  27  45  43  4  54  13
   9  24  34  3  49  41  2  28  42  14  46  35  44  38  18  57  19  16  39  45  47  1  22  56  5  50  27  10  11  15  37  7  25  23  52  36  29  32  31  13  21  6  30  55  8  4  20  51  26  17  54  40  53  12  48  43  33
   9  24  34  55  49  8  4  22  45  51  20  54  28  42  14  40  37  44  27  12  36  3  16  35  5  17  21  10  13  15  31  32  25  2  46  38  18  57  19  41  39  47  26  1  50  23  52  30  29  11  56  7  53  6  48  43  33
   9  37  21  47  49  31  16  33  57  18  15  42  35  39  3  32  7  55  36  30  25  11  19  6  5  14  51  13  1  50  22  38  12  10  28  43  26  2  41  44  17  24  20  56  27  52  4  23  29  34  48  40  53  54  45  8  46
   9  43  55  15  23  50  51  19  8  56  12  57  48  20  3  1  37  25  36  22  38  18  49  10  32  16  44  41  35  34  30  53  4  33  7  27  40  17  24  6  11  26  21  31  52  54  2  39  42  46  13  5  29  14  47  28  45
   10  16  3  50  28  30  14  41  13  1  21  18  9  7  42  2  54  12  37  48  11  44  40  26  45  24  32  5  55  6  34  27  49  31  46  51  19  57  47  23  8  15  56  22  25  35  39  20  33  4  36  53  52  17  29  43  38
   10  18  32  54  28  45  29  35  21  48  53  57  19  1  14  44  56  55  49  15  5  41  38  3  37  26  6  51  47  8  36  13  39  20  12  30  9  34  25  46  4  7  50  52  27  22  33  43  31  2  11  42  40  23  16  17  24
   10  33  13  17  18  54  11  31  55  44  51  25  21  12  46  38  2  50  34  16  45  56  43  57  4  48  8  6  15  23  42  41  14  26  29  1  7  53  30  5  32  27  52  35  3  24  9  19  47  40  37  39  20  36  49  28  22
   10  47  56  52  17  49  24  21  41  45  8  55  39  20  30  22  38  50  23  40  35  33  46  13  15  42  57  34  19  37  5  51  27  28  6  54  1  9  53  25  16  3  14  7  29  48  4  44  43  26  32  2  31  11  18  12  36
   10  48  23  50  24  36  31  56  8  21  5  51  27  42  1  30  29  12  28  7  54  52  17  18  46  14  22  19  33  38  2  13  6  55  15  11  32  4  44  47  25  45  35  37  41  26  57  34  40  49  43  9  16  3  53  39  20
   10  51  29  35  32  17  40  56  27  48  53  55  31  18  30  7  54  3  49  15  5  47  6  57  19  1  12  26  45  41  42  46  21  16  38  36  9  34  25  52  2  28  8  11  39  20  33  43  37  23  22  14  44  4  13  50  24
   10  53  26  41  36  32  7  54  25  1  21  14  33  12  16  15  50  24  37  48  11  56  34  18  9  3  44  42  51  43  46  6  13  23  40  5  19  57  47  35  4  28  30  27  49  31  39  20  45  17  29  55  2  8  52  22  38
   11  10  51  39  30  20  47  17  38  15  52  41  12  5  7  25  9  26  32  19  42  53  3  28  24  18  23  54  35  57  29  27  36  43  21  16  8  46  4  1  45  6  49  50  2  34  48  14  40  22  55  31  44  56  13  33  37
   11  12  45  6  29  27  47  28  18  25  34  48  14  5  9  36  13  44  2  57  42  53  3  39  10  31  46  56  15  1  52  40  22  54  21  16  8  26  32  19  49  17  51  50  4  41  30  24  20  33  55  38  43  23  7  35  37
   11  27  50  34  3  36  56  46  54  8  18  33  32  26  35  2  23  6  1  37  38  49  15  20  24  53  13  19  57  16  7  44  12  5  55  28  14  10  29  31  45  21  51  39  42  40  22  9  52  41  48  25  47  17  30  4  43
   12  4  6  23  49  20  30  28  53  34  40  16  29  41  24  1  44  47  37  3  39  18  2  48  9  17  21  51  45  50  19  14  5  43  54  11  31  52  27  36  32  46  10  26  13  57  22  15  33  7  8  55  25  56  38  35  42
   12  39  44  16  3  53  52  31  55  25  56  37  41  24  36  38  34  2  45  48  13  57  32  33  47  4  51  6  17  27  35  9  15  22  42  30  7  5  23  1  54  21  40  49  29  46  28  18  11  8  50  14  43  19  10  26  20
   12  46  45  2  52  20  43  44  56  31  35  9  15  4  7  36  29  26  22  49  30  16  3  10  32  40  38  17  57  34  14  33  42  37  47  19  50  28  18  39  1  25  13  27  55  8  51  6  48  53  11  5  54  21  23  41  24
   13  12  26  20  25  2  39  24  33  35  38  5  15  32  52  56  37  30  46  14  48  21  51  40  18  36  28  16  45  57  7  47  11  22  50  19  43  17  1  8  27  23  3  44  34  9  6  4  53  10  31  54  49  55  41  42  29
   13  12  32  51  25  17  28  7  40  27  8  4  10  1  37  5  19  35  29  30  42  26  49  15  36  16  21  48  55  57  39  43  14  2  45  31  56  53  3  18  11  6  47  20  38  41  54  24  46  22  52  50  9  44  34  23  33
   13  23  12  2  25  17  56  31  18  55  8  4  20  38  11  15  47  44  32  3  28  35  49  43  51  36  19  1  7  10  37  5  29  30  45  40  42  26  6  27  39  16  21  57  48  41  54  52  24  46  22  50  9  53  14  34  33
   13  38  2  49  51  32  28  48  20  24  16  39  40  33  3  52  47  37  34  12  6  14  23  54  29  9  55  18  1  25  11  30  57  31  7  5  4  17  46  56  15  27  43  22  36  42  26  41  44  21  8  19  45  50  10  53  35
   14  2  10  6  16  5  29  49  41  44  51  45  15  13  8  50  32  19  57  21  7  11  30  39  17  48  20  25  31  46  4  53  43  28  40  42  1  36  35  18  52  33  12  38  3  54  23  37  55  26  27  24  56  9  34  47  22
   14  2  47  44  18  9  13  36  51  49  11  10  23  17  12  33  52  19  56  39  15  27  29  6  30  5  32  41  57  46  42  20  50  31  1  4  55  26  48  16  54  40  24  34  45  37  43  28  35  25  7  8  22  53  3  21  38
   14  7  11  5  46  15  33  43  28  18  37  24  49  23  39  17  3  1  54  26  34  57  25  53  10  41  42  44  55  51  56  4  38  30  9  48  32  31  8  20  29  50  21  12  45  27  47  35  52  16  13  2  40  6  19  22  36
   14  15  50  24  37  32  52  55  27  2  29  8  36  38  56  22  16  57  53  51  5  41  48  54  21  47  33  42  13  1  9  40  31  23  34  44  25  30  49  12  46  11  4  3  18  7  45  35  19  6  20  17  39  43  28  10  26
   14  25  29  49  10  47  56  32  3  44  51  19  55  2  42  33  6  39  57  21  7  31  20  45  15  13  40  48  5  11  24  18  41  34  30  4  1  36  35  38  26  16  46  27  43  28  23  37  17  9  54  8  50  52  53  12  22
   15  9  6  8  3  19  36  5  29  40  50  21  28  11  54  53  23  45  35  47  24  12  42  22  43  4  51  49  27  52  57  13  55  37  2  33  48  16  7  20  1  34  38  56  18  14  46  39  31  10  44  30  17  25  26  32  41
   15  9  6  16  3  34  14  13  54  39  46  44  30  25  40  8  57  27  51  4  29  48  50  21  43  19  1  49  5  52  7  28  55  36  10  11  53  31  23  2  35  47  24  12  20  37  42  38  56  18  22  45  17  33  26  32  41
   15  21  26  20  41  28  50  10  42  32  14  45  12  46  53  8  5  24  33  3  36  51  31  22  38  9  23  47  25  6  57  2  48  49  17  54  56  40  29  37  35  55  1  11  52  44  30  7  34  19  18  13  43  39  4  16  27
   16  43  49  53  50  6  39  41  37  23  45  32  11  5  29  54  34  57  2  1  9  35  52  14  44  28  38  12  51  27  10  15  46  31  26  24  13  20  36  48  40  17  7  56  19  55  25  18  47  8  21  3  4  22  33  42  30
   17  14  16  15  31  24  50  36  44  18  12  51  30  3  53  10  57  35  40  38  48  54  39  26  29  43  5  28  37  55  1  8  21  45  27  11  32  49  20  42  33  13  25  2  56  46  34  9  4  23  6  7  41  52  22  47  19
   17  28  49  14  33  21  41  47  37  34  39  11  38  52  9  2  53  27  31  44  42  6  7  25  54  45  1  35  57  40  29  8  43  24  36  16  10  20  23  18  46  19  5  48  55  4  30  26  13  15  51  50  32  3  12  56  22
   17  38  34  44  55  16  51  18  3  19  14  11  33  24  10  42  35  8  20  54  36  23  31  30  28  56  50  12  41  21  27  57  1  2  52  7  25  49  37  6  13  39  53  4  40  43  48  32  47  22  45  26  15  5  9  46  29
   17  45  30  40  15  37  6  25  29  26  18  47  24  55  38  33  57  51  1  3  4  2  36  52  41  20  23  13  19  28  53  7  43  11  10  49  8  22  35  42  5  54  16  48  32  12  56  21  39  50  46  34  27  9  14  44  31
   18  56  6  3  27  43  54  22  31  51  49  45  8  11  34  21  14  44  25  52  53  26  28  7  17  50  33  23  9  38  5  37  19  24  2  15  57  13  1  35  20  42  12  4  16  10  29  46  41  47  36  40  39  30  48  55  32
   19  12  46  13  39  4  2  40  37  11  10  56  14  50  36  20  33  22  57  6  18  45  8  3  17  23  25  34  21  51  1  16  27  30  52  48  38  43  53  35  5  9  42  15  54  55  26  44  29  49  28  47  41  32  24  7  31
   23  13  40  47  53  33  15  48  45  26  52  30  2  24  7  51  43  32  25  41  28  31  1  14  19  10  56  21  57  12  22  18  6  37  35  49  34  42  54  3  20  38  17  46  9  44  4  8  36  55  16  11  5  39  50  27  29
   23  44  17  18  42  28  46  6  49  19  7  14  5  25  33  48  54  21  55  45  41  4  1  47  30  35  37  26  57  34  13  40  39  15  29  11  51  8  38  50  43  52  32  24  9  3  36  2  12  16  53  56  10  27  22  20  31
