   1  3  7  15  31  63  26  53  6  13  27  55  10  21  43  87  74  48  97  94  88  76  52  4  9  19  39  79  58  16  33  67  34  69  38  77  54  8  17  35  71  42  85  70  40  81  62  24  49  99  98  96  92  84  68  36  73  46  93  86  72  44  89  78  56  12  25  51  2  5  11  23  47  95  90  80  60  20  41  83  66  32  65  30  61  22  45  91  82  64  28  57  14  29  59  18  37  75  50
   1  3  67  78  27  28  40  24  66  56  53  14  6  71  97  93  8  79  7  89  68  73  12  90  88  91  21  81  50  74  80  23  95  26  92  44  38  48  11  43  42  17  98  72  34  70  4  37  83  51  2  75  61  46  29  86  31  69  13  33  20  76  85  10  77  30  18  65  41  54  49  99  58  47  63  84  25  5  19  59  96  87  35  39  62  55  9  36  94  16  45  22  57  64  82  52  60  15  32
   1  5  88  44  98  8  6  34  74  52  17  92  86  85  24  33  65  89  60  73  50  35  87  48  36  9  64  53  96  38  29  55  76  10  59  70  82  72  91  51  2  43  80  42  69  62  49  25  47  97  4  39  20  90  54  84  79  99  15  21  18  56  23  68  14  22  45  81  12  78  93  7  75  77  61  30  26  31  3  83  27  13  46  71  19  37  95  58  40  32  11  28  57  16  63  66  67  41  94
   1  15  67  7  61  17  86  96  34  82  16  49  38  79  26  48  28  71  74  69  73  10  23  39  84  47  29  54  80  88  55  12  13  68  97  41  6  18  53  77  58  4  76  46  66  65  57  30  83  43  14  92  50  89  21  32  93  52  37  87  94  90  9  75  62  64  40  70  44  8  31  36  42  91  59  45  60  78  72  99  35  63  51  2  11  95  85  27  25  22  5  98  19  81  56  33  24  3  20
   1  26  76  44  52  56  14  33  38  74  60  90  62  5  87  63  53  55  86  83  58  84  8  97  3  43  50  66  35  36  78  10  45  99  54  19  92  71  41  79  40  6  20  16  57  77  21  12  72  31  25  18  80  89  22  34  91  30  17  9  24  7  81  61  49  47  46  64  85  96  48  32  69  15  28  75  39  68  95  73  29  51  2  65  42  13  23  4  27  94  11  59  93  88  37  82  67  70  98
   1  28  40  24  74  31  35  75  48  76  93  41  60  30  12  58  38  37  33  99  63  19  49  46  68  4  85  3  61  94  71  64  25  70  17  79  21  53  45  13  50  15  98  84  47  67  78  54  56  11  27  96  91  51  2  10  95  83  89  23  26  5  44  73  82  6  32  42  20  14  52  65  18  8  43  92  66  7  22  29  34  9  81  72  97  86  87  39  62  16  59  57  88  55  69  90  77  36  80
   1  33  94  11  21  59  40  85  39  44  4  75  88  36  73  56  60  45  67  61  5  24  55  22  87  30  92  64  37  26  49  51  2  79  38  14  29  35  9  7  97  63  89  10  18  70  62  76  31  99  32  78  65  74  23  16  96  71  6  17  20  47  42  28  53  95  19  69  68  46  58  86  15  54  12  48  82  52  34  91  98  77  93  90  8  72  25  13  43  84  80  27  83  3  66  57  41  81  50
   1  41  15  24  93  10  25  12  44  52  56  91  66  82  9  28  53  55  22  13  60  89  37  70  71  35  20  8  19  58  14  75  45  99  54  84  80  43  50  31  34  92  86  63  94  76  36  77  87  67  40  83  95  88  59  81  57  16  11  61  33  79  69  26  49  47  46  29  21  18  32  74  39  7  96  48  68  73  97  3  65  51  2  30  64  90  27  5  23  72  17  38  4  42  78  62  6  85  98
   1  48  33  74  57  39  9  90  25  34  35  4  54  97  62  17  41  86  40  53  46  30  87  59  8  5  80  99  58  56  18  32  3  23  89  84  20  11  38  49  78  31  79  43  42  68  45  52  60  91  47  26  6  16  77  65  88  27  61  19  95  55  51  2  94  15  82  98  71  96  85  13  81  93  83  21  36  66  69  63  37  70  12  75  7  29  73  10  28  14  92  44  50  67  72  76  22  24  64
   2  3  61  78  29  28  31  24  13  56  20  14  85  71  77  93  18  79  41  89  49  73  58  90  63  91  25  81  19  74  96  23  35  26  62  44  9  48  94  43  45  17  57  72  82  70  60  37  32  51  1  75  67  46  27  86  40  69  66  33  53  76  6  10  97  30  8  65  7  54  68  99  12  47  88  84  21  5  50  59  80  87  95  39  92  55  38  36  11  16  42  22  98  64  34  52  4  15  83
   2  8  26  80  40  21  65  96  88  64  93  79  37  12  38  15  47  42  27  83  49  48  45  36  9  29  89  67  1  5  17  53  60  81  43  30  92  76  28  86  58  75  25  77  31  95  85  55  66  99  97  91  73  19  59  78  34  3  11  35  6  20  62  87  61  84  52  57  72  16  50  51  54  63  90  70  10  32  98  94  82  46  39  18  56  69  7  23  71  13  41  24  74  22  68  4  14  44  33
   2  13  87  23  98  67  27  8  5  66  60  88  84  41  91  38  50  70  93  97  75  9  58  44  52  4  28  76  82  24  16  81  72  51  78  17  39  12  42  61  32  34  55  99  83  37  69  36  74  29  11  10  80  85  68  21  14  30  65  31  49  56  20  35  33  43  1  47  19  64  59  90  79  92  77  6  57  45  48  7  40  54  71  96  86  73  53  94  3  46  22  62  18  95  63  25  26  89  15
   2  13  87  68  98  62  95  53  12  52  4  28  76  77  24  84  67  72  3  73  18  5  80  71  36  22  6  25  40  38  93  92  20  16  59  30  65  99  94  51  27  35  23  44  69  37  64  81  74  97  11  55  75  85  54  66  82  31  60  21  1  43  46  48  14  8  49  58  96  78  17  39  57  10  61  33  79  41  91  83  50  56  88  42  19  9  45  34  47  32  29  7  86  90  63  70  26  89  15
   2  14  39  35  88  17  99  16  13  6  82  42  11  72  53  61  29  92  62  77  60  33  38  36  57  63  74  76  22  84  75  8  67  95  26  46  41  30  34  1  56  69  44  43  83  93  37  27  65  89  12  21  78  81  18  25  73  45  79  71  51  94  52  4  31  47  66  54  68  24  9  10  55  91  32  58  7  49  23  87  19  96  80  59  98  64  50  28  15  86  40  90  20  85  3  97  48  70  5
   2  14  89  85  88  67  49  16  63  6  82  42  61  72  3  11  79  92  62  27  60  83  38  36  7  13  74  76  22  84  25  8  17  45  26  46  91  30  34  51  56  19  44  93  33  43  87  77  15  39  12  71  78  31  18  75  23  95  29  21  1  94  52  4  81  97  66  54  68  24  59  10  5  41  32  58  57  99  73  37  69  96  80  9  98  64  50  28  65  86  40  90  20  35  53  47  48  70  55
   2  30  83  18  13  12  57  91  39  6  23  96  27  37  58  85  98  99  21  77  55  32  11  75  72  35  81  68  52  4  65  36  54  3  1  89  69  43  76  41  33  70  59  66  78  61  20  82  25  19  28  88  29  73  93  84  80  94  60  71  9  79  8  31  46  51  5  90  22  64  15  34  50  7  47  53  92  16  42  67  14  95  97  87  63  45  38  10  40  26  62  17  86  44  48  56  24  74  49
   2  45  50  1  3  31  99  28  91  26  42  7  87  97  66  64  20  53  92  67  33  30  6  77  37  21  80  22  96  84  5  16  93  24  73  63  55  74  75  11  15  72  17  78  8  95  32  90  60  49  43  56  81  27  23  76  98  36  62  41  88  70  34  25  18  52  4  10  82  44  39  48  89  13  12  35  47  54  40  57  65  9  59  86  71  85  58  61  79  46  94  14  68  83  38  19  51  29  69
   2  47  72  10  87  70  29  61  21  36  62  82  95  7  57  66  60  88  39  9  20  43  38  59  28  30  40  97  14  94  69  34  41  84  52  4  48  89  92  83  76  13  85  18  54  55  1  65  46  31  45  63  98  51  49  12  78  5  67  73  81  77  35  90  37  68  24  16  50  74  93  75  17  6  3  33  11  15  91  79  8  56  27  32  22  71  58  44  23  96  80  19  86  26  42  64  25  99  53
   2  47  87  75  9  85  65  26  36  58  66  62  97  79  94  8  56  42  68  61  86  35  44  38  96  16  34  70  25  72  39  81  50  89  93  5  32  88  80  13  15  90  21  83  54  55  1  30  46  67  45  28  98  51  49  77  14  82  6  3  69  76  19  91  78  73  33  63  20  52  4  48  11  92  71  12  17  7  57  31  37  10  23  74  59  43  60  24  27  18  95  84  22  41  64  29  40  99  53
   2  53  11  78  79  28  81  24  63  56  20  14  35  21  27  43  18  29  91  39  99  23  58  90  13  41  75  31  69  74  96  73  85  26  62  44  59  48  94  93  95  67  7  72  82  70  60  87  32  1  51  25  17  46  77  86  40  19  66  83  3  76  6  10  47  30  8  15  57  54  68  49  12  97  88  84  71  55  50  9  80  37  45  89  92  5  38  36  61  16  42  22  98  64  34  52  4  65  33
   2  63  37  68  98  62  45  3  12  52  4  28  76  27  24  84  17  72  53  23  18  55  80  21  36  22  6  75  40  38  43  92  20  16  9  30  15  49  94  1  77  85  73  44  19  87  64  31  74  47  61  5  25  35  54  66  82  81  60  71  51  93  46  48  14  8  99  58  96  78  67  89  7  10  11  83  29  91  41  33  50  56  88  42  69  59  95  34  97  32  79  57  86  90  13  70  26  39  65
   2  63  37  73  98  17  77  8  55  66  60  88  84  91  41  38  50  70  43  47  25  59  58  44  52  4  28  76  82  24  16  31  72  1  78  67  89  12  42  11  32  34  5  49  33  87  19  36  74  79  61  10  80  35  68  71  14  30  15  81  99  56  20  85  83  93  51  97  69  64  9  90  29  92  27  6  7  95  48  57  40  54  21  96  86  23  3  94  53  46  22  62  18  45  13  75  26  39  65
   2  65  94  38  22  58  96  62  33  28  27  45  23  10  36  70  98  99  85  47  53  77  32  52  4  43  11  26  68  82  29  21  54  3  1  74  81  71  17  89  39  84  93  69  91  12  55  67  60  83  63  73  64  24  6  87  14  8  66  19  50  7  20  16  46  51  5  75  86  42  31  92  80  15  79  30  13  61  40  37  78  95  97  72  41  18  34  59  44  48  56  88  25  90  57  76  35  9  49
   2  95  50  51  53  81  49  28  41  26  42  57  37  47  66  64  20  3  92  17  83  30  6  27  87  71  80  22  96  84  55  16  43  24  23  13  5  74  25  61  65  72  67  78  8  45  32  90  60  99  93  56  31  77  73  76  98  36  62  91  88  70  34  75  18  52  4  10  82  44  89  48  39  63  12  85  97  54  40  7  15  59  9  86  21  35  58  11  29  46  94  14  68  33  38  69  1  79  19
   2  97  8  85  32  37  27  47  7  87  28  45  11  79  44  13  75  52  98  6  89  24  53  96  10  81  40  21  59  84  34  33  35  31  39  23  55  92  18  65  72  58  86  30  41  19  63  76  50  1  99  4  93  16  69  64  74  54  94  14  73  56  90  22  57  88  26  49  3  95  12  77  48  5  91  20  61  80  42  17  67  68  66  70  62  78  46  9  83  36  29  43  15  71  60  82  38  25  51
   2  97  37  25  59  35  15  26  36  58  66  62  47  29  94  8  56  42  68  11  86  85  44  38  96  16  34  70  75  72  89  31  50  39  43  55  32  88  80  63  65  90  71  33  54  5  51  30  46  17  95  28  98  1  99  27  14  82  6  53  19  76  69  41  78  23  83  13  20  52  4  48  61  92  21  12  67  57  7  81  87  10  73  74  9  93  60  24  77  18  45  84  22  91  64  79  40  49  3
   2  97  72  10  37  70  79  11  71  36  62  82  45  57  7  66  60  88  89  59  20  93  38  9  28  30  40  47  14  94  19  34  91  84  52  4  48  39  92  33  76  63  35  18  54  5  51  15  46  81  95  13  98  1  99  12  78  55  17  23  31  27  85  90  87  68  24  16  50  74  43  25  67  6  53  83  61  65  41  29  8  56  77  32  22  21  58  44  73  96  80  69  86  26  42  64  75  49  3
   3  7  6  72  10  27  9  14  75  39  13  98  30  79  12  90  17  88  78  34  42  58  16  44  1  21  33  73  82  52  15  46  93  99  20  68  91  5  81  35  37  26  45  86  61  74  19  54  47  97  4  69  24  11  36  95  76  87  85  31  55  41  18  70  49  43  96  65  2  32  23  83  71  51  94  66  8  92  84  28  38  67  40  62  29  80  48  63  89  25  64  59  77  60  22  56  57  53  50
   3  9  1  34  81  84  20  72  98  68  59  42  18  13  91  79  24  37  21  67  4  19  36  70  64  73  63  43  50  22  40  69  85  78  76  32  14  44  33  29  26  51  94  16  2  10  12  11  49  53  6  25  83  38  87  58  93  7  39  99  60  28  55  30  31  90  54  95  23  62  47  97  74  41  89  52  75  15  57  77  88  61  5  17  86  65  27  8  82  48  35  66  71  92  46  56  80  45  96
   3  15  64  32  94  24  18  2  22  56  51  76  58  55  72  99  95  67  80  19  50  5  61  44  8  27  92  59  88  14  87  65  28  30  77  10  46  16  73  53  6  29  40  26  7  86  47  75  41  91  12  17  60  70  62  52  37  97  45  63  54  68  69  4  42  66  35  43  36  34  79  21  25  31  83  90  78  93  9  49  81  39  38  13  57  11  85  74  20  96  33  84  71  48  89  98  1  23  82
   3  23  37  53  6  21  16  18  78  2  73  7  46  95  77  82  33  83  55  59  80  98  89  45  44  31  43  76  93  28  34  70  48  24  66  75  58  90  56  67  94  32  26  12  1  49  47  72  41  63  20  30  84  65  96  86  79  64  5  57  25  38  85  81  51  88  91  92  35  8  52  14  60  27  19  99  22  10  71  29  4  11  40  68  42  39  69  9  54  62  17  36  13  97  61  87  50  15  74
   3  23  45  72  79  30  75  36  32  56  68  73  98  46  27  84  59  65  66  39  80  67  11  10  13  5  60  24  57  74  42  25  35  97  62  52  40  29  50  93  2  76  58  89  82  28  8  31  61  1  20  49  85  64  77  43  71  48  33  83  99  37  7  78  47  41  38  87  63  54  96  22  17  21  88  44  4  19  91  9  95  53  6  90  92  70  81  15  69  16  51  14  12  26  34  86  18  55  94
   3  44  99  22  71  17  27  70  75  2  5  12  62  91  86  51  23  58  20  59  38  90  61  77  24  15  40  97  74  68  54  96  9  69  67  52  60  33  14  47  34  93  37  29  26  4  35  56  80  73  41  78  18  48  31  95  64  81  83  57  85  65  53  6  82  45  46  94  13  88  55  39  43  79  49  63  8  98  7  89  11  10  36  25  21  87  19  30  84  42  76  32  50  1  16  28  66  72  92
   3  52  94  26  73  11  12  10  89  66  55  96  99  53  6  33  18  14  79  97  65  70  69  91  67  45  64  51  81  44  13  68  88  27  43  16  77  39  72  1  8  19  50  7  28  32  78  48  36  59  49  74  17  84  93  85  41  23  25  31  15  95  46  98  38  35  9  2  60  4  54  37  63  57  92  29  20  34  42  87  82  30  47  75  61  21  80  90  62  86  22  56  71  83  58  24  5  76  40
   3  53  6  41  34  39  57  51  61  92  17  69  77  36  94  70  26  1  37  83  81  76  96  24  31  2  15  18  65  98  71  97  80  35  49  64  44  11  52  21  7  23  20  8  73  62  22  14  13  87  50  88  33  10  58  30  79  19  40  91  59  55  25  82  4  27  9  63  74  38  42  32  66  90  56  86  95  12  54  93  84  85  47  28  89  68  46  75  60  72  78  5  48  67  99  43  45  29  16
   3  65  84  78  86  98  34  22  46  68  50  45  20  10  26  70  5  19  66  7  11  37  80  12  99  83  53  6  40  42  18  1  57  43  21  94  54  51  64  9  36  4  25  89  17  72  35  27  69  23  62  13  14  44  82  47  76  48  73  39  87  67  63  96  16  31  38  75  85  2  93  52  92  15  24  30  91  41  8  97  49  95  74  32  81  58  61  79  77  88  59  28  33  90  71  56  55  29  60
   3  84  20  72  22  93  5  25  44  28  79  23  80  90  36  74  14  11  99  97  89  57  47  38  4  12  55  9  83  82  13  92  75  10  51  37  63  59  35  39  50  45  94  52  41  1  34  62  68  33  81  88  73  53  6  30  85  49  67  69  78  15  32  19  46  18  96  26  60  42  56  95  54  24  29  76  98  21  66  87  2  27  43  16  91  58  61  17  86  48  77  71  64  65  7  70  31  8  40
   3  92  27  20  41  79  66  4  89  36  94  21  38  88  39  85  48  58  28  17  50  52  46  64  10  71  90  33  2  95  18  47  61  19  44  70  93  24  29  14  59  25  26  23  32  5  86  45  67  1  98  9  74  81  60  22  35  97  12  65  7  80  63  13  62  16  53  43  73  84  51  49  55  37  91  30  11  68  99  6  83  54  40  82  57  31  8  77  72  87  42  76  75  78  69  96  15  56  34
   4  5  20  44  54  8  79  34  15  52  18  92  23  85  14  33  45  89  12  73  93  35  75  48  61  9  26  53  3  38  27  55  46  10  19  70  95  72  40  51  11  43  57  42  63  62  67  25  94  97  1  39  88  90  98  84  6  99  74  21  17  56  86  68  24  22  65  81  60  78  50  7  87  77  36  30  64  31  96  83  29  13  76  71  59  37  82  58  91  32  2  28  80  16  69  66  49  41  47
   4  24  2  10  23  95  82  13  50  44  5  51  89  74  53  48  25  81  39  61  49  63  65  28  12  72  41  85  67  26  97  78  42  54  8  57  40  45  37  7  32  47  15  90  66  59  60  64  9  99  20  86  93  3  21  56  92  35  31  17  58  77  83  11  73  30  29  76  6  46  98  27  94  36  87  14  62  71  68  91  80  33  88  22  38  70  96  69  34  84  1  75  55  79  18  16  19  52  43
   4  24  2  10  73  45  82  63  50  44  55  1  39  74  3  48  75  31  89  11  99  13  15  28  12  72  91  35  17  26  47  78  42  54  8  7  40  95  87  57  32  97  65  90  66  9  60  64  59  49  20  86  43  53  71  56  92  85  81  67  58  27  33  61  23  30  79  76  6  46  98  77  94  36  37  14  62  21  68  41  80  83  88  22  38  70  96  19  34  84  51  25  5  29  18  16  69  52  93
   4  38  26  45  6  39  91  72  93  2  17  14  84  24  77  87  22  64  56  59  3  11  85  12  44  21  69  92  41  28  73  36  60  65  66  82  50  10  5  67  80  23  40  81  1  31  16  9  35  63  34  7  13  27  96  75  33  15  71  57  94  98  37  68  51  49  43  18  54  8  20  70  46  97  19  86  58  83  74  29  25  32  89  53  42  88  47  76  78  62  52  30  48  95  61  99  79  90  55
   4  38  26  95  6  89  41  72  43  2  67  14  84  24  27  37  22  64  56  9  53  61  35  12  44  71  19  92  91  28  23  36  60  15  66  82  50  10  55  17  80  73  40  31  51  81  16  59  85  13  34  57  63  77  96  25  83  65  21  7  94  98  87  68  1  99  93  18  54  8  20  70  46  47  69  86  58  33  74  79  75  32  39  3  42  88  97  76  78  62  52  30  48  45  11  49  29  90  5
   4  51  55  17  81  73  12  95  82  68  40  25  74  92  91  32  93  15  96  67  26  28  5  34  64  10  54  8  98  22  6  97  71  13  76  58  75  45  21  29  60  61  1  70  2  90  27  72  50  53  47  66  18  78  87  52  80  37  33  99  88  9  36  16  31  65  20  43  49  62  35  42  85  38  89  56  24  44  39  77  3  19  94  30  86  84  63  11  23  48  59  69  83  41  46  79  14  7  57
   4  64  42  36  92  37  50  84  12  54  8  10  3  19  77  25  32  70  7  93  59  26  96  31  13  23  91  43  35  56  81  78  2  65  34  22  61  5  45  9  71  97  68  15  47  76  66  86  17  1  60  72  95  48  62  73  69  41  58  39  18  21  20  24  79  53  33  52  98  16  38  89  80  55  88  49  57  30  6  83  40  46  51  87  82  67  94  44  85  74  75  90  99  29  27  14  63  28  11
   4  64  42  36  92  87  50  84  12  54  8  10  53  69  27  75  32  70  57  43  9  26  96  81  63  73  41  93  85  56  31  78  2  15  34  22  11  55  95  59  21  47  68  65  97  76  66  86  67  51  60  72  45  48  62  23  19  91  58  89  18  71  20  24  29  3  83  52  98  16  38  39  80  5  88  99  7  30  6  33  40  46  1  37  82  17  94  44  35  74  25  90  49  79  77  14  13  28  61
   4  90  47  74  99  16  40  13  80  58  87  28  44  91  78  55  15  57  46  11  45  76  50  25  21  5  56  24  6  72  2  48  71  29  9  27  34  49  20  63  66  10  98  38  64  23  32  26  7  17  86  84  69  39  59  12  51  42  77  53  89  97  61  33  94  93  14  70  3  52  65  62  73  1  96  79  83  88  36  81  95  85  22  41  43  35  67  30  68  18  19  31  37  92  54  8  60  82  75
   4  90  97  74  49  16  40  63  80  58  37  28  44  41  78  5  65  7  46  61  95  76  50  75  71  55  56  24  6  72  2  48  21  79  59  77  34  99  20  13  66  10  98  38  64  73  32  26  57  67  86  84  19  89  9  12  1  42  27  3  39  47  11  83  94  43  14  70  53  52  15  62  23  51  96  29  33  88  36  31  45  35  22  91  93  85  17  30  68  18  69  81  87  92  54  8  60  82  25
   5  3  2  75  1  65  86  74  94  42  81  38  31  71  22  92  17  58  80  89  96  15  39  62  79  84  33  30  93  28  13  69  27  61  91  45  40  12  23  37  55  10  78  67  36  95  60  70  97  83  98  72  63  99  41  73  85  18  64  47  34  24  53  59  6  77  44  87  32  48  14  52  56  8  4  88  66  43  25  19  11  90  50  26  57  7  68  76  20  82  35  16  29  9  46  21  49  51  54
   5  3  2  90  1  30  22  89  83  64  69  18  15  43  13  34  76  12  50  41  57  7  33  91  47  70  39  53  59  6  92  66  23  16  78  96  42  61  27  67  20  37  14  82  58  95  25  85  97  19  98  87  28  99  63  88  21  45  29  77  38  73  55  10  93  32  40  84  11  26  80  75  62  94  72  17  60  35  86  71  81  44  9  68  48  79  52  56  8  4  24  31  65  74  46  36  49  51  54
   5  23  82  75  41  65  26  34  54  22  21  58  71  11  2  72  97  78  80  49  36  15  99  42  39  44  53  30  13  48  33  29  7  1  31  45  40  92  43  17  55  10  98  47  76  95  60  70  77  3  18  52  83  59  81  93  85  38  24  27  94  84  73  19  46  57  4  67  12  68  74  32  96  28  64  8  6  63  25  79  51  90  50  66  37  87  88  16  20  62  35  56  89  69  86  61  9  91  14
   5  23  82  90  41  30  2  49  3  24  29  38  15  63  33  94  16  92  50  81  37  87  53  31  27  70  99  73  19  46  72  6  43  56  98  36  22  1  7  47  20  17  74  62  78  95  25  85  77  79  18  67  48  59  83  8  61  45  89  57  58  93  55  10  13  12  40  44  51  66  80  75  42  54  52  97  60  35  26  11  21  4  69  88  68  39  32  96  28  64  84  71  65  34  86  76  9  91  14
   5  43  62  90  81  30  82  9  23  84  89  58  15  83  53  54  56  72  50  21  17  67  73  71  7  70  59  93  79  86  52  46  63  96  18  76  2  41  87  27  20  97  34  42  98  95  25  85  57  39  38  47  68  19  3  28  1  45  49  37  78  13  55  10  33  92  40  4  91  6  80  75  22  14  32  77  60  35  66  51  61  64  29  8  88  99  12  36  48  24  44  11  65  94  26  16  69  31  74
   5  63  42  75  21  65  6  54  74  82  1  98  51  91  62  32  57  18  80  69  16  15  19  2  59  64  93  30  53  88  73  49  67  81  11  45  40  52  83  77  55  10  38  7  56  95  60  70  37  43  58  12  23  79  61  33  85  78  44  87  14  4  13  39  26  17  24  27  72  8  94  92  76  68  84  48  86  3  25  99  31  90  50  46  97  47  28  96  20  22  35  36  9  89  66  41  29  71  34
   5  63  42  90  21  30  62  69  43  44  49  78  15  3  73  14  96  52  50  61  97  47  93  11  87  70  19  13  39  26  32  86  83  36  38  16  82  81  67  7  20  77  94  22  18  95  25  85  37  99  58  27  88  79  23  48  41  45  9  17  98  33  55  10  53  72  40  64  31  46  80  75  2  74  12  57  60  35  6  91  1  24  89  28  8  59  92  76  68  84  4  51  65  54  66  56  29  71  34
   5  70  8  37  63  85  20  90  40  6  15  88  50  44  58  39  80  16  99  27  83  29  47  18  72  11  55  10  89  4  28  34  86  87  51  84  92  74  71  91  59  45  33  25  78  1  38  41  52  69  65  67  77  53  43  3  24  49  76  21  14  30  61  66  46  95  7  68  75  64  62  96  54  23  97  56  98  93  60  17  2  32  9  81  13  12  31  82  22  26  73  36  79  57  48  35  19  94  42
   5  70  28  17  83  85  20  90  40  46  15  8  50  4  78  99  80  56  59  7  3  89  27  38  52  51  55  10  49  64  48  94  26  67  91  44  72  34  11  31  19  45  53  25  98  41  58  81  32  29  65  47  57  73  63  23  84  9  16  61  74  30  1  6  86  95  87  88  75  24  42  36  14  43  77  96  18  13  60  97  82  12  69  21  33  92  71  62  2  66  93  76  39  37  68  35  79  54  22
   5  70  88  57  43  85  20  90  40  66  15  68  50  84  38  79  80  76  39  47  63  69  67  98  92  71  55  10  29  44  8  74  46  7  11  24  12  14  31  51  99  45  13  25  58  61  18  1  72  9  65  87  97  33  23  83  64  89  36  81  54  30  21  26  6  95  27  48  75  4  82  56  94  3  17  16  78  73  60  37  22  52  49  41  93  32  91  2  42  86  53  96  19  77  28  35  59  34  62
   5  83  22  75  61  65  46  14  34  62  41  18  91  31  42  12  37  38  80  29  56  15  79  82  19  24  13  30  73  8  93  9  47  21  51  45  40  32  3  57  55  10  58  87  96  95  60  70  17  63  78  92  43  39  1  53  85  98  4  67  74  64  33  99  66  97  84  7  52  28  54  72  16  88  44  68  26  23  25  59  71  90  50  86  77  27  48  36  20  2  35  76  69  49  6  81  89  11  94
   5  83  22  90  61  30  42  29  63  4  9  98  15  23  93  74  36  32  50  1  77  27  13  51  67  70  79  33  99  66  12  26  3  76  58  56  62  21  47  87  20  57  54  2  38  95  25  85  17  59  78  7  8  39  43  68  81  45  69  97  18  53  55  10  73  52  40  24  71  86  80  75  82  34  92  37  60  35  46  31  41  84  49  48  28  19  72  16  88  44  64  91  65  14  6  96  89  11  94
   5  90  9  29  31  45  8  30  92  2  38  96  37  48  82  63  19  72  75  59  54  93  18  6  49  87  66  70  20  68  34  78  53  79  21  28  27  58  74  47  41  65  43  25  16  17  23  97  14  73  85  39  36  1  71  51  40  33  80  57  55  10  50  22  86  15  60  56  83  88  11  32  99  91  24  52  35  81  13  89  76  44  62  77  67  4  64  94  7  42  3  12  61  69  26  95  46  98  84
   5  90  49  69  91  45  88  30  12  22  18  56  57  28  2  43  59  92  75  99  94  73  98  66  89  7  26  70  20  48  74  58  33  19  81  8  47  38  14  67  1  65  23  25  76  37  3  17  54  53  85  79  96  61  31  11  40  13  80  77  55  10  50  42  46  15  60  16  63  68  71  52  39  51  64  72  35  41  93  29  36  84  82  97  87  44  4  34  27  62  83  32  21  9  86  95  6  78  24
   5  90  69  89  71  45  28  30  72  82  58  36  17  68  62  83  79  52  75  19  14  13  38  46  9  67  6  70  20  88  94  98  73  39  61  48  7  78  34  27  81  65  63  25  56  97  43  77  74  93  85  99  76  41  11  91  40  53  80  37  55  10  50  2  26  15  60  96  3  8  51  12  59  31  84  32  35  21  33  49  16  4  42  57  47  64  24  54  87  22  23  92  1  29  66  95  86  18  44
   5  90  89  9  51  45  68  30  32  42  98  16  77  8  22  23  99  12  75  39  34  53  78  26  29  27  86  70  20  28  14  38  13  59  41  88  67  18  54  87  61  65  3  25  36  57  83  37  94  33  85  19  56  21  91  71  40  93  80  97  55  10  50  62  6  15  60  76  43  48  31  72  79  11  4  92  35  1  73  69  96  24  2  17  7  84  44  74  47  82  63  52  81  49  46  95  66  58  64
   6  9  83  34  87  84  93  72  39  68  60  42  55  13  31  79  54  37  23  67  47  19  74  70  89  73  75  43  57  22  88  69  5  78  86  32  27  44  82  29  35  51  71  16  46  10  80  11  96  53  3  25  1  38  81  58  20  7  98  99  59  28  18  30  91  90  24  95  21  62  4  97  36  41  64  52  63  15  50  77  40  61  85  17  76  65  14  8  33  48  26  66  94  92  2  56  12  45  49
   6  35  50  3  9  93  97  84  73  78  26  21  61  91  98  92  60  59  76  1  99  90  18  31  11  63  40  66  88  52  15  48  79  72  19  89  65  22  25  33  45  16  51  34  24  85  96  70  80  47  29  68  43  81  69  28  94  8  86  23  64  10  2  75  54  56  12  30  46  32  17  44  67  39  36  5  41  62  20  71  95  27  77  58  13  55  74  83  37  38  82  42  4  49  14  57  53  87  7
   6  39  61  4  94  86  85  59  36  56  12  84  28  31  72  52  1  16  9  19  54  15  40  13  8  66  18  75  20  14  79  76  60  48  77  90  95  97  82  53  81  5  69  32  7  11  92  43  22  91  33  65  25  55  62  98  46  93  80  63  3  29  38  44  42  24  47  74  88  34  51  17  71  30  83  99  37  23  73  49  50  68  64  26  57  27  35  2  41  96  87  21  58  70  89  10  78  67  45
   6  39  61  69  94  1  81  24  15  98  80  64  52  23  73  14  50  10  79  91  25  27  74  32  56  12  84  28  46  72  48  43  16  53  34  51  17  36  26  83  96  2  65  97  49  11  7  8  22  87  33  30  40  55  4  63  42  90  95  93  47  68  60  5  99  29  3  41  57  92  77  70  37  76  31  18  71  35  44  21  20  62  13  88  58  19  59  82  9  38  66  86  54  85  89  75  78  67  45
   6  41  16  30  61  10  87  83  63  8  86  46  85  21  71  98  80  64  17  27  60  29  14  77  84  90  20  91  42  82  7  2  23  52  56  12  44  67  76  49  28  39  55  54  62  65  3  95  38  93  35  89  94  53  47  36  34  15  1  19  43  31  5  70  11  4  72  48  50  22  79  25  51  18  9  99  33  45  73  37  24  68  81  96  66  13  74  32  69  88  40  57  58  78  26  92  75  97  59
   6  41  61  25  27  55  95  78  8  74  98  86  91  37  82  24  68  26  4  83  58  5  32  14  88  48  2  10  75  16  17  43  50  67  79  15  96  64  40  39  45  70  63  49  62  65  3  90  38  1  35  84  94  53  47  31  42  46  18  9  7  28  57  73  34  19  99  89  60  56  12  44  33  76  13  36  51  21  71  93  11  30  69  22  77  29  80  72  81  54  85  52  66  23  92  87  20  97  59
   6  42  17  5  64  51  97  48  39  18  46  26  33  16  59  83  87  76  86  31  80  99  14  8  71  89  22  28  66  52  25  24  1  85  78  38  23  90  2  3  68  7  32  29  49  79  11  81  95  67  36  63  34  43  54  75  19  35  37  13  53  82  56  12  93  41  98  62  4  72  27  30  65  73  96  74  21  47  69  61  57  88  40  77  94  92  50  84  45  58  20  70  60  55  9  91  44  10  15
   6  48  39  77  40  84  89  23  66  64  50  53  74  19  38  70  92  44  11  83  82  75  26  87  9  69  85  96  72  5  41  91  37  63  43  4  34  42  98  86  2  20  45  18  31  21  52  67  71  99  93  51  60  22  59  15  10  76  33  35  49  46  25  80  61  29  7  55  88  16  17  24  73  12  90  30  14  3  27  94  58  8  62  36  56  95  65  57  1  13  97  79  54  81  68  78  47  32  28
   6  85  50  53  59  43  47  84  23  78  26  71  11  41  98  92  60  9  76  51  49  90  18  81  61  13  40  66  88  52  65  48  29  72  69  39  15  22  75  83  95  16  1  34  24  35  96  70  80  97  79  68  93  31  19  28  94  8  86  73  64  10  2  25  54  56  12  30  46  32  67  44  17  89  36  55  91  62  20  21  45  77  27  58  63  5  74  33  87  38  82  42  4  99  14  7  3  37  57
   6  90  49  54  39  36  71  73  17  18  69  88  81  11  74  55  94  97  63  31  65  96  33  25  16  5  43  4  56  12  95  8  62  9  3  67  7  29  28  23  99  10  77  98  34  83  60  46  75  57  84  64  87  19  79  52  40  82  80  13  27  37  24  93  38  53  15  70  66  92  45  2  50  21  41  59  76  48  26  1  42  85  91  61  89  35  14  30  20  78  86  51  58  32  44  68  72  22  47
   6  91  11  75  77  5  45  78  8  74  98  86  41  87  82  24  68  26  4  33  58  55  32  14  88  48  2  10  25  16  67  93  50  17  29  65  96  64  40  89  95  70  13  99  62  15  53  90  38  51  85  84  94  3  97  81  42  46  18  59  57  28  7  23  34  69  49  39  60  56  12  44  83  76  63  36  1  71  21  43  61  30  19  22  27  79  80  72  31  54  35  52  66  73  92  37  20  47  9
   6  91  16  30  11  10  37  33  13  8  86  46  35  71  21  98  80  64  67  77  60  79  14  27  84  90  20  41  42  82  57  2  73  52  56  12  44  17  76  99  28  89  5  54  62  15  53  45  38  43  85  39  94  3  97  36  34  65  51  69  93  81  55  70  61  4  72  48  50  22  29  75  1  18  59  49  83  95  23  87  24  68  31  96  66  63  74  32  19  88  40  7  58  78  26  92  25  47  9
   6  95  82  14  66  74  88  86  99  84  81  35  69  30  8  10  94  97  55  41  59  31  96  56  12  29  33  78  4  46  87  63  62  9  3  22  43  13  51  67  17  52  79  7  73  36  65  1  80  49  89  19  92  72  18  61  42  24  98  57  50  21  60  48  38  53  15  25  58  26  93  76  40  45  37  90  39  83  20  11  34  85  91  16  23  54  2  77  32  44  68  64  75  70  71  28  5  27  47
   7  5  69  49  27  19  2  72  38  74  12  43  66  53  82  36  96  97  18  83  11  70  61  73  88  29  3  78  60  16  85  84  91  76  79  87  42  26  71  39  6  28  32  22  62  55  99  10  81  1  98  44  50  23  47  24  51  64  59  9  58  30  63  25  34  48  80  90  8  56  17  52  94  37  13  15  20  46  4  93  45  41  57  14  77  65  95  89  75  54  35  86  33  67  92  31  68  21  40
   7  21  69  46  89  96  80  68  62  92  71  98  42  97  79  51  56  53  49  23  76  11  84  30  16  37  47  67  50  18  60  61  65  82  44  8  66  36  77  1  94  19  86  4  38  90  28  59  81  57  14  25  27  22  3  2  17  83  91  31  40  32  95  70  39  10  26  55  87  78  43  93  6  29  41  88  75  35  33  13  72  9  45  73  34  85  63  52  58  12  15  54  99  48  74  64  20  5  24
   7  35  16  8  86  56  42  38  18  64  19  44  2  95  68  31  55  23  20  11  50  45  9  36  52  63  48  71  72  66  3  85  32  70  13  90  74  4  37  57  14  1  60  94  83  34  43  75  29  79  28  73  40  30  78  88  53  93  5  47  26  92  61  76  98  54  15  67  84  46  51  49  25  39  27  10  82  17  21  81  89  91  22  97  33  59  65  6  80  24  77  96  99  12  41  62  69  87  58
   7  52  40  23  41  16  90  77  67  36  51  47  75  81  39  30  93  56  12  17  83  25  27  13  10  31  86  4  73  95  42  9  38  37  44  96  35  58  99  14  3  80  46  82  32  79  53  33  72  1  94  49  61  78  60  85  11  24  34  65  50  54  26  20  62  71  8  45  89  84  18  76  74  88  91  70  15  97  28  6  59  92  63  64  57  5  66  43  2  87  98  21  55  19  69  22  48  68  29
   7  63  6  55  43  48  88  4  39  16  34  77  17  42  40  24  98  84  73  86  89  12  2  23  90  20  66  30  45  64  14  18  50  3  31  53  27  21  74  94  52  19  58  67  38  8  71  70  62  99  92  36  93  44  56  51  11  95  60  83  65  22  82  57  59  75  1  15  26  13  10  87  97  76  9  79  33  69  54  35  85  81  49  96  68  46  72  78  25  5  47  80  41  32  61  91  28  29  37
   7  81  60  51  16  79  18  96  5  42  13  56  40  17  21  6  37  90  3  89  83  33  23  28  49  48  9  12  76  88  80  97  27  87  82  29  61  44  11  57  14  58  66  63  31  69  62  32  55  73  74  70  19  45  26  77  99  10  85  47  20  72  8  95  67  91  50  39  41  68  75  30  46  4  24  22  36  65  34  59  92  98  64  52  86  1  43  78  54  2  84  94  35  15  71  25  53  93  38
   7  81  75  16  98  94  34  61  20  24  37  36  2  49  18  8  13  64  52  1  29  85  9  27  57  14  23  25  67  6  50  4  56  92  3  10  65  63  39  87  73  95  82  28  31  69  62  97  55  89  74  35  19  45  26  42  15  47  44  77  48  91  12  76  88  96  79  46  11  86  66  43  60  70  32  21  22  17  80  71  41  72  40  54  83  33  5  58  78  84  99  59  51  30  53  90  68  93  38
   7  82  32  8  64  92  98  31  66  18  20  30  34  35  9  41  71  85  2  81  6  88  56  79  21  1  50  62  45  52  46  70  15  93  78  33  44  97  87  53  80  42  40  12  99  39  47  84  4  17  75  26  60  23  54  38  37  10  19  63  68  49  67  27  43  29  22  48  95  72  36  24  83  5  96  25  73  76  65  11  3  57  14  55  94  91  61  28  89  58  77  13  51  16  59  74  69  90  86
   7  83  14  68  90  63  21  66  75  91  97  62  70  51  28  10  73  72  82  46  98  2  4  36  69  49  77  37  58  88  35  74  17  31  80  92  79  45  89  15  53  94  5  34  9  6  11  26  43  93  76  61  56  59  84  55  44  3  65  39  95  29  42  30  81  67  24  85  38  8  87  27  99  19  86  54  52  48  96  32  22  23  60  78  1  20  12  47  41  25  16  71  13  40  18  64  33  57  50
   7  87  5  68  51  70  75  84  8  64  92  37  62  74  63  96  71  85  54  91  20  23  59  90  97  45  40  56  33  6  98  25  15  93  78  88  60  1  50  17  38  44  2  41  58  32  52  39  9  69  80  81  65  16  13  67  99  12  77  27  31  53  83  82  43  29  22  3  47  26  24  18  73  49  72  36  76  11  79  21  55  57  14  10  48  30  89  35  61  4  19  66  28  94  46  34  42  95  86
   7  96  80  68  18  17  45  25  36  32  51  87  20  10  84  6  66  59  31  93  41  33  43  22  76  28  95  21  27  58  97  48  75  90  19  53  47  71  15  91  50  5  86  88  29  69  46  78  92  77  89  72  37  57  14  70  65  81  23  61  82  35  8  11  74  42  24  94  40  98  64  55  26  56  1  44  62  49  54  3  38  63  67  4  79  2  9  73  34  12  13  99  16  85  83  30  39  52  60
   8  26  2  15  62  53  57  44  11  54  59  78  68  48  79  49  94  28  12  93  81  97  95  24  88  67  63  84  7  56  71  72  20  55  82  14  50  70  35  9  60  21  80  87  27  37  32  43  45  1  18  89  51  29  92  25  91  5  17  39  38  46  99  36  77  23  61  86  58  16  40  90  42  19  13  22  66  41  98  83  75  64  3  31  34  76  69  52  6  74  4  10  96  65  47  73  33  30  85
   8  26  2  65  62  3  7  44  61  54  9  78  68  48  29  99  94  28  12  43  31  47  45  24  88  17  13  84  57  56  21  72  20  5  82  14  50  70  85  59  60  71  80  37  77  87  32  93  95  51  18  39  1  79  92  75  41  55  67  89  38  46  49  36  27  73  11  86  58  16  40  90  42  69  63  22  66  91  98  33  25  64  53  81  34  76  19  52  6  74  4  10  96  15  97  23  83  30  35
   8  27  35  9  37  21  24  15  14  36  80  25  98  84  7  64  61  55  92  59  2  56  85  18  28  70  58  16  46  94  62  69  67  1  52  66  75  65  17  33  20  97  77  90  54  30  79  44  50  81  19  82  86  6  99  4  60  49  41  23  76  93  72  32  87  5  40  11  73  74  95  34  45  26  53  12  48  88  3  29  31  63  38  10  22  68  51  47  71  96  43  13  91  57  42  83  78  39  89
   8  28  34  72  84  49  50  68  24  58  16  70  31  63  29  25  64  90  39  61  43  2  92  87  1  71  7  11  95  12  37  6  54  5  18  94  97  85  65  93  67  69  36  55  19  52  82  22  9  77  20  44  15  96  74  21  13  57  66  3  86  17  40  48  83  81  41  4  46  32  26  53  60  35  76  73  89  10  62  91  80  42  27  99  14  59  38  88  45  98  75  30  23  33  79  78  51  56  47
   8  30  19  98  23  32  80  1  60  66  99  56  88  7  6  35  55  89  42  47  65  52  50  25  17  85  12  48  62  44  54  96  67  33  93  79  18  73  40  51  82  70  46  26  28  71  64  2  39  9  22  68  13  3  43  24  27  34  29  81  53  69  97  41  38  61  78  90  31  4  5  74  21  77  92  83  91  76  72  37  15  45  94  57  11  95  59  10  36  86  63  87  49  84  58  16  20  14  75
   8  35  40  88  58  16  33  18  5  4  86  84  21  95  78  91  15  3  24  71  11  45  25  96  47  43  2  31  81  26  29  85  42  70  13  90  65  44  80  77  97  61  39  34  1  74  9  75  38  19  27  53  76  30  46  68  62  73  98  67  59  12  22  36  48  94  55  87  20  6  50  89  49  79  72  10  28  37  92  41  83  51  52  17  93  99  14  66  57  64  54  56  60  32  63  82  23  7  69
   8  37  7  45  44  52  89  96  40  84  35  23  18  58  41  76  99  16  74  14  90  88  3  77  91  80  67  70  46  36  15  82  51  97  32  47  28  79  75  6  53  81  59  33  39  92  72  30  63  1  93  64  94  56  57  49  12  5  61  17  66  78  83  43  60  25  2  85  27  87  11  13  98  24  10  21  34  31  55  65  86  19  50  4  69  54  73  22  26  95  48  20  42  68  62  9  29  71  38
   8  48  54  70  21  65  14  51  50  88  35  77  3  98  31  96  75  87  53  47  23  1  55  56  24  44  7  95  9  2  19  6  34  58  16  39  80  15  99  89  64  69  5  30  82  93  20  28  43  73  40  22  11  81  67  12  84  45  37  59  66  79  41  97  71  10  83  52  62  42  46  29  38  72  49  78  74  17  36  57  60  91  76  94  26  90  92  63  18  68  27  25  85  33  86  32  13  4  61
   8  77  85  59  87  71  24  65  14  36  80  75  98  84  57  64  11  5  92  9  2  56  35  18  28  70  58  16  46  94  62  19  17  51  52  66  25  15  67  83  20  47  27  90  54  30  29  44  50  31  69  82  86  6  49  4  60  99  91  73  76  43  72  32  37  55  40  61  23  74  45  34  95  26  3  12  48  88  53  79  81  13  38  10  22  68  1  97  21  96  93  63  41  7  42  33  78  89  39
   8  85  40  88  58  16  83  18  55  4  86  84  71  45  78  41  65  53  24  21  61  95  75  96  97  93  2  81  31  26  79  35  42  70  63  90  15  44  80  27  47  11  89  34  51  74  59  25  38  69  77  3  76  30  46  68  62  23  98  17  9  12  22  36  48  94  5  37  20  6  50  39  99  29  72  10  28  87  92  91  33  1  52  67  43  49  14  66  7  64  54  56  60  32  13  82  73  57  19
   9  21  18  16  30  81  27  42  25  17  39  94  90  37  36  70  51  64  34  2  26  74  48  32  3  63  99  19  46  56  45  38  79  97  60  4  73  15  43  5  11  78  35  58  83  22  57  62  41  91  12  7  72  33  8  85  28  61  55  93  65  23  54  10  47  29  88  95  6  96  69  49  13  53  82  98  24  76  52  84  14  1  20  86  87  40  44  89  67  75  92  77  31  80  66  68  71  59  50
   9  27  3  2  43  52  60  16  94  4  77  26  54  39  73  37  72  11  63  1  12  57  8  10  92  19  89  29  50  66  20  7  55  34  28  96  42  32  99  87  78  53  82  48  6  30  36  33  47  59  18  75  49  14  61  74  79  21  17  97  80  84  65  90  93  70  62  85  69  86  41  91  22  23  67  56  25  45  71  31  64  83  15  51  58  95  81  24  46  44  5  98  13  76  38  68  40  35  88
   9  32  97  66  13  51  81  10  25  6  15  36  86  73  58  53  69  74  60  77  14  70  83  31  72  45  20  91  22  4  62  88  27  7  1  56  80  99  42  41  2  79  11  87  78  12  5  68  40  19  23  34  54  44  93  85  92  43  49  71  55  95  59  18  46  35  38  82  39  64  65  17  29  37  47  89  24  94  21  67  33  30  8  75  63  61  57  90  52  26  28  96  50  3  48  84  98  16  76
   9  34  84  96  68  4  26  97  42  66  40  10  58  45  83  67  77  95  74  47  22  56  72  73  27  87  50  94  15  24  2  90  5  91  86  71  28  39  69  11  60  54  80  44  13  93  89  8  48  79  25  62  20  1  98  6  19  70  53  81  16  63  29  49  41  23  14  76  65  64  32  88  21  35  52  75  51  12  55  57  61  59  18  85  78  17  7  36  43  46  99  31  37  92  33  38  3  30  82
   9  35  3  63  49  53  74  64  6  38  44  41  42  11  34  32  52  39  66  21  57  90  7  51  56  23  61  86  20  92  95  8  17  12  73  69  54  62  77  93  22  36  84  14  94  85  13  70  47  87  26  28  50  1  89  88  37  68  33  83  46  10  81  75  58  76  60  30  96  72  79  24  78  19  31  5  40  2  48  91  15  67  59  18  99  55  65  43  25  98  45  82  71  29  4  97  16  27  80
   9  52  60  16  66  79  15  75  32  84  37  69  40  70  8  22  42  33  97  91  67  71  41  14  12  36  65  27  49  46  39  76  25  30  53  11  89  77  5  17  50  35  82  56  23  3  2  86  4  99  43  64  19  59  18  90  55  47  1  7  34  45  96  57  38  54  88  78  80  26  68  85  62  72  87  28  94  63  98  61  6  81  29  48  73  74  83  51  58  44  31  13  92  95  21  10  93  24  20
   9  56  82  78  19  33  36  30  67  98  65  88  97  59  18  99  54  42  37  91  95  10  7  73  1  35  92  53  43  32  39  4  64  81  29  48  31  17  16  3  24  57  50  21  84  96  34  44  8  77  47  22  51  52  79  55  23  69  75  93  45  85  38  94  14  5  27  6  80  12  62  11  89  71  76  87  60  2  26  61  46  90  41  25  83  63  40  70  86  58  66  68  13  49  74  72  15  28  20
   9  69  11  59  18  63  48  54  34  6  19  21  38  85  31  46  99  49  65  77  40  94  67  35  32  93  29  28  79  84  2  10  44  72  98  25  74  70  68  1  82  96  78  36  3  47  41  16  23  89  60  90  52  95  88  58  37  92  15  71  75  14  55  43  53  64  73  76  5  24  56  42  80  81  57  97  66  30  13  87  12  33  20  4  26  17  7  27  62  86  51  8  39  91  83  61  50  45  22
   9  69  35  16  37  90  25  8  96  68  4  19  94  38  81  52  77  95  98  17  40  1  33  30  39  15  80  72  71  22  26  75  5  91  86  56  20  87  50  79  6  28  74  67  46  84  24  93  83  3  60  47  55  92  31  29  13  44  99  49  97  11  21  34  41  23  14  61  89  62  88  66  51  63  64  32  12  57  73  27  85  59  18  70  76  10  43  45  7  48  53  42  36  78  2  58  54  65  82
   9  76  97  8  34  77  65  25  63  92  42  47  48  10  94  86  44  79  40  33  84  73  6  82  81  68  22  1  74  98  78  88  27  90  99  93  29  51  54  71  53  5  96  28  23  89  59  18  60  37  67  32  80  17  58  70  45  61  16  41  31  35  20  91  4  2  46  14  11  38  21  55  83  36  56  64  95  69  87  43  57  3  75  24  39  62  7  13  15  72  50  19  66  85  49  30  26  12  52
   10  19  17  96  56  20  28  15  74  16  85  36  2  32  59  53  88  69  62  86  47  22  50  55  9  8  98  78  60  64  7  87  58  42  68  51  66  29  26  94  34  81  93  23  61  75  27  4  54  99  89  80  82  3  43  79  71  84  25  83  14  63  97  67  40  46  11  30  37  13  52  77  49  44  90  91  1  21  39  35  92  12  41  57  31  48  33  70  73  5  65  18  6  76  38  24  72  95  45
   11  5  8  86  82  26  58  14  2  16  50  65  40  70  62  90  85  3  42  59  7  69  60  44  63  71  61  22  80  54  66  37  9  91  77  78  98  87  68  33  32  48  25  93  29  64  95  99  53  51  94  81  18  28  34  39  12  76  1  43  19  79  31  52  92  47  6  75  45  74  41  24  4  55  88  10  67  17  96  89  13  15  38  84  97  46  57  23  49  56  83  36  21  30  27  72  35  73  20
   11  8  40  64  14  41  85  25  28  36  23  51  60  30  32  38  18  7  63  89  93  9  39  6  48  44  35  33  71  34  81  4  75  70  87  69  31  83  95  43  50  65  78  24  17  37  58  94  16  21  97  56  1  61  22  10  45  13  79  53  86  55  84  3  2  66  52  62  20  54  72  15  98  88  73  12  26  77  42  19  74  99  91  92  67  46  57  29  82  76  49  27  68  5  59  90  47  96  80
   11  13  75  68  54  62  82  53  60  52  1  28  46  77  14  84  49  72  96  73  17  5  57  71  61  22  79  25  91  38  50  92  88  16  19  30  45  99  47  51  29  35  86  44  63  37  26  81  15  97  2  55  87  85  98  66  95  31  12  21  4  43  76  48  24  8  67  58  3  78  18  39  80  10  36  33  6  41  40  83  93  56  20  42  59  9  65  34  94  32  27  7  23  90  69  70  64  89  74
   11  13  80  23  68  67  14  8  65  66  49  88  20  41  33  38  1  70  19  97  59  9  79  44  77  4  57  76  48  24  40  81  71  51  86  17  53  12  3  61  22  34  18  99  63  37  26  36  15  29  2  10  87  85  98  21  27  30  5  31  60  56  84  35  91  43  50  47  93  64  75  90  58  92  52  6  28  45  82  7  16  54  72  96  78  73  39  94  42  46  32  62  55  95  83  25  69  89  74
   11  33  37  58  97  8  40  64  26  16  83  54  66  81  67  23  88  69  77  79  48  3  32  90  68  1  31  91  50  14  80  53  45  86  12  84  18  28  21  73  62  87  78  92  74  70  44  7  13  61  22  25  71  6  19  46  41  59  43  63  20  36  35  10  47  30  98  15  51  94  39  89  38  17  93  24  75  55  9  49  56  57  85  29  82  5  99  96  34  76  95  42  27  4  2  72  60  65  52
   11  42  10  30  68  19  37  51  17  13  66  96  52  29  56  77  26  20  49  94  28  44  34  15  90  81  74  91  93  16  1  23  85  21  61  36  39  75  2  35  27  32  92  4  59  12  54  53  41  99  88  57  89  69  31  80  62  48  82  86  33  3  47  70  43  22  73  79  50  5  71  55  65  84  9  18  25  8  6  83  98  76  14  78  38  63  60  24  97  64  72  67  7  95  40  87  45  46  58
   11  51  65  64  23  10  75  32  84  72  16  1  26  2  99  8  83  5  42  43  60  79  7  70  81  85  20  88  9  38  54  25  95  89  94  24  80  73  50  41  74  12  46  93  34  36  96  47  57  37  40  13  45  68  49  91  27  76  21  71  63  69  59  86  39  17  6  19  31  98  52  14  29  77  56  28  48  3  67  33  15  61  22  30  4  90  97  55  53  92  87  18  44  62  58  82  66  35  78
   11  55  68  84  78  88  66  74  14  72  87  12  46  35  64  63  15  79  60  3  50  85  57  28  96  99  4  83  56  18  19  5  36  10  49  70  2  92  1  61  22  73  80  62  59  82  39  75  17  67  44  29  20  90  94  24  69  89  65  31  98  16  53  48  54  42  95  91  32  58  23  77  25  47  71  30  86  41  33  13  97  43  6  81  9  7  45  38  40  52  21  8  27  76  93  26  37  51  34
   11  63  34  21  31  49  40  35  29  84  44  25  68  96  3  16  60  95  37  71  55  64  5  42  57  30  12  4  7  86  39  61  22  69  18  54  19  85  99  77  67  93  79  10  98  70  82  36  41  89  52  58  15  14  53  76  56  81  66  87  20  17  62  8  83  45  9  59  48  6  38  46  65  94  32  28  2  72  74  1  78  47  23  90  88  92  75  43  73  24  80  97  13  33  26  27  51  91  50
   11  65  37  77  71  87  46  56  74  2  76  39  18  69  86  28  8  81  14  59  3  10  53  29  24  17  19  94  80  68  5  32  43  48  67  51  66  98  83  47  38  44  36  6  26  15  27  30  13  73  54  12  50  79  31  52  23  72  7  57  34  90  99  25  82  4  40  70  84  88  41  96  62  1  49  95  60  58  92  89  85  93  61  22  21  45  35  97  75  42  55  78  9  91  16  63  64  33  20
   11  81  18  4  57  80  29  85  75  84  86  64  3  68  60  47  89  31  63  14  48  78  51  45  10  92  99  22  61  36  8  13  59  58  69  49  67  71  27  6  35  19  94  77  62  25  28  96  55  1  90  20  83  97  44  21  72  16  26  17  15  37  98  33  41  54  12  70  38  87  53  23  50  56  91  9  2  79  40  65  93  88  42  43  32  52  34  30  74  95  66  82  7  24  39  76  73  5  46
   11  86  36  84  72  16  54  63  18  14  60  90  82  55  57  93  83  5  46  13  38  24  88  67  33  73  50  26  85  96  58  10  95  89  94  9  12  81  51  69  40  66  20  76  27  47  31  32  92  41  75  98  80  79  42  74  1  30  87  99  64  77  91  71  39  17  6  4  35  56  28  52  59  65  8  25  29  48  45  3  19  61  22  15  62  43  53  44  97  34  21  49  23  68  7  2  37  70  78
   12  14  78  35  18  17  73  16  79  6  51  42  52  72  31  61  66  92  68  77  9  33  55  36  32  63  7  76  23  84  19  8  80  95  98  46  50  30  15  1  40  69  20  43  3  93  48  27  5  89  2  21  39  81  88  25  99  45  13  71  82  94  11  4  53  47  29  54  62  24  60  10  38  91  57  58  74  49  22  87  75  96  67  59  26  64  41  28  34  86  56  90  44  85  83  97  37  70  65
   12  15  60  32  62  24  37  2  45  56  54  76  69  55  42  99  35  67  36  19  79  5  25  44  83  27  78  59  9  14  81  65  38  30  57  10  85  16  20  53  33  29  71  26  89  86  1  75  82  91  3  17  64  70  94  52  18  97  22  63  51  68  58  4  72  66  95  43  80  34  50  21  61  31  8  90  92  93  88  49  87  39  28  13  77  11  46  74  73  96  6  84  40  48  7  98  47  23  41
   12  53  65  51  43  19  36  85  46  4  20  75  22  76  73  96  79  45  88  1  78  84  15  2  92  30  62  24  94  66  18  91  13  39  28  74  25  35  63  87  80  83  3  10  6  70  81  16  50  59  41  98  54  34  61  56  40  11  99  97  64  27  8  48  93  95  60  29  47  86  5  26  55  14  67  68  72  32  17  31  9  57  82  90  58  52  89  33  69  44  77  7  49  23  38  37  42  21  71
   12  58  11  70  69  81  38  49  18  87  67  4  53  71  57  23  27  80  50  6  29  56  35  85  91  19  75  9  94  84  2  77  86  79  62  64  40  25  3  65  28  68  93  96  60  88  55  47  42  1  89  43  90  31  32  20  63  52  83  14  34  97  48  30  44  78  74  21  51  95  72  45  66  16  10  82  26  92  7  17  99  24  15  22  39  37  61  76  98  36  73  33  8  5  41  13  46  54  59
   12  70  41  22  97  48  20  39  40  74  61  84  32  73  34  65  45  71  38  33  35  28  50  75  63  15  68  72  18  16  6  44  13  87  27  81  2  47  60  89  98  30  94  14  92  69  96  78  21  51  58  52  7  17  77  36  53  26  31  59  67  91  83  99  82  79  42  10  9  56  95  86  19  3  88  37  49  64  8  43  85  55  66  23  29  5  1  90  4  54  57  93  11  76  62  24  80  46  25
   12  70  91  22  47  48  20  89  40  74  11  84  32  23  34  15  95  21  38  83  85  28  50  25  13  65  68  72  18  16  6  44  63  37  77  31  2  97  60  39  98  30  94  14  92  19  96  78  71  1  58  52  57  67  27  36  3  26  81  9  17  41  33  49  82  29  42  10  59  56  45  86  69  53  88  87  99  64  8  93  35  5  66  73  79  55  51  90  4  54  7  43  61  76  62  24  80  46  75
   12  72  6  30  19  35  46  89  50  32  65  3  17  22  9  44  25  93  67  33  97  39  45  84  36  16  73  5  51  78  41  34  26  62  24  21  20  85  61  71  96  91  95  70  98  27  80  92  77  47  60  58  29  59  13  68  76  55  43  1  74  81  99  83  69  90  37  28  18  38  94  31  82  8  11  42  86  63  4  23  40  49  64  66  14  10  88  57  2  52  53  75  15  87  54  48  7  56  79
   12  72  6  30  69  85  46  39  50  32  15  53  67  22  59  44  75  43  17  83  47  89  95  84  36  16  23  55  1  78  91  34  26  62  24  71  20  35  11  21  96  41  45  70  98  77  80  92  27  97  60  58  79  9  63  68  76  5  93  51  74  31  49  33  19  90  87  28  18  38  94  81  82  8  61  42  86  13  4  73  40  99  64  66  14  10  88  7  2  52  3  25  65  37  54  48  57  56  29
   12  92  26  8  76  11  50  52  36  62  24  30  9  57  31  75  96  10  21  79  77  78  88  93  39  69  73  29  5  68  43  34  6  95  2  66  83  15  35  27  13  91  4  45  41  28  98  58  51  3  80  16  85  44  86  19  7  23  74  17  54  63  60  72  37  59  99  56  94  48  14  67  40  65  64  47  71  90  18  49  20  38  53  61  46  1  82  32  55  22  25  70  97  87  81  42  89  84  33
   12  92  26  8  76  61  50  52  36  62  24  30  59  7  81  25  96  10  71  29  27  78  88  43  89  19  23  79  55  68  93  34  6  45  2  66  33  65  85  77  63  41  4  95  91  28  98  58  1  53  80  16  35  44  86  69  57  73  74  67  54  13  60  72  87  9  49  56  94  48  14  17  40  15  64  97  21  90  18  99  20  38  3  11  46  51  82  32  5  22  75  70  47  37  31  42  39  84  83
   13  15  64  38  6  58  14  62  66  28  50  95  20  10  46  70  55  49  86  97  81  27  80  52  29  93  63  26  40  82  78  71  47  53  91  74  34  21  44  39  56  84  75  19  7  12  85  17  99  33  2  23  94  24  22  37  96  8  83  69  77  57  73  16  36  1  98  25  35  42  3  92  32  65  4  30  61  11  68  87  79  45  54  72  51  18  31  9  67  48  89  88  43  90  41  76  5  59  60
   13  24  29  62  41  7  17  70  25  42  55  52  2  61  6  21  33  18  20  89  98  90  31  67  4  65  40  87  54  28  34  16  39  99  57  92  60  43  94  37  14  3  27  59  46  84  85  76  80  83  11  38  78  8  1  45  44  51  93  47  35  15  63  26  22  95  66  74  23  48  5  69  53  9  79  73  68  58  97  19  81  10  56  75  91  77  49  30  64  82  96  72  50  71  36  88  86  12  32
   13  29  22  43  73  67  20  5  7  72  52  75  44  68  49  28  80  85  71  93  65  12  15  86  31  90  96  32  81  38  37  63  26  27  94  82  77  55  17  91  61  19  57  30  34  10  6  88  3  87  16  14  45  62  99  8  48  23  78  21  60  11  46  64  89  35  47  97  84  98  54  18  95  2  56  24  66  76  42  83  74  1  9  70  4  36  25  69  59  92  40  51  79  39  58  41  33  53  50
   13  32  29  56  38  89  5  25  91  44  94  79  36  70  58  2  8  3  80  81  88  61  42  74  17  76  54  57  18  86  46  16  39  30  43  1  53  7  78  47  21  85  72  96  11  73  63  26  20  9  19  24  60  69  6  90  65  77  12  37  67  95  40  87  28  14  22  98  27  66  97  35  31  52  92  48  15  33  59  51  49  71  75  68  23  34  99  41  55  4  50  83  62  45  93  10  82  84  64
   13  33  27  63  26  91  36  78  38  42  83  97  66  45  67  22  43  93  5  89  80  58  19  95  24  1  53  96  3  88  14  70  8  4  86  25  18  90  76  57  74  72  46  52  71  79  37  12  11  73  20  30  64  15  16  6  9  44  55  47  75  98  35  51  21  48  61  32  85  68  92  94  60  17  49  29  62  10  41  59  84  81  40  28  82  69  99  39  34  2  7  56  23  87  31  77  50  65  54
   13  39  71  14  51  64  20  12  58  28  89  82  78  23  61  9  4  27  91  57  84  49  56  70  44  83  73  53  50  62  40  99  35  38  96  72  94  24  43  59  46  21  74  36  42  10  52  81  79  63  26  75  93  98  77  18  3  97  69  29  60  88  5  30  1  90  34  45  33  2  37  87  54  11  19  92  25  65  47  67  48  31  55  7  6  15  17  68  22  8  85  86  41  32  66  76  80  95  16
   13  65  44  72  74  4  78  42  62  76  21  96  18  5  12  29  45  57  80  49  50  55  31  24  68  17  32  89  48  94  77  15  88  30  67  10  66  36  83  63  26  59  40  46  97  6  37  25  11  61  52  7  60  70  2  92  27  87  95  73  34  28  99  84  82  86  85  53  56  14  9  91  75  1  93  90  38  3  39  79  51  69  98  23  47  81  35  54  20  16  43  64  41  8  19  58  71  33  22
   13  79  40  9  44  61  62  64  95  78  67  4  60  3  39  54  83  10  77  51  97  47  57  52  91  32  31  8  84  92  20  23  93  33  38  11  99  96  49  63  26  22  94  17  29  71  58  88  45  7  66  30  21  55  34  43  41  90  15  73  80  48  72  5  53  69  50  1  19  12  25  70  14  36  16  98  24  35  6  81  28  82  76  68  74  59  37  2  86  18  56  46  65  85  89  75  27  87  42
   13  92  74  46  83  81  52  10  19  86  5  16  29  63  26  43  78  94  9  87  15  70  99  61  57  95  44  21  51  24  23  28  48  17  53  36  67  69  12  71  68  49  50  97  88  72  38  8  56  89  79  54  7  64  3  35  11  33  75  1  65  45  66  58  98  85  39  42  60  84  34  27  73  47  32  59  20  14  82  77  22  30  37  25  31  91  80  90  2  6  62  76  41  93  18  4  55  96  40
   13  95  71  91  93  21  18  48  42  66  8  37  94  27  38  24  64  23  62  97  49  30  99  7  92  11  77  2  40  44  15  56  69  84  61  33  78  34  89  1  54  52  88  98  58  45  41  90  79  59  82  96  50  57  73  16  9  76  81  31  22  70  17  75  6  32  20  10  72  4  3  68  46  83  67  85  80  14  36  87  55  19  63  26  43  35  5  51  25  86  65  74  47  53  28  29  12  39  60
   13  97  26  12  10  17  39  94  25  69  23  58  30  9  52  90  7  48  38  14  82  18  36  24  71  91  43  83  22  92  65  66  3  29  20  28  61  55  51  85  27  46  95  6  31  54  49  34  37  87  84  99  4  81  56  45  96  77  35  1  5  11  78  70  79  53  16  15  42  72  33  93  41  21  74  86  68  32  64  88  98  57  40  2  59  80  8  73  19  75  44  89  67  60  62  76  47  63  50
   14  15  50  7  21  17  93  96  37  82  94  49  9  79  62  48  40  71  44  69  31  10  42  39  59  47  60  54  72  88  35  12  51  68  11  41  85  18  25  77  5  4  19  46  56  65  24  30  20  43  1  92  67  89  61  32  86  52  34  87  16  90  38  75  26  64  28  70  74  8  73  36  23  91  84  45  29  78  80  99  55  63  13  2  97  95  6  27  53  22  58  98  76  81  66  33  57  3  83
   14  21  27  46  3  96  17  68  91  92  40  98  95  97  39  51  26  53  87  23  43  11  6  30  41  37  75  67  33  18  72  61  45  82  34  8  63  36  58  1  15  19  99  4  74  90  20  59  24  57  7  25  69  22  89  2  80  83  62  31  71  32  42  70  79  10  56  55  49  78  76  93  84  29  16  88  47  35  50  13  60  9  65  73  44  85  66  52  77  12  94  54  86  48  38  64  28  5  81
   14  22  41  23  56  46  98  70  54  16  52  87  6  3  59  91  66  95  25  86  92  81  17  67  9  48  27  15  37  64  65  80  2  44  68  24  71  69  39  94  10  63  50  57  61  20  11  78  73  99  85  77  58  76  43  53  1  29  45  83  47  12  93  96  40  8  33  4  74  13  7  18  82  32  90  51  72  84  62  35  34  19  97  55  31  75  28  30  60  5  89  36  49  42  38  79  88  21  26
   14  29  4  70  9  90  3  27  47  52  34  74  65  49  99  62  20  16  73  63  40  1  66  13  96  10  80  79  98  58  83  38  87  88  64  28  36  23  44  81  32  91  95  26  78  85  7  55  22  17  15  41  86  57  43  84  46  35  69  11  67  39  45  30  59  76  68  12  50  18  51  25  19  42  21  31  77  5  37  53  56  92  89  24  54  97  6  8  61  72  60  33  2  82  94  48  75  93  71
   14  29  9  25  63  95  55  82  52  6  62  34  79  53  58  56  92  94  76  27  2  45  8  66  72  12  38  90  75  4  73  67  50  23  51  35  24  16  60  91  5  30  47  81  78  85  7  10  22  69  15  96  86  57  43  39  98  74  42  21  83  32  33  37  46  11  31  41  40  64  28  36  77  44  97  84  19  49  99  17  59  70  61  18  13  1  20  68  89  26  65  88  54  87  48  3  80  93  71
   14  41  59  11  86  19  39  56  85  62  20  16  88  37  87  66  50  90  1  29  75  13  6  8  64  28  96  32  74  68  12  17  4  7  46  69  23  84  94  77  24  38  35  43  31  9  33  52  18  53  27  70  60  45  76  97  98  10  5  67  93  92  40  95  81  51  57  79  83  48  63  30  3  44  89  42  49  65  36  99  80  78  47  72  2  61  21  58  71  22  54  34  26  15  91  25  82  73  55
   14  71  77  46  53  96  67  68  41  92  40  98  45  47  89  1  26  3  37  73  93  61  6  30  91  87  25  17  83  18  72  11  95  82  34  8  13  36  58  51  65  69  49  4  74  90  20  9  24  7  57  75  19  22  39  2  80  33  62  81  21  32  42  70  29  10  56  5  99  78  76  43  84  79  16  88  97  85  50  63  60  59  15  23  44  35  66  52  27  12  94  54  86  48  38  64  28  55  31
   14  79  59  75  13  45  5  82  52  6  62  34  29  3  58  56  92  94  76  77  2  95  8  66  72  12  38  90  25  4  23  17  50  73  1  85  24  16  60  41  55  30  97  31  78  35  57  10  22  19  65  96  86  7  93  89  98  74  42  71  33  32  83  87  46  61  81  91  40  64  28  36  27  44  47  84  69  99  49  67  9  70  11  18  63  51  20  68  39  26  15  88  54  37  48  53  80  43  21
   14  98  23  95  16  69  43  12  41  42  74  94  27  4  21  77  53  44  34  89  20  81  66  52  49  91  18  32  54  88  75  56  19  15  82  22  37  10  38  57  92  33  8  51  31  1  9  39  5  73  84  97  46  17  26  25  61  65  3  47  7  58  64  28  67  79  62  78  76  68  13  70  35  87  24  6  99  93  11  59  83  72  60  63  86  48  50  96  55  2  80  30  40  45  71  29  36  90  85
   14  98  73  45  16  19  93  12  91  42  74  94  77  4  71  27  3  44  34  39  20  31  66  52  99  41  18  32  54  88  25  56  69  65  82  22  87  10  38  7  92  83  8  1  81  51  59  89  55  23  84  47  46  67  26  75  11  15  53  97  57  58  64  28  17  29  62  78  76  68  63  70  85  37  24  6  49  43  61  9  33  72  60  13  86  48  50  96  5  2  80  30  40  95  21  79  36  90  35
   15  9  6  25  3  95  58  22  82  26  43  14  93  13  66  76  51  74  40  67  88  45  17  86  37  52  99  90  79  84  39  7  81  83  73  35  20  36  69  11  65  30  34  1  8  85  80  10  91  49  94  16  89  97  23  19  55  54  92  41  2  72  59  77  18  31  32  61  96  44  42  56  68  24  12  64  98  29  75  57  33  70  50  78  71  21  4  28  60  46  5  48  87  27  38  63  47  53  62
   15  9  6  70  3  90  66  67  49  92  7  54  45  29  39  2  28  36  50  23  71  21  99  73  41  10  17  59  77  18  76  98  69  48  34  88  26  83  81  1  60  11  42  46  74  85  75  55  91  57  94  61  84  97  89  64  63  35  87  31  14  19  65  30  79  96  20  52  33  78  40  25  86  82  16  51  80  5  58  13  43  32  27  4  44  37  56  68  24  12  72  93  95  22  38  8  47  53  62
   15  10  24  11  89  55  60  70  20  18  45  64  50  32  74  17  40  48  97  81  49  87  41  54  16  33  65  30  67  12  84  2  58  61  53  52  76  22  13  73  77  35  99  75  34  3  14  23  56  7  95  1  31  59  29  9  72  47  28  63  42  90  83  98  38  85  21  4  25  92  86  88  62  69  91  68  94  79  80  51  6  96  27  43  39  36  93  46  66  78  19  8  37  71  44  5  57  82  26
   15  10  84  51  49  55  60  70  20  38  45  24  50  12  34  97  40  68  77  21  9  67  81  14  56  53  65  30  47  92  44  82  78  1  73  32  16  2  33  93  57  35  59  75  94  23  74  43  96  87  95  41  71  19  89  69  52  27  48  83  22  90  3  18  58  85  61  64  25  72  26  8  42  29  31  88  54  39  80  91  46  36  7  63  99  76  13  86  6  98  79  28  17  11  4  5  37  62  66
   15  29  86  70  43  90  46  27  69  52  67  74  45  49  59  62  68  16  50  63  51  1  19  13  21  10  77  79  37  58  56  38  89  88  54  28  6  23  61  81  60  91  2  26  94  85  75  55  71  17  14  41  4  57  9  84  3  35  47  11  34  39  65  30  99  76  20  12  73  18  40  25  66  42  96  31  80  5  98  53  83  92  87  24  64  97  36  8  44  72  32  33  95  82  78  48  7  93  22
   15  49  66  25  83  95  38  42  2  86  23  54  73  93  26  36  11  14  40  87  68  45  37  46  57  72  39  90  19  24  79  27  41  63  53  35  20  96  9  71  65  30  74  61  88  85  80  10  51  89  34  76  29  17  3  59  55  94  12  1  22  92  99  97  98  91  52  21  56  84  62  16  48  64  32  4  78  69  75  77  13  70  50  58  31  81  44  8  60  6  5  28  7  47  18  43  67  33  82
   15  49  66  70  83  90  26  87  89  12  27  94  45  69  79  22  8  96  50  3  31  81  39  53  1  10  37  99  97  98  36  78  9  28  74  68  86  63  41  61  60  71  62  6  14  85  75  55  51  77  34  21  24  17  29  4  43  35  7  91  54  59  65  30  19  56  20  72  13  58  40  25  46  2  76  11  80  5  38  93  23  52  47  44  84  57  16  48  64  32  92  73  95  42  18  88  67  33  82
   15  69  46  25  23  95  78  2  62  66  63  74  13  33  6  16  91  34  40  47  8  45  97  26  17  32  59  90  39  44  99  87  21  3  93  35  20  76  29  51  65  30  94  41  28  85  80  10  31  9  54  56  49  77  43  79  55  14  72  81  82  52  19  57  38  71  12  1  36  4  22  96  88  84  92  24  18  89  75  37  53  70  50  98  11  61  64  48  60  86  5  68  67  7  58  83  27  73  42
   15  69  46  70  23  90  6  47  9  72  87  14  45  89  99  82  48  76  50  43  11  61  59  93  81  10  97  19  57  38  16  18  29  68  94  8  66  3  21  41  60  51  22  86  34  85  75  55  31  37  54  1  44  77  49  24  83  35  67  71  74  79  65  30  39  36  20  32  53  98  40  25  26  62  56  91  80  5  78  33  63  12  7  64  4  17  96  88  84  92  52  13  95  2  58  28  27  73  42
   15  70  7  67  13  35  84  90  16  46  74  8  51  4  86  49  37  56  25  57  42  39  14  38  27  1  18  10  60  64  82  94  19  17  83  44  21  34  2  81  43  95  89  75  68  91  29  31  22  79  55  97  28  23  33  73  20  59  40  11  65  30  50  6  78  45  80  88  9  24  53  36  77  93  52  96  5  63  99  47  48  12  26  71  41  92  72  62  61  66  69  76  3  87  98  85  58  54  32
   15  70  47  7  73  35  64  90  36  66  54  68  71  84  6  29  77  76  25  97  82  19  94  98  67  21  78  10  60  44  22  74  99  57  43  24  41  14  42  1  3  95  69  75  28  11  9  51  62  59  55  37  88  83  93  33  20  39  40  31  65  30  50  26  38  45  80  48  89  4  13  56  17  53  92  16  5  23  79  87  8  52  46  91  61  32  12  2  81  86  49  96  63  27  58  85  18  34  72
   16  2  54  55  74  81  89  88  47  58  43  6  36  96  83  73  38  56  24  61  37  69  15  48  76  59  51  68  39  12  67  44  40  35  14  78  50  90  95  93  20  17  60  99  79  49  64  11  65  77  86  53  27  33  84  25  7  85  9  3  26  42  23  72  29  71  97  22  66  32  80  30  34  63  1  94  82  57  46  91  75  28  31  87  18  52  13  4  62  98  8  70  92  5  19  21  41  10  45
   16  56  18  44  68  73  50  36  48  66  32  90  87  51  33  25  28  30  3  97  11  54  84  99  77  67  39  47  15  24  49  62  58  85  86  38  69  45  5  61  59  13  72  35  63  4  14  94  93  29  40  88  55  92  98  17  1  89  82  31  22  9  80  96  91  37  57  8  42  64  2  81  20  95  52  21  53  70  74  7  60  34  79  23  78  43  26  76  65  46  75  10  71  41  83  6  27  12  19
   17  11  25  96  38  14  54  91  20  44  47  16  62  19  58  48  3  84  12  31  99  35  79  37  67  34  13  75  77  86  50  24  36  52  93  10  15  53  9  97  63  45  42  68  61  39  22  7  5  59  94  85  89  95  6  2  65  57  64  87  88  21  72  56  28  76  49  26  41  66  46  33  60  70  92  51  82  27  80  1  71  32  40  74  73  23  55  98  18  4  69  29  81  30  43  90  8  83  78
   17  20  74  36  59  69  47  55  98  64  58  51  26  81  61  4  89  3  71  83  97  46  37  77  90  21  92  57  33  5  6  24  45  19  56  15  85  32  88  86  50  8  60  87  68  29  34  23  27  99  82  79  25  63  40  30  52  44  1  35  41  48  73  18  38  95  10  96  28  16  2  53  62  22  9  78  7  42  66  94  93  75  54  80  43  84  14  67  11  13  49  91  39  12  31  70  65  76  72
   17  28  66  14  47  29  68  90  71  74  45  44  61  67  34  87  2  46  81  83  35  30  91  49  13  55  96  89  59  16  7  52  32  53  77  24  3  21  8  39  12  41  50  73  92  48  42  72  4  1  11  86  63  76  27  15  99  97  75  9  85  5  94  22  82  65  51  78  40  56  6  43  57  23  88  31  80  26  38  93  98  70  33  25  79  19  20  10  18  54  58  84  69  37  62  36  95  64  60
   17  42  92  48  84  52  38  61  46  58  20  30  54  85  79  71  1  35  62  11  86  28  36  49  51  31  50  22  95  12  26  70  65  83  18  23  64  7  97  43  80  2  40  72  69  9  57  4  24  27  25  6  60  13  74  78  47  10  89  53  8  19  77  37  33  99  82  88  45  32  16  44  73  55  76  75  63  56  15  41  93  67  34  5  14  21  91  68  59  98  87  3  81  96  29  94  39  90  66
   17  55  39  19  37  89  62  32  78  94  72  33  46  43  42  16  76  7  58  73  41  70  91  63  28  99  93  18  60  96  35  4  21  56  49  97  2  6  1  9  86  68  92  82  22  5  69  10  11  31  38  64  50  13  57  44  81  84  29  79  98  30  53  75  54  88  80  90  48  36  27  12  14  47  3  65  20  26  24  83  95  71  67  34  87  15  45  59  25  74  85  66  23  77  52  61  8  51  40
   17  61  98  87  57  3  80  45  63  48  68  75  96  12  41  52  20  65  39  37  85  8  35  74  79  10  64  88  29  42  33  67  34  43  46  38  93  95  53  19  49  71  13  70  6  90  54  92  27  83  44  26  5  58  91  72  32  7  2  89  40  99  14  76  1  15  23  73  56  82  86  62  55  18  4  16  94  84  78  47  66  9  81  30  36  24  25  21  31  28  60  59  11  51  22  69  97  77  50
   17  76  80  8  58  27  95  75  16  92  81  97  20  10  4  86  46  29  61  83  71  23  33  82  56  68  45  51  37  98  7  88  25  90  89  43  57  1  65  21  50  55  66  28  99  39  26  18  52  87  59  32  47  67  34  70  15  11  13  91  42  85  48  41  94  2  44  14  40  38  84  5  6  36  31  64  22  19  74  93  78  53  77  24  49  62  79  63  54  72  3  69  96  35  73  30  9  12  60
   17  97  55  8  81  70  25  4  48  84  52  47  22  94  53  76  1  35  74  21  20  13  29  90  7  95  40  36  23  86  38  75  65  83  18  28  60  31  50  27  78  64  62  71  98  92  12  9  79  39  80  11  15  96  3  77  69  72  87  37  61  43  73  42  33  99  82  93  57  6  44  58  63  19  32  16  56  41  49  51  5  67  34  10  88  30  59  85  91  24  89  46  68  14  26  54  2  45  66
   18  5  50  9  27  79  91  52  19  34  78  63  83  73  94  76  80  77  28  3  97  70  54  93  33  89  20  98  64  56  45  44  37  16  57  67  95  66  75  99  35  48  53  2  72  55  88  10  40  41  87  4  29  43  7  84  82  24  58  69  92  30  6  25  62  68  36  90  38  96  51  32  1  17  8  15  23  86  60  13  85  81  31  74  39  65  22  49  11  14  46  26  12  47  42  71  59  61  21
   18  23  48  90  83  30  61  49  89  24  58  38  55  63  13  94  40  92  51  81  80  87  42  31  52  70  60  73  26  46  21  6  69  56  68  36  32  1  28  47  84  17  65  62  86  95  9  85  14  79  5  67  82  59  41  8  2  45  3  57  29  93  15  10  33  12  16  44  50  66  37  75  53  54  27  97  99  35  19  11  72  4  43  88  98  39  22  96  7  64  20  71  74  34  78  76  25  91  77
   18  23  83  75  81  65  85  34  24  22  94  58  73  11  46  72  4  78  12  49  74  15  96  42  64  44  6  30  25  48  51  29  50  1  37  45  88  92  20  17  35  10  89  47  86  95  9  70  14  3  5  52  82  59  41  93  26  38  54  27  21  84  71  19  2  57  97  67  80  68  36  32  99  28  39  8  53  63  13  79  33  90  7  66  31  87  40  16  43  62  55  56  98  69  76  61  60  91  77
   18  70  47  62  17  8  13  19  51  54  7  64  43  33  22  65  82  91  89  93  95  88  99  75  48  15  29  12  68  36  85  24  86  27  9  1  21  87  84  69  97  30  31  94  2  49  80  38  25  71  52  92  61  57  37  56  20  46  40  39  81  11  72  79  14  59  45  10  98  76  35  6  50  63  23  77  28  44  78  3  26  55  73  83  67  5  42  90  60  34  58  53  74  96  32  4  16  66  41
   18  73  33  25  31  15  35  34  24  22  94  58  23  61  46  72  4  78  12  99  74  65  96  42  64  44  6  30  75  48  1  79  50  51  87  95  88  92  20  67  85  10  39  97  86  45  59  70  14  53  55  52  82  9  91  43  26  38  54  77  71  84  21  69  2  7  47  17  80  68  36  32  49  28  89  8  3  13  63  29  83  90  57  66  81  37  40  16  93  62  5  56  98  19  76  11  60  41  27
   18  85  46  42  98  22  64  58  97  52  43  5  7  90  24  30  82  91  65  23  77  93  88  68  36  87  99  34  12  38  61  89  86  27  9  66  29  39  53  1  51  56  37  21  19  8  95  3  40  47  67  57  76  16  54  83  26  72  94  71  50  63  80  44  14  59  45  75  74  78  79  28  20  35  11  70  17  49  60  33  2  55  73  48  69  62  6  31  96  32  4  92  25  10  13  84  15  81  41
   19  16  27  28  94  7  15  75  33  72  22  77  68  10  54  26  4  89  40  3  44  43  46  62  71  88  2  91  34  18  98  8  57  90  9  63  39  41  14  61  23  55  36  48  93  99  69  38  60  67  97  12  80  47  78  70  95  51  56  31  21  85  20  81  64  82  86  74  1  58  11  5  53  76  96  24  45  79  17  13  87  73  25  84  49  42  37  83  65  52  50  29  6  35  59  30  66  92  32
   19  32  60  56  6  89  65  25  12  44  67  79  40  70  28  2  22  3  27  81  97  61  31  74  92  76  15  57  59  86  49  16  75  30  23  1  99  7  55  47  50  85  62  96  93  73  82  26  64  9  13  24  29  69  38  90  5  77  91  37  94  95  36  87  58  14  8  98  80  66  88  35  42  52  17  48  54  33  18  51  46  71  39  68  43  34  53  41  78  4  21  83  72  45  11  10  63  84  20
   19  45  32  94  78  54  82  6  58  64  50  85  60  30  98  10  65  87  18  11  3  1  40  76  27  59  69  38  20  66  14  73  61  39  33  62  42  23  72  57  28  92  25  97  41  56  55  71  37  79  26  49  22  12  86  31  48  4  29  47  51  91  99  8  68  63  74  75  5  46  89  96  16  95  52  90  43  93  84  81  77  35  2  36  13  34  53  67  21  24  7  44  9  70  83  88  15  17  80
   19  69  38  93  82  47  61  23  53  16  41  37  21  28  62  10  98  73  1  59  13  48  8  52  63  46  95  14  45  54  83  81  40  55  77  72  12  3  96  33  11  79  60  84  29  26  6  22  49  51  50  24  9  30  34  90  67  87  20  43  7  15  25  86  92  71  57  99  2  74  66  36  18  70  88  78  35  76  42  89  32  5  31  44  97  64  58  75  80  56  94  65  4  91  27  39  85  17  68
   19  79  85  56  67  90  75  28  36  88  64  29  54  58  71  32  7  45  18  47  40  91  3  30  49  65  80  52  61  2  66  25  55  81  26  96  20  17  50  89  46  48  34  97  86  44  84  63  53  73  60  77  5  72  21  39  83  4  9  59  27  1  11  94  31  93  74  51  99  42  8  6  41  33  24  12  92  87  43  57  35  69  38  70  16  10  13  95  37  68  23  22  76  98  82  78  14  15  62
   19  94  44  36  88  64  66  27  22  6  40  10  78  95  53  97  7  45  34  77  2  96  52  43  57  17  50  54  65  84  82  90  55  81  26  61  48  49  79  1  60  14  80  4  83  63  99  28  68  89  75  42  20  91  18  46  29  70  23  71  56  33  39  59  31  93  74  16  15  24  12  8  11  85  32  25  41  92  5  87  51  69  38  35  98  47  37  76  13  86  9  21  67  72  3  58  73  30  62
   19  96  62  98  29  3  76  30  97  18  15  8  27  69  38  9  14  22  67  81  45  10  37  43  91  85  72  23  13  12  49  64  24  71  39  68  21  47  56  73  84  87  50  11  44  36  94  4  28  7  77  2  41  32  89  5  93  79  25  63  95  35  58  54  74  55  57  46  80  92  42  1  99  61  16  17  60  82  66  51  86  90  31  75  53  33  40  70  26  78  6  88  83  59  34  52  65  48  20
   20  3  85  92  97  30  31  96  13  16  39  53  27  6  67  24  18  65  43  79  56  87  37  10  68  5  44  64  51  14  95  25  66  17  12  72  41  69  9  73  11  36  32  29  74  8  98  91  34  61  83  89  45  4  19  23  75  28  52  63  48  57  78  58  47  1  99  7  26  94  80  42  71  81  93  84  60  59  77  49  62  33  35  90  82  70  40  15  50  76  22  54  38  86  2  46  88  55  21
   20  13  4  43  76  51  49  58  55  62  75  17  35  45  81  42  21  73  85  29  12  38  60  95  89  61  82  56  1  68  24  70  40  44  2  25  39  90  74  77  27  92  3  72  91  19  50  32  94  53  93  30  47  15  86  66  96  84  18  67  63  78  26  11  87  28  23  52  5  48  80  34  59  37  64  69  33  10  83  99  54  41  88  8  46  9  98  79  36  22  14  16  6  7  31  97  57  65  71
   20  33  35  12  67  30  41  56  43  76  29  83  97  66  37  64  98  15  73  69  16  57  7  10  48  55  84  4  61  54  45  75  26  87  32  92  51  59  99  3  21  96  52  19  14  88  78  1  74  71  13  79  95  44  9  53  25  8  72  93  28  27  58  38  17  11  89  77  86  34  80  62  81  91  23  24  60  49  47  39  82  63  85  90  2  70  40  65  50  36  42  94  18  46  22  6  68  5  31
   20  48  15  52  34  9  33  88  6  78  26  70  40  83  3  25  81  90  86  1  66  82  60  67  16  11  49  51  42  92  80  46  7  5  74  54  58  85  45  13  75  29  43  55  39  32  91  2  27  57  28  4  94  36  44  61  50  37  84  23  56  97  71  68  89  21  24  64  99  12  63  73  72  35  41  93  87  10  95  31  17  22  14  59  38  19  77  8  65  18  47  30  76  53  79  98  62  96  69
   20  53  35  92  47  30  81  96  63  16  89  3  77  6  17  24  18  15  93  29  56  37  87  10  68  55  44  64  1  14  45  75  66  67  12  72  91  19  59  23  61  36  32  79  74  8  98  41  34  11  33  39  95  4  69  73  25  28  52  13  48  7  78  58  97  51  49  57  26  94  80  42  21  31  43  84  60  9  27  99  62  83  85  90  82  70  40  65  50  76  22  54  38  86  2  46  88  5  71
   20  63  85  32  37  30  51  16  73  36  19  13  67  26  7  4  78  65  3  59  76  27  77  10  28  5  24  44  71  94  95  25  86  57  52  12  61  49  89  33  31  56  72  9  54  68  58  11  14  81  43  69  45  84  99  83  75  88  92  23  8  97  38  18  87  21  79  47  46  74  80  82  91  1  53  64  60  39  17  29  2  93  35  90  22  70  40  15  50  96  62  34  98  6  42  66  48  55  41
   20  64  73  10  81  95  12  93  91  84  38  11  63  14  53  28  69  41  66  21  78  43  34  8  7  92  82  85  48  86  80  58  68  94  18  77  56  45  74  27  61  67  55  90  98  99  59  4  23  39  44  46  22  83  3  16  2  35  50  37  5  97  29  71  33  30  25  36  79  6  89  47  65  96  32  54  1  31  87  51  17  13  62  42  88  70  40  9  57  24  52  75  15  19  26  76  60  72  49
   20  68  15  32  94  69  53  8  46  98  66  70  40  3  23  25  21  90  26  41  6  62  60  47  56  51  9  91  22  72  80  86  87  5  34  14  78  85  45  33  75  89  63  55  99  12  31  82  7  37  48  64  54  76  4  1  50  17  44  43  96  77  11  88  49  61  84  24  59  92  83  93  52  35  81  13  67  10  95  71  97  2  74  19  58  79  57  28  65  38  27  30  16  73  39  18  42  36  29
   20  68  65  32  94  19  3  8  46  98  66  70  40  53  73  75  71  90  26  91  6  62  60  97  56  1  59  41  22  72  80  86  37  55  34  14  78  35  95  83  25  39  13  5  49  12  81  82  57  87  48  64  54  76  4  51  50  67  44  93  96  27  61  88  99  11  84  24  9  92  33  43  52  85  31  63  17  10  45  21  47  2  74  69  58  29  7  28  15  38  77  30  16  23  89  18  42  36  79
   20  83  64  13  16  41  59  78  5  42  25  47  85  95  71  22  11  43  35  39  92  58  60  45  99  51  62  96  91  88  84  70  40  4  82  75  49  90  34  7  57  72  73  52  81  29  50  12  54  23  63  30  77  65  26  6  36  44  38  97  33  98  66  1  17  48  93  32  55  68  80  94  69  67  24  79  3  10  53  9  14  31  8  28  86  19  18  89  76  2  74  56  46  37  21  27  87  15  61
   20  84  13  10  61  95  72  33  71  4  78  91  3  34  93  68  89  21  46  1  18  83  54  48  67  52  42  85  88  66  80  98  8  14  58  37  36  45  94  87  41  27  55  90  38  19  79  24  63  59  64  26  82  23  43  96  62  35  50  97  5  57  49  51  73  30  25  16  99  86  9  7  65  76  92  74  81  11  47  31  77  53  22  2  28  70  40  29  17  44  12  75  15  39  6  56  60  32  69
   20  88  65  12  54  79  23  28  86  18  6  70  40  73  93  75  11  90  66  31  46  42  60  77  96  41  19  81  2  52  80  26  17  55  94  74  98  35  95  3  25  99  33  5  9  92  21  62  37  67  68  24  14  16  64  91  50  47  4  13  36  7  1  8  59  51  44  84  69  72  53  63  32  85  71  83  97  10  45  61  27  82  34  29  78  89  87  48  15  58  57  30  56  43  49  38  22  76  39
   20  93  35  52  7  30  61  76  3  96  9  43  37  86  77  44  58  15  33  49  36  97  47  10  8  55  64  84  81  34  45  75  46  27  72  32  71  39  79  63  41  16  92  99  94  48  38  21  54  91  73  59  95  24  89  13  25  68  12  53  88  67  18  98  57  31  69  17  6  14  80  2  1  11  83  4  60  29  87  19  22  23  85  90  42  70  40  65  50  56  82  74  78  66  62  26  28  5  51
   21  8  93  54  97  19  89  90  25  14  35  84  34  37  2  57  61  6  40  13  66  30  27  39  68  5  80  79  18  76  78  72  63  83  69  64  20  31  98  29  38  51  59  3  82  28  45  92  60  11  87  46  26  36  17  65  48  67  81  99  95  55  71  42  74  15  22  58  91  16  85  73  1  53  43  41  56  86  49  23  77  70  52  75  47  9  33  10  88  94  32  24  50  7  12  96  62  4  44
   21  46  96  24  92  76  94  93  98  54  60  90  2  5  27  23  13  55  6  43  18  64  68  37  63  3  50  86  35  56  38  10  45  79  34  99  32  91  61  59  40  26  20  36  97  17  41  52  12  51  25  78  80  69  62  14  11  30  57  89  4  47  1  81  29  87  66  44  85  16  8  72  49  15  88  75  19  28  95  33  9  71  42  65  82  73  83  84  67  74  31  39  53  48  77  22  7  70  58
   21  61  15  4  53  10  25  52  24  92  76  11  86  22  89  88  13  55  62  73  60  69  77  70  91  35  20  68  99  18  94  75  45  79  34  64  80  3  50  51  14  32  6  23  74  96  56  17  27  7  40  43  95  48  39  1  97  36  31  81  93  59  49  46  29  87  66  9  41  78  72  54  19  47  16  8  28  33  37  63  65  71  42  30  44  90  67  5  83  12  57  98  84  82  38  2  26  85  58
   21  63  7  38  67  88  40  4  86  76  13  94  26  91  37  53  68  59  47  69  28  33  52  90  48  11  41  1  50  54  80  83  95  46  32  24  98  8  31  3  82  57  58  12  14  70  84  77  43  71  42  75  81  66  9  6  51  49  73  93  20  96  85  10  17  30  78  65  61  34  29  79  18  87  23  64  25  5  99  39  16  27  35  19  2  55  89  56  74  36  45  62  97  44  22  92  60  15  72
   22  54  29  85  68  87  89  76  43  66  2  62  21  92  83  71  19  12  82  47  60  63  18  96  27  93  14  36  42  24  25  88  37  45  86  6  51  30  74  11  16  59  84  73  13  23  7  97  15  79  32  31  58  91  98  75  3  95  69  81  61  34  72  44  41  17  26  94  48  64  99  10  5  1  52  38  77  39  53  57  9  56  80  49  78  4  50  8  65  46  40  90  20  35  33  67  28  70  55
   22  67  92  10  7  70  69  21  81  96  82  2  95  27  77  26  60  68  79  49  20  23  18  99  8  30  40  17  54  34  9  74  1  24  72  44  28  29  12  63  36  93  85  98  94  55  61  65  6  91  45  43  78  11  89  32  58  5  87  53  41  97  35  90  57  48  64  76  50  14  73  75  37  66  83  13  71  15  51  19  88  16  47  52  42  31  38  84  3  56  80  59  46  86  62  4  25  39  33
   23  4  59  2  11  97  7  70  75  82  5  92  42  31  26  91  43  78  20  19  58  90  1  57  84  15  40  77  34  88  14  36  69  29  47  32  60  53  74  27  94  13  17  89  66  64  35  96  80  93  81  98  38  68  71  95  24  21  3  37  85  65  73  46  62  45  86  54  33  8  55  99  63  39  9  83  28  18  87  49  51  10  76  25  61  67  79  30  44  22  16  12  50  41  56  48  6  52  72
   23  45  41  61  3  91  78  8  82  86  68  27  74  17  98  4  44  33  2  87  79  30  29  97  32  81  67  42  40  24  65  76  99  64  31  43  38  14  19  71  34  92  48  58  18  95  11  90  9  89  22  16  50  47  83  36  39  96  51  1  62  70  7  25  26  72  20  10  12  84  13  28  66  93  57  35  80  94  56  77  5  49  73  46  53  85  55  21  75  6  15  54  37  63  88  59  52  69  60
   23  72  59  76  98  19  55  75  61  24  74  9  56  70  18  42  68  13  80  51  48  31  82  54  7  96  34  47  78  6  66  36  69  30  53  71  63  97  38  37  91  35  12  16  81  83  73  46  20  39  49  4  60  99  26  90  15  67  52  27  57  45  40  77  88  94  62  58  17  86  87  85  1  92  32  8  65  43  89  21  79  41  25  28  33  14  29  11  5  84  50  93  2  95  3  10  22  64  44
   24  81  5  27  11  63  72  45  42  8  40  75  94  52  21  92  83  65  76  77  6  68  55  54  84  10  74  48  38  82  86  7  1  3  56  98  25  95  51  99  60  91  31  70  62  90  37  32  50  43  57  46  58  18  97  12  80  47  23  69  28  79  16  96  61  15  20  33  19  22  85  2  35  78  59  36  44  64  9  87  93  89  14  30  66  4  53  41  13  88  29  39  73  71  26  49  34  17  67
   24  90  7  94  19  96  40  53  80  98  47  68  64  71  18  55  15  17  26  91  45  56  50  25  1  5  36  44  86  32  62  88  51  49  29  87  54  69  20  3  46  10  38  78  84  63  92  6  67  77  66  4  89  59  79  72  31  2  37  93  9  57  41  73  14  33  34  70  43  12  65  22  13  81  76  99  23  28  16  61  95  85  82  21  83  35  27  30  8  58  39  11  97  52  74  48  60  42  75
   24  90  57  94  69  96  40  3  80  98  97  68  64  21  18  5  65  67  26  41  95  56  50  75  51  55  36  44  86  32  62  88  1  99  79  37  54  19  20  53  46  10  38  78  84  13  92  6  17  27  66  4  39  9  29  72  81  2  87  43  59  7  91  23  14  83  34  70  93  12  15  22  63  31  76  49  73  28  16  11  45  35  82  71  33  85  77  30  8  58  89  61  47  52  74  48  60  42  25
   25  26  80  44  22  56  91  33  17  74  24  90  81  5  49  63  46  55  85  83  48  84  69  97  28  43  39  66  95  36  29  10  2  99  42  19  23  71  27  79  11  6  93  16  37  77  67  12  98  31  1  18  76  89  52  34  14  30  38  9  60  7  62  61  87  47  53  64  86  96  58  32  8  15  3  75  50  68  35  73  78  51  45  65  54  13  92  4  41  94  40  59  20  88  57  82  21  70  72
   25  34  20  96  98  4  19  97  53  66  16  10  29  45  41  67  14  95  65  47  32  56  21  73  52  87  51  94  55  24  61  90  18  91  78  71  7  39  43  11  99  54  37  44  33  93  3  8  82  79  9  62  84  1  68  6  26  70  42  81  40  63  58  49  83  23  77  76  74  64  22  88  72  35  27  75  50  12  15  57  2  59  5  85  86  17  28  36  69  46  60  31  80  92  13  38  89  30  48
   25  38  40  72  86  28  83  29  21  62  12  70  53  65  37  19  98  15  5  79  24  92  97  61  64  59  7  58  35  68  77  30  26  87  46  47  99  23  51  27  43  78  9  8  81  1  71  56  74  3  13  34  88  57  76  42  82  90  94  17  80  91  6  93  31  11  89  32  18  48  54  16  4  95  39  75  50  84  55  49  14  63  85  45  2  69  96  52  33  22  20  67  60  44  41  66  73  10  36
   25  66  80  4  2  96  31  53  97  34  84  90  21  5  9  83  86  55  85  3  68  44  29  77  48  63  99  6  95  76  89  10  82  59  22  79  43  11  7  39  51  46  13  56  17  57  47  92  18  71  41  38  16  49  32  94  74  30  58  69  60  87  42  1  67  27  73  24  26  36  78  12  28  15  23  75  50  88  35  93  98  91  45  65  14  33  72  64  81  54  40  19  20  8  37  62  61  70  52
   25  94  20  36  18  64  79  77  73  6  56  10  89  45  81  47  74  95  65  27  12  96  61  93  32  67  91  54  55  84  1  90  38  31  98  11  87  99  63  51  59  14  17  4  53  13  23  28  62  39  69  42  44  41  88  46  66  70  22  21  40  83  78  9  3  43  57  16  34  24  2  8  52  35  7  75  50  92  15  37  82  19  5  85  26  97  48  76  29  86  60  71  80  72  33  58  49  30  68
   26  31  2  49  39  97  3  23  8  95  55  85  12  92  32  77  18  37  48  65  27  5  72  47  91  58  7  20  86  87  61  30  28  80  41  45  42  19  11  17  63  79  67  76  44  68  50  13  66  1  75  70  99  52  62  4  98  78  93  6  46  16  89  9  69  24  83  64  53  36  74  96  29  54  10  43  94  81  15  14  40  71  73  21  60  56  59  82  90  84  38  22  34  25  57  33  51  88  35
   26  35  50  63  89  53  37  64  33  38  46  41  81  11  58  32  60  39  96  21  79  90  78  51  31  23  40  86  48  92  15  8  59  12  99  69  65  62  25  93  45  36  71  14  4  85  16  70  80  87  9  28  3  1  49  88  74  68  6  83  44  10  42  75  34  76  52  30  66  72  57  24  7  19  56  5  61  2  20  91  95  67  17  18  73  55  54  43  77  98  22  82  84  29  94  97  13  27  47
   27  91  38  97  67  93  80  95  53  88  8  25  76  72  71  12  20  15  9  47  35  48  85  94  49  10  84  28  99  2  23  77  54  33  26  78  83  45  43  89  19  1  3  70  86  90  74  52  37  73  64  6  55  98  21  32  92  17  62  59  40  69  34  56  31  65  13  63  36  42  66  22  5  58  24  96  14  4  18  57  46  79  11  30  16  44  75  51  61  68  60  29  41  81  82  39  7  87  50
   28  35  40  8  78  56  53  38  5  64  26  44  61  95  98  31  15  23  84  11  51  45  25  36  27  63  82  71  21  66  89  85  22  70  33  90  65  4  80  57  77  1  99  94  41  34  69  75  58  79  7  73  16  30  86  88  42  93  18  47  19  92  2  76  68  54  55  67  20  46  50  49  9  39  52  10  48  17  72  81  3  91  32  97  13  59  74  6  37  24  14  96  60  12  83  62  43  87  29
   28  68  14  70  11  15  74  41  50  8  85  7  73  18  21  36  25  17  23  77  93  91  5  96  84  4  37  45  19  82  29  46  94  78  56  49  80  65  9  99  24  79  55  30  62  63  20  48  13  43  40  2  1  71  97  92  44  95  67  69  6  89  31  27  61  10  53  32  42  22  86  39  58  52  59  98  34  47  76  87  60  81  16  54  66  90  72  33  38  88  57  75  35  3  26  12  83  64  51
   29  57  26  19  9  11  60  65  31  76  16  75  52  44  17  24  40  5  43  69  45  96  95  38  23  70  68  56  73  54  21  79  58  91  2  6  41  15  61  3  13  27  81  90  22  30  98  4  99  71  28  62  85  46  67  64  84  59  74  93  80  63  18  12  37  55  51  1  72  34  82  94  35  66  48  92  78  8  86  39  42  33  97  10  32  88  25  77  47  36  20  83  7  87  14  53  89  49  50
   29  89  35  96  97  90  25  48  76  8  24  39  14  78  61  12  37  95  38  77  40  81  73  30  59  15  80  32  51  82  6  75  5  71  66  36  20  47  50  99  86  68  94  27  26  4  44  33  23  43  60  7  55  52  11  49  53  64  19  69  57  91  1  54  21  63  34  41  9  22  28  46  31  3  84  92  72  17  13  87  85  79  58  70  56  10  83  45  67  88  93  2  16  18  62  98  74  65  42
   31  23  14  41  51  29  40  35  9  64  24  25  28  16  63  36  60  95  77  91  55  44  5  82  97  30  52  84  47  6  19  81  62  49  78  34  99  85  79  17  7  53  59  10  58  70  22  56  61  69  92  18  15  94  13  96  76  1  86  27  20  57  2  68  43  45  89  39  8  26  98  66  65  74  72  88  42  12  54  21  38  87  83  90  48  32  75  3  33  4  80  37  73  93  46  67  71  11  50
   31  73  75  28  34  2  22  13  60  92  21  88  66  17  94  64  29  12  16  33  57  5  97  91  81  62  59  25  11  98  50  32  48  36  99  30  45  79  87  71  9  35  6  24  23  77  46  1  15  37  42  55  27  85  58  86  95  51  52  41  84  3  96  8  4  68  7  18  63  38  78  19  80  10  56  93  26  61  40  43  53  76  20  82  39  89  65  14  74  72  67  47  83  90  49  70  44  69  54
   31  81  62  57  18  3  89  27  97  84  9  13  29  72  38  90  2  77  49  91  37  52  92  48  87  54  55  86  5  46  67  69  60  95  73  28  88  47  4  17  39  71  40  16  21  74  94  78  1  99  50  76  41  70  66  10  83  63  80  7  43  35  25  14  8  79  93  51  98  26  34  64  82  30  12  22  15  24  58  61  68  45  19  56  53  36  42  75  20  44  6  85  96  59  23  11  65  33  32
   35  81  54  25  27  55  22  98  38  34  87  26  37  17  94  84  59  66  60  3  92  5  53  74  33  68  91  10  11  56  51  63  29  47  57  15  80  24  21  99  85  70  6  9  72  65  20  90  19  41  46  44  1  73  7  71  95  86  28  69  18  48  31  93  62  79  88  49  64  96  78  4  12  16  8  76  82  61  75  13  97  30  50  2  39  89  36  52  40  14  45  32  83  43  42  67  23  77  58
   35  81  54  30  27  10  94  3  41  28  63  86  5  61  51  18  52  24  50  7  39  89  91  57  69  90  53  31  93  62  84  82  21  32  6  92  34  47  29  9  40  99  78  14  66  65  75  95  19  13  46  49  56  73  1  76  67  15  83  79  26  71  85  70  11  64  80  68  97  2  60  25  74  38  44  59  20  45  22  17  87  88  43  36  96  33  4  12  16  8  48  37  55  98  42  72  23  77  58
   36  76  78  24  28  83  50  56  8  86  72  90  77  21  43  75  88  30  13  87  81  34  64  29  67  57  69  37  65  4  79  2  18  35  6  98  99  95  55  31  89  23  12  85  73  84  94  74  3  59  40  48  5  32  58  7  71  19  22  1  62  39  80  16  61  27  47  68  82  44  42  51  20  45  92  91  63  70  54  97  60  14  9  33  38  53  46  96  15  66  25  10  41  11  93  26  17  52  49
   37  53  74  88  90  33  11  6  25  81  27  42  70  41  48  10  43  52  62  86  18  82  64  76  79  59  7  67  78  8  85  34  47  21  80  72  89  95  99  65  23  54  55  94  19  46  1  66  13  63  16  51  96  69  44  5  4  73  15  49  45  39  22  30  71  97  84  35  58  28  17  57  9  29  26  14  32  68  36  12  2  93  60  98  91  20  92  77  31  75  56  61  83  40  38  24  3  87  50
