   1  3  7  15  31  63  60  54  42  18  37  8  17  35  4  9  19  39  12  25  51  36  6  13  27  55  44  22  45  24  49  32  65  64  62  58  50  34  2  5  11  23  47  28  57  48  30  61  56  46  26  53  40  14  29  59  52  38  10  21  43  20  41  16  33
   1  4  61  23  44  27  5  40  26  15  11  43  7  13  24  22  34  2  25  9  14  31  64  39  38  57  58  6  45  53  33  10  47  3  19  32  17  37  16  8  48  42  60  20  62  50  59  29  54  35  30  12  65  28  55  52  56  63  21  36  46  18  49  51  41
   1  14  58  44  31  45  26  20  23  16  55  25  17  38  50  3  5  21  54  59  60  29  9  7  35  41  52  34  2  56  10  36  61  13  30  53  42  51  46  12  49  64  43  40  48  24  62  6  33  8  32  63  19  4  11  15  65  39  22  18  47  37  28  27  57
   1  27  35  60  14  54  15  45  40  56  11  20  37  18  12  25  48  49  61  64  16  52  24  30  6  34  2  17  31  4  23  21  43  26  33  19  51  42  32  3  46  9  8  41  10  63  65  58  62  44  36  47  5  59  55  39  28  38  13  57  22  7  53  50  29
   1  29  46  16  24  37  17  22  12  63  55  9  15  42  13  4  7  26  44  56  50  8  49  5  40  18  32  34  2  54  51  27  65  28  53  57  6  39  38  25  48  14  59  19  62  3  58  41  23  21  31  61  35  30  11  20  36  47  43  64  52  45  10  60  33
   1  49  26  27  15  17  37  3  64  21  11  47  18  16  56  32  51  7  33  41  13  25  60  12  61  40  54  59  58  36  52  19  23  48  44  57  42  6  30  45  29  9  20  14  31  22  43  46  53  63  50  39  4  62  55  28  34  2  65  8  35  10  38  24  5
   2  8  30  28  48  10  33  57  58  44  55  27  23  18  34  12  37  42  61  32  14  53  56  65  49  26  5  63  43  7  60  59  25  6  20  46  29  62  17  51  21  50  54  64  38  3  45  39  47  35  4  1  19  36  11  13  40  52  41  31  16  9  24  15  22
   2  16  5  9  12  39  21  54  40  56  11  23  47  3  42  29  20  64  18  15  52  46  65  27  7  43  8  31  61  13  1  51  19  14  59  34  45  44  50  48  41  24  25  35  4  62  28  37  22  60  36  26  33  38  55  63  10  53  49  30  32  58  17  57  6
   2  39  60  8  17  64  31  13  28  41  11  21  62  16  46  14  10  18  9  63  50  40  26  53  57  34  65  59  33  25  49  44  61  37  35  4  5  24  23  51  1  56  22  29  32  38  43  45  30  27  52  15  54  6  55  12  58  36  47  7  19  3  48  20  42
   2  47  50  21  15  14  24  28  10  18  11  26  58  63  38  29  51  64  49  61  13  19  17  57  33  34  36  56  23  9  48  16  65  45  40  30  7  3  12  39  1  54  43  8  31  42  59  37  53  60  32  20  44  41  55  25  46  27  52  5  35  4  62  22  6
   3  30  34  65  33  15  8  21  59  12  11  1  54  57  2  39  23  51  31  9  42  28  37  61  50  44  10  32  38  26  43  64  13  27  35  47  22  45  52  49  18  58  63  17  60  56  41  24  25  4  62  14  40  16  55  19  29  20  36  6  53  48  46  5  7
   3  30  56  43  33  15  52  21  37  12  55  23  54  57  46  39  1  51  53  9  42  50  59  17  28  22  32  10  16  4  65  20  35  27  13  25  44  45  8  5  18  14  63  61  60  34  19  24  47  26  40  58  62  38  11  41  7  64  36  6  31  48  2  49  29
   3  57  20  17  43  60  44  9  37  39  55  50  23  45  4  34  33  42  16  36  6  38  59  8  35  18  14  27  30  19  12  47  53  54  26  40  58  62  56  1  25  5  63  49  24  61  48  15  13  21  64  46  31  65  11  2  7  52  28  51  41  22  32  10  29
   3  57  64  61  65  60  22  9  59  39  11  28  1  45  26  56  33  42  38  36  6  16  37  52  13  18  58  27  30  41  12  25  31  54  4  62  14  40  34  23  47  49  63  5  24  17  48  15  35  21  20  2  53  43  55  46  29  8  50  51  19  44  10  32  7
   4  16  60  56  30  20  33  15  50  22  11  21  13  36  2  24  41  18  23  64  28  7  46  31  65  52  43  27  53  47  54  19  17  12  40  26  25  58  1  3  9  34  42  62  10  39  57  45  61  37  8  35  5  6  55  59  14  38  49  29  32  51  48  63  44
   4  45  54  16  1  62  29  59  56  49  55  9  58  32  26  28  20  36  51  27  34  14  52  7  15  2  31  19  33  17  65  22  23  41  37  8  43  48  13  3  35  46  44  25  64  10  53  57  60  21  38  63  42  12  11  24  50  6  61  47  5  39  30  40  18
   4  51  64  12  19  58  36  57  40  41  37  53  56  44  25  34  65  8  35  61  24  38  49  5  47  13  15  7  39  45  21  50  1  63  16  3  55  48  9  31  10  27  26  30  14  11  23  42  33  2  59  32  6  43  29  18  62  20  54  52  60  28  22  46  17
   4  61  34  9  63  28  48  56  20  36  55  52  50  27  10  25  3  62  65  23  59  5  1  15  33  2  6  46  13  51  30  32  31  57  14  60  47  39  24  45  35  42  53  16  29  18  19  41  7  54  64  40  22  49  11  17  26  21  38  43  37  8  58  44  12
   5  3  2  18  1  59  46  17  12  27  55  9  31  25  35  39  8  4  48  60  28  41  23  49  14  38  10  21  61  54  13  63  43  64  15  57  65  26  16  45  22  58  33  52  40  7  62  19  24  56  53  44  51  30  11  50  36  42  6  20  29  47  32  34  37
   5  4  26  22  23  27  64  34  49  14  11  59  19  58  52  15  25  39  6  31  36  13  45  35  43  7  62  38  10  16  50  48  41  65  18  1  12  57  32  60  47  56  17  2  42  54  46  30  33  40  28  51  29  20  55  9  61  63  44  24  37  53  8  3  21
   5  13  14  6  19  42  54  52  49  23  11  2  38  10  16  50  65  36  1  40  24  31  45  32  60  35  56  51  44  43  25  57  47  8  59  28  46  4  26  22  64  53  17  20  30  63  41  27  7  9  58  3  48  29  55  18  61  15  34  39  33  37  62  12  21
   5  13  32  14  54  53  19  44  60  51  11  45  9  12  65  20  35  64  22  16  52  40  47  25  2  24  28  38  10  6  57  3  61  8  1  21  30  63  58  59  42  4  31  29  46  15  26  7  49  39  23  41  43  18  55  34  48  37  17  56  62  27  50  36  33
   5  20  41  49  22  3  25  2  64  9  55  17  35  65  54  44  38  10  59  45  4  23  56  63  58  21  26  30  27  1  33  50  37  15  29  28  19  53  14  40  42  12  36  34  46  52  31  13  6  43  18  60  61  8  11  62  16  51  39  48  32  24  47  57  7
   5  47  64  3  9  19  53  15  56  39  55  37  24  14  16  28  57  35  33  7  65  59  36  60  41  2  6  31  26  48  62  29  49  42  22  21  12  30  18  27  13  45  34  4  23  44  17  32  1  51  52  63  20  46  11  8  38  10  61  40  43  50  58  54  25
   5  63  10  9  2  49  15  60  14  31  7  29  54  6  20  56  65  50  19  46  36  8  12  18  34  57  59  22  11  37  25  28  61  58  4  44  55  26  24  1  51  45  41  3  13  52  17  32  23  53  39  21  62  40  64  47  27  48  16  35  42  43  30  38  33
   6  28  54  57  53  23  13  24  2  30  11  48  36  21  20  51  42  63  47  40  58  1  44  52  41  45  19  60  7  32  49  65  59  22  29  35  33  43  25  8  27  61  10  56  4  9  39  12  14  46  38  62  34  3  55  31  26  5  17  50  37  64  18  15  16
   6  31  15  44  4  43  10  7  25  51  29  27  39  34  64  18  26  45  65  12  62  30  21  8  19  20  14  50  35  58  54  11  1  61  36  52  23  63  24  57  60  42  16  38  40  28  33  3  49  41  22  2  55  5  37  46  59  48  47  53  17  32  9  13  56
   6  44  40  26  13  49  8  27  2  47  11  19  22  64  10  60  31  59  37  42  53  52  65  54  23  39  12  3  29  30  62  45  43  38  48  9  1  34  36  56  33  57  61  41  35  17  5  20  51  7  16  63  14  4  55  18  32  50  24  58  15  21  28  25  46
   6  48  7  55  56  63  45  53  42  32  29  8  62  38  4  34  43  39  11  16  51  28  1  13  30  15  44  46  60  24  40  18  65  59  17  58  10  9  2  20  12  23  33  36  57  3  27  61  31  22  26  54  49  14  37  64  52  35  50  21  19  5  41  25  47
   6  50  54  57  31  1  35  24  46  30  55  48  36  21  64  51  42  63  25  62  14  23  22  8  19  45  41  60  29  10  5  43  37  44  7  13  33  65  47  52  27  17  32  34  26  9  39  12  58  2  16  40  56  3  11  53  4  49  61  28  59  20  18  15  38
   6  57  61  14  10  30  5  31  32  63  11  16  33  4  36  60  44  59  50  40  26  13  47  24  19  48  28  22  45  56  37  58  41  51  23  35  17  53  52  65  29  27  43  2  8  15  18  20  64  7  42  3  25  1  55  34  62  54  21  39  12  9  49  38  46
   7  5  58  46  36  61  53  22  18  45  55  63  39  30  25  28  49  50  44  62  20  56  13  35  16  60  26  40  14  48  27  57  59  64  41  3  42  9  2  43  6  32  17  1  38  21  10  23  29  15  19  31  47  12  11  8  54  65  37  52  34  51  4  24  33
   7  9  14  39  16  29  21  18  46  17  23  1  36  48  28  52  25  4  53  38  24  64  30  12  8  27  43  44  55  65  35  26  59  2  32  22  11  10  60  41  45  63  31  57  5  20  37  58  19  61  15  3  34  56  50  13  51  54  62  49  6  47  42  40  33
   7  10  56  41  59  2  60  24  30  38  11  36  15  44  35  32  42  25  26  37  4  58  33  52  22  21  28  62  23  9  51  46  1  3  31  12  49  45  34  50  8  61  65  47  16  6  18  40  14  27  53  19  13  57  55  39  54  5  64  29  43  48  20  63  17
   7  13  50  57  39  53  61  21  52  15  11  65  60  46  62  26  27  49  33  23  25  43  24  18  31  16  48  17  10  54  34  1  29  6  44  3  30  42  12  51  5  63  8  32  19  22  37  58  41  45  20  9  28  38  55  64  40  14  59  56  47  4  2  36  35
   7  28  31  29  44  57  35  16  50  39  11  37  49  25  36  22  40  14  43  63  32  19  52  9  2  3  10  42  51  41  33  4  65  21  1  26  53  61  46  56  6  30  24  8  38  20  17  5  48  47  12  18  59  64  55  34  62  45  15  54  58  60  13  27  23
   7  60  40  14  49  64  25  16  8  26  11  34  32  15  4  9  61  38  47  44  17  46  28  39  1  63  42  48  6  27  22  54  19  53  20  24  2  43  36  56  59  30  18  35  5  31  33  23  45  58  52  62  12  13  55  3  50  57  65  37  21  51  10  29  41
   8  23  2  51  27  56  30  46  40  6  11  38  34  21  20  17  39  58  31  13  19  43  35  63  33  4  12  26  59  3  60  64  29  15  28  54  61  45  48  57  37  18  7  32  25  36  5  49  47  42  62  14  44  65  55  1  52  9  10  53  41  16  50  22  24
   8  57  42  32  35  58  25  19  46  65  11  51  50  64  52  56  40  6  3  21  2  28  38  47  63  4  29  5  33  1  31  44  13  49  41  16  53  30  59  39  37  26  22  17  62  20  7  15  54  9  10  27  18  24  55  48  34  12  23  61  43  45  60  14  36
   8  64  53  3  48  57  51  18  28  26  11  59  23  45  36  17  14  58  6  27  10  52  29  9  61  7  32  25  13  19  37  39  43  56  5  4  15  44  2  60  65  30  1  41  16  50  46  49  22  42  12  38  33  20  55  21  40  47  31  54  62  34  35  63  24
   9  24  58  41  33  45  2  63  23  36  11  25  30  39  50  51  47  21  49  27  60  40  1  7  62  44  52  8  26  56  19  16  61  15  17  53  22  3  46  37  54  64  57  29  48  14  35  6  31  34  32  20  10  4  55  13  65  38  42  18  5  12  28  59  43
   9  39  16  7  41  48  22  27  23  51  11  40  25  3  56  14  33  60  26  42  18  4  1  46  61  54  64  15  24  35  36  31  49  30  34  32  20  10  58  47  53  37  57  59  6  29  12  45  17  63  38  50  5  19  55  28  65  2  62  21  13  44  52  8  43
   10  34  62  50  36  42  49  46  9  44  29  45  19  11  24  28  55  53  6  7  64  30  35  52  16  41  59  13  4  27  65  20  1  57  33  5  17  31  25  18  21  58  23  38  22  48  56  43  39  12  14  61  60  3  37  32  15  51  26  8  54  63  40  2  47
   10  37  52  39  9  4  54  8  50  24  55  64  26  51  58  13  57  56  47  41  65  29  19  21  33  38  48  16  49  45  42  14  61  27  2  18  35  15  60  63  5  6  17  40  23  12  31  53  1  36  28  34  22  7  11  59  32  3  62  25  43  20  46  44  30
   10  40  18  8  42  50  33  21  26  22  11  3  49  24  38  60  53  12  41  28  4  1  16  61  47  64  25  51  17  35  36  31  59  30  34  32  13  46  19  57  39  52  6  56  58  15  27  63  37  43  20  5  29  48  55  65  2  62  7  23  14  45  54  9  44
   11  9  52  32  60  61  6  16  2  35  29  24  31  48  51  20  50  8  40  22  7  28  12  21  62  18  26  55  1  23  19  38  65  54  56  13  33  5  4  59  49  63  30  36  41  34  17  14  45  15  57  25  43  58  37  53  44  3  47  39  10  64  42  46  27
   13  21  58  60  29  61  14  31  18  57  11  63  41  65  25  9  34  50  6  24  20  1  7  35  10  46  26  15  53  48  47  45  59  8  39  3  37  28  2  51  44  32  33  56  38  5  16  23  36  40  19  22  27  12  55  64  54  30  42  52  49  43  4  62  17
   13  21  59  54  50  42  63  57  58  2  11  62  19  36  24  61  30  43  1  40  10  16  48  60  12  46  26  23  7  52  35  9  31  8  33  49  3  18  20  39  4  51  38  5  64  27  53  28  14  44  6  17  65  41  55  45  34  32  37  15  22  25  29  56  47
   13  28  38  29  53  32  36  54  18  14  11  48  9  44  65  50  12  37  20  31  64  4  33  40  22  39  52  2  5  45  57  10  49  15  1  60  25  27  16  8  62  19  17  59  58  30  24  46  26  3  23  7  43  21  55  63  6  47  34  35  61  42  56  51  41
   13  36  46  26  25  34  37  58  62  20  11  16  50  9  64  45  19  14  59  44  41  10  52  63  49  51  12  42  30  3  22  6  7  23  56  54  32  61  48  38  53  18  24  65  47  1  33  5  27  4  40  2  60  43  55  15  8  21  17  31  39  57  28  35  29
   13  45  26  63  58  35  39  24  10  41  5  49  48  42  52  40  37  64  23  14  54  34  18  60  62  3  61  44  55  17  65  20  53  32  50  22  11  28  36  29  27  51  1  21  47  56  31  4  7  19  9  15  16  38  8  43  57  6  2  25  30  59  12  46  33
   13  47  4  10  48  19  23  22  24  27  55  51  63  18  37  52  25  8  44  2  56  38  43  65  58  36  20  46  26  42  3  21  53  34  29  15  12  45  32  61  30  50  41  49  14  39  28  5  35  9  7  1  59  60  11  62  6  17  31  40  16  57  64  54  33
   13  47  10  42  23  30  48  56  35  7  55  58  46  26  2  64  37  54  29  38  36  41  51  4  24  25  40  27  22  59  65  3  43  34  61  20  14  50  28  44  8  19  31  52  12  45  1  57  5  63  32  21  6  49  11  60  53  39  62  9  33  17  16  18  15
   13  50  28  44  7  57  8  62  35  10  55  61  23  32  56  39  65  9  42  41  54  47  51  25  59  5  16  46  26  2  64  6  1  37  60  29  18  3  4  24  43  40  31  58  30  48  14  12  33  38  20  27  49  52  11  63  53  45  22  36  17  19  34  21  15
   16  12  9  57  26  53  23  34  59  61  29  5  54  7  22  50  4  3  19  31  40  30  56  42  65  32  24  18  47  52  39  46  1  51  55  58  10  41  14  44  33  8  6  38  62  13  60  45  17  63  64  48  36  27  37  11  25  2  35  43  49  20  15  28  21
   16  13  4  3  21  46  60  26  14  12  55  10  2  9  40  1  45  50  29  59  5  53  37  27  33  8  24  52  19  39  54  62  25  63  56  42  23  57  30  15  41  36  47  64  17  6  43  65  61  18  58  28  22  31  11  35  38  51  20  7  49  32  34  44  48
   16  62  7  39  30  15  3  36  56  52  55  19  13  57  6  1  28  50  12  21  20  38  25  51  23  47  64  17  59  5  41  45  53  46  43  8  63  22  4  54  31  60  35  49  32  34  26  65  44  18  24  10  33  40  11  9  14  61  29  42  58  2  37  27  48
   16  64  42  26  54  14  33  27  2  22  11  51  19  12  8  30  65  6  59  58  46  61  52  25  29  10  7  9  47  23  18  43  35  48  28  38  1  34  37  45  3  4  36  50  40  57  63  15  13  49  32  41  53  24  55  5  56  20  31  17  62  39  60  21  44
   17  42  50  34  53  14  23  20  10  16  55  26  40  27  38  3  35  64  1  22  13  8  2  57  59  21  36  60  24  9  44  18  65  25  58  30  52  29  12  4  49  54  6  19  31  47  33  37  15  56  32  28  48  41  11  45  46  63  7  5  51  39  62  61  43
   18  39  7  20  52  24  59  49  8  57  11  4  33  34  42  48  44  23  62  10  56  61  53  6  13  12  40  22  3  14  1  64  35  21  47  17  29  5  46  41  65  15  19  50  2  45  54  38  16  43  60  9  31  25  55  58  32  30  63  51  36  27  37  26  28
   18  44  10  56  61  37  2  15  50  53  11  13  22  16  52  48  49  23  1  60  5  46  41  30  47  51  36  9  65  24  32  3  19  26  12  27  25  58  42  14  33  39  7  35  17  29  59  38  21  43  4  57  20  34  55  54  8  62  6  64  45  63  40  31  28
   18  62  30  39  49  25  17  6  28  24  55  12  42  63  16  21  60  57  31  32  20  47  22  2  13  3  35  48  65  52  59  19  1  44  43  61  33  41  53  46  15  29  8  58  56  27  51  36  64  50  4  10  14  9  11  5  34  37  7  40  23  38  54  45  26
   19  2  46  44  61  63  32  50  41  40  55  13  59  62  26  57  29  3  36  65  18  23  39  1  5  53  64  52  38  8  58  24  37  49  42  17  6  45  16  30  7  28  25  34  54  60  56  48  33  20  14  9  31  10  11  21  47  15  22  12  35  43  4  51  27
   19  23  40  36  59  54  60  26  41  61  55  34  52  38  8  58  49  18  17  20  12  65  39  16  30  1  28  9  22  5  29  45  7  4  13  14  56  2  46  44  32  43  25  10  48  15  37  63  53  21  62  51  24  31  11  42  47  57  50  3  33  35  64  6  27
   22  21  60  39  40  61  53  64  34  49  11  24  31  19  10  5  35  15  63  57  62  28  36  26  3  45  59  56  23  16  50  48  13  65  18  1  25  9  29  32  7  47  8  17  2  14  37  6  43  30  52  12  41  51  55  44  46  27  33  58  54  4  42  20  38
