   1  12  9  43  46  39  7  8  23  3  35  10  27  36  17  24  42  37  28  41  15  21  6  32  11  31  30  13  5  19  29  16  14  38  34  22  4  25  2  40  44  33  45  47  18  26  20
   1  29  36  38  24  32  19  39  40  44  26  45  22  16  12  42  27  10  46  21  31  37  9  43  8  35  28  17  41  4  20  34  3  6  11  33  13  30  25  23  2  14  5  18  15  7  47
   1  36  42  17  31  21  7  40  10  9  38  14  44  12  22  24  4  47  39  43  6  15  28  16  35  29  27  23  26  41  5  32  37  34  25  2  33  11  19  8  30  3  20  13  45  46  18
   2  21  7  31  13  5  14  8  30  36  17  38  6  3  18  32  44  39  28  29  1  12  20  16  19  10  46  25  23  33  37  24  9  41  43  26  4  22  15  40  45  35  42  11  34  47  27
   2  45  31  7  37  29  14  8  30  36  41  38  6  27  18  32  44  15  28  5  25  12  20  16  43  10  46  1  47  9  13  24  33  17  19  26  4  22  39  40  21  11  42  35  34  23  3
   3  7  2  19  42  43  21  8  39  38  20  10  35  1  33  24  29  9  31  17  14  26  11  32  4  12  41  37  44  15  28  16  18  27  6  22  25  36  30  40  46  13  5  23  47  45  34
   4  7  41  19  44  43  28  8  18  38  6  10  25  1  30  24  46  9  5  17  47  26  34  32  3  12  2  37  42  15  21  16  39  27  20  22  35  36  33  40  29  13  31  23  14  45  11
   4  10  18  7  21  9  28  8  34  17  20  38  2  22  46  32  37  11  13  5  30  23  19  16  6  45  39  1  44  29  42  24  25  36  3  26  43  27  31  40  47  15  14  35  33  12  41
   4  10  18  31  45  33  28  8  34  41  20  38  2  22  46  32  13  35  37  29  30  47  43  16  6  21  15  25  44  5  42  24  1  36  27  26  19  3  7  40  23  39  14  11  9  12  17
   4  19  29  31  44  7  28  8  42  14  30  34  13  37  6  24  22  45  41  5  11  2  10  32  15  12  26  25  18  27  9  16  3  39  20  46  47  36  21  40  17  1  43  35  38  33  23
   4  31  17  43  44  19  28  8  18  38  6  10  1  25  30  24  46  33  29  41  23  26  34  32  27  12  2  13  42  39  45  16  15  3  20  22  11  36  9  40  5  37  7  47  14  21  35
   4  34  42  19  9  45  28  8  10  5  20  14  26  46  22  32  25  23  1  41  6  35  31  16  30  33  3  37  44  17  18  24  13  36  15  2  7  39  43  40  11  27  38  47  21  12  29
   4  34  42  43  33  21  28  8  10  29  20  14  26  46  22  32  1  47  25  17  6  11  7  16  30  9  27  13  44  41  18  24  37  36  39  2  31  15  19  40  35  3  38  23  45  12  5
   5  3  2  41  1  19  35  40  15  12  29  10  44  21  9  16  27  33  6  43  14  36  45  32  46  38  17  47  11  39  34  24  18  31  7  22  42  26  30  8  4  37  20  13  23  25  28
   5  36  18  37  11  9  35  8  2  45  46  22  28  12  14  24  20  43  3  23  30  27  44  32  31  1  39  19  34  13  25  16  41  26  29  10  21  7  47  40  6  15  4  17  33  38  42
   6  10  39  7  44  9  42  8  25  17  3  38  43  22  31  32  47  11  14  5  33  23  41  16  4  45  18  1  21  29  28  24  34  36  20  26  2  27  46  40  37  15  13  35  30  12  19
   6  26  39  23  28  9  42  40  41  1  3  22  11  38  47  16  31  43  46  37  33  7  25  32  20  45  18  17  21  13  44  24  2  36  4  10  34  27  14  8  5  15  29  19  30  12  35
   7  12  6  23  25  3  1  40  22  15  26  2  20  36  10  24  28  41  33  13  42  9  4  16  5  11  45  17  38  47  35  32  19  46  31  14  39  29  37  8  18  21  44  43  27  34  30
   9  5  22  41  30  17  15  40  21  34  28  14  25  35  3  24  7  27  29  19  10  46  1  16  44  36  43  47  4  45  20  32  6  33  18  2  11  12  42  8  26  23  31  37  13  39  38
   11  36  3  41  26  45  29  40  13  33  1  14  9  12  43  24  30  23  20  19  21  39  18  16  25  5  42  47  7  17  31  32  10  34  38  2  44  35  22  8  4  27  15  37  6  46  28
   13  12  21  31  22  27  43  8  11  39  23  34  15  36  29  24  18  1  28  5  3  33  30  32  47  19  6  25  17  7  41  16  38  14  10  46  4  37  26  40  44  45  9  35  42  2  20
