   1  3  29  39  35  54  68  10  17  58  64  62  65  42  18  6  44  45  61  53  43  71  11  4  66  57  56  14  51  55  72  21  26  12  9  34  16  31  40  2  36  25  49  23  8  52  74  28  73  7  20  70  50  37  15  46  67  48  27  60  30  41  24  19  13  59  32  75  5  47  76  33  63  38  77  22  69
   1  5  77  62  34  66  48  15  74  17  16  73  65  23  26  39  68  46  3  11  12  43  45  36  75  51  47  52  38  35  28  76  49  44  33  10  19  63  70  4  57  67  31  61  7  53  24  50  72  27  41  64  29  9  37  54  42  60  71  55  18  8  14  30  13  40  2  22  20  58  32  69  56  25  59  6  21
   1  26  43  18  44  48  67  58  16  46  41  59  65  62  52  68  71  50  28  61  30  17  24  12  33  56  7  19  47  55  20  72  77  57  6  38  14  36  32  25  70  5  40  2  11  73  10  34  15  54  31  69  35  3  4  64  66  8  42  53  63  49  22  21  13  74  45  39  76  29  27  75  60  23  37  9  51
   2  1  52  19  9  25  57  14  5  75  71  17  65  8  31  37  12  41  4  53  67  32  47  59  6  68  30  28  46  27  15  22  64  61  69  48  16  76  50  77  18  51  73  66  70  29  23  36  56  39  42  3  20  74  63  49  7  72  24  62  34  60  55  33  13  44  21  26  35  45  11  58  43  54  10  38  40
   2  8  26  1  5  17  53  3  11  35  28  7  23  71  57  15  47  64  36  31  16  50  73  63  33  22  68  48  67  45  58  18  56  12  38  37  34  25  77  75  69  51  76  72  60  24  74  66  42  49  70  54  6  20  62  30  13  41  46  61  27  4  14  44  55  9  29  10  32  19  59  21  65  39  40  43  52
   2  34  52  1  21  61  18  49  59  6  64  29  13  35  7  26  19  47  5  77  73  60  68  41  4  51  42  43  57  69  75  54  22  56  58  36  11  15  44  32  45  9  48  63  46  17  55  66  71  74  12  38  8  62  28  37  67  10  33  14  3  27  25  70  65  20  72  31  23  30  16  76  53  50  40  39  24
   2  36  8  69  74  64  30  66  23  48  60  58  13  39  25  67  45  21  10  68  50  71  55  57  27  28  41  4  42  49  3  40  54  63  37  47  53  5  16  34  33  56  75  52  72  9  1  76  20  11  77  15  43  24  51  18  26  73  44  6  59  32  19  62  65  61  14  31  35  29  22  7  46  70  38  17  12
   2  36  66  9  19  64  56  49  26  57  61  75  13  72  5  55  67  29  15  39  68  71  62  22  41  4  37  21  70  12  14  23  17  43  44  1  53  35  58  34  51  76  40  38  11  16  6  3  60  10  25  69  27  7  46  54  50  20  73  8  45  32  59  47  65  48  33  28  74  18  24  31  63  52  30  77  42
   2  38  23  58  6  24  51  66  35  11  10  68  13  50  60  3  55  33  28  52  61  14  31  22  9  34  74  75  63  49  17  30  26  16  48  70  40  7  64  36  20  1  8  5  44  77  15  76  41  4  32  21  25  67  27  39  37  57  62  18  69  46  54  73  65  71  42  72  47  29  43  45  56  59  53  19  12
   2  54  7  44  45  73  1  22  42  53  33  36  65  5  20  60  24  10  75  23  77  58  71  50  19  51  26  62  32  55  72  63  47  39  34  69  18  27  70  52  68  66  56  8  41  4  38  46  48  25  14  64  57  35  3  15  59  30  29  67  28  11  74  6  13  9  31  76  12  17  21  40  37  61  49  43  16
   2  59  4  70  61  7  6  40  72  34  63  56  9  51  8  69  42  16  74  66  36  52  65  62  58  21  11  25  53  28  10  15  71  77  44  29  18  37  76  57  68  5  38  32  54  49  67  14  64  50  60  19  23  26  13  75  27  35  55  3  30  47  12  48  17  24  73  33  1  45  46  22  31  43  20  41  39
   2  59  11  71  29  44  27  7  60  68  77  45  65  30  58  55  62  23  67  72  61  75  15  19  51  8  70  47  6  74  34  20  49  40  46  18  28  26  38  57  12  33  14  39  1  3  48  41  4  76  52  21  17  16  43  56  73  37  63  50  42  66  22  25  13  24  9  31  54  32  5  53  69  64  35  36  10
   2  75  8  63  32  15  49  60  38  3  73  12  55  48  62  34  11  57  44  70  18  43  72  14  51  56  46  66  26  27  25  29  21  37  5  69  20  39  1  77  4  71  16  47  64  30  19  41  76  6  67  24  31  17  45  68  22  35  9  61  36  7  65  28  23  33  13  53  52  54  50  58  42  74  10  59  40
   2  76  20  30  47  38  61  51  31  52  3  10  65  27  71  42  68  46  48  66  53  59  9  70  40  45  6  39  34  72  7  19  62  54  29  63  36  37  22  74  32  18  21  5  50  44  69  15  14  56  60  58  12  1  55  64  17  67  8  43  24  35  23  16  13  73  25  33  49  28  75  11  57  77  26  41  4
   3  10  35  74  57  15  70  71  59  27  50  41  13  37  18  47  42  6  69  36  73  28  21  31  44  46  2  67  19  34  62  52  32  53  1  61  66  8  4  7  64  58  75  48  26  45  54  25  9  56  68  33  30  16  5  11  55  17  49  63  20  24  72  12  65  14  22  76  29  40  38  60  23  39  77  51  43
   3  12  1  11  34  21  64  38  40  44  4  2  65  60  28  16  36  71  25  42  6  30  35  57  19  50  43  15  66  22  48  67  53  5  23  17  75  8  62  9  77  20  27  10  59  74  56  31  76  26  55  63  33  72  51  47  24  61  45  14  58  39  52  7  13  29  32  73  70  69  18  54  68  46  37  49  41
   3  12  53  37  8  21  38  64  14  70  56  28  13  60  2  68  36  19  77  42  6  30  61  57  71  76  17  15  66  74  48  41  1  31  49  43  75  34  10  9  25  46  27  62  7  22  4  5  50  52  29  63  33  72  51  73  24  35  45  40  32  39  26  59  65  55  58  47  44  69  18  54  16  20  11  23  67
   3  51  19  35  54  9  75  17  58  39  21  38  13  15  64  61  45  23  30  2  36  16  40  69  77  27  37  72  33  28  22  67  71  20  10  11  76  55  8  48  62  68  60  63  29  18  44  43  41  73  31  14  57  42  6  53  66  25  46  32  47  56  52  74  65  5  59  70  4  34  7  12  50  24  1  26  49
   3  51  71  61  54  9  75  43  32  39  21  64  65  15  38  35  45  49  30  28  36  68  14  69  25  27  11  72  33  2  74  41  19  46  62  37  50  29  34  48  10  16  60  63  55  18  70  17  67  47  5  40  57  42  6  1  66  77  20  58  73  4  26  22  13  31  7  44  56  8  59  12  76  24  53  52  23
   3  59  62  5  55  73  4  52  53  19  21  1  13  41  31  66  7  18  12  16  26  51  48  72  32  58  23  77  61  46  34  74  60  35  57  38  68  39  22  56  24  11  47  42  6  37  14  43  75  30  71  45  36  15  8  28  20  27  40  63  69  67  49  76  65  70  29  44  17  33  2  10  9  54  50  64  25
   3  62  61  22  57  15  44  19  7  27  76  67  65  11  18  73  42  6  69  36  47  2  21  5  70  20  28  41  71  8  10  26  58  1  53  35  66  34  56  59  38  32  75  48  52  45  54  77  9  4  16  33  30  68  31  37  29  43  23  63  46  24  72  12  13  40  74  50  55  14  64  60  49  39  25  51  17
   3  63  42  6  16  62  11  77  52  70  55  69  13  50  67  32  68  61  72  74  22  26  24  14  48  51  59  30  8  36  5  34  25  17  57  29  53  37  44  60  21  20  71  54  7  39  33  9  4  49  23  38  58  47  2  27  46  43  64  76  28  15  73  1  65  66  75  35  40  10  45  41  18  31  12  56  19
   3  63  42  6  68  10  37  25  26  44  29  69  65  76  41  58  16  35  72  22  74  52  24  40  48  51  7  30  34  36  31  8  77  43  57  55  1  11  70  60  21  46  19  54  59  39  33  9  56  23  49  64  32  73  28  27  20  17  38  50  2  15  47  53  13  66  75  61  14  62  45  67  18  5  12  4  71
   4  30  53  10  51  29  41  44  6  67  27  72  13  49  40  42  48  20  33  7  37  38  25  22  77  63  52  46  64  71  66  9  55  39  68  21  36  15  62  26  58  54  34  16  43  8  76  14  18  11  28  50  75  31  45  69  1  60  19  17  56  61  70  12  65  57  23  74  24  73  3  2  35  5  59  47  32
   4  63  64  60  76  12  31  34  22  70  36  14  23  66  52  29  42  69  40  77  8  47  49  41  73  24  62  68  44  61  72  28  46  53  25  58  5  59  1  75  16  15  19  3  67  48  45  57  9  43  65  56  13  27  50  37  10  39  2  71  32  30  38  6  55  17  11  35  18  7  51  33  26  54  21  74  20
   4  68  26  41  3  5  36  59  1  12  50  19  65  31  53  52  77  55  49  37  29  42  58  43  8  63  6  47  75  21  33  30  44  34  38  72  61  69  10  64  51  57  18  9  14  73  71  54  25  70  24  76  16  46  56  35  17  20  27  28  45  15  11  62  13  40  66  23  7  60  32  74  67  22  2  39  48
   4  72  16  21  70  50  60  54  7  18  42  38  65  39  11  17  51  3  20  58  22  25  71  75  15  56  43  8  6  59  45  2  30  9  35  55  67  49  32  68  27  34  33  26  66  57  41  74  40  61  37  69  47  48  63  36  52  29  10  12  1  64  77  46  13  5  28  23  31  19  44  53  14  62  76  73  24
   4  72  54  57  77  50  34  59  52  75  5  33  65  66  49  71  17  19  69  39  58  25  46  44  43  8  35  3  62  24  28  7  73  47  10  41  67  31  38  68  63  74  2  76  61  32  12  45  42  20  11  21  15  53  14  30  22  40  29  16  51  64  1  55  13  18  27  56  70  36  48  23  9  26  60  37  6
   4  74  40  60  55  76  5  63  23  26  45  20  13  15  25  6  58  14  18  54  67  1  57  62  2  51  12  39  68  66  53  77  46  30  19  9  72  35  44  70  64  36  3  49  22  10  21  69  28  34  42  38  24  41  71  50  73  17  16  47  48  31  7  32  65  29  11  27  59  56  33  61  75  37  52  43  8
   5  15  67  39  19  36  28  50  7  56  8  76  13  54  12  30  64  69  71  31  59  43  55  20  18  51  46  70  21  41  48  27  52  60  45  14  2  77  44  10  24  47  11  37  40  26  58  62  53  35  22  38  16  29  75  74  23  6  57  66  72  49  42  17  65  61  4  63  25  1  68  9  3  34  73  32  33
   5  23  17  44  10  68  69  76  36  24  22  27  13  3  40  55  50  71  29  33  73  28  70  1  58  75  16  77  31  8  59  43  19  25  72  42  41  67  2  18  21  51  32  14  37  12  57  35  9  6  52  62  74  46  66  53  49  38  63  56  64  20  34  26  65  30  54  7  48  39  61  11  60  45  47  4  15
   5  25  73  76  14  18  6  75  58  7  2  53  13  37  52  39  28  74  15  55  60  59  69  24  63  21  1  26  34  19  62  68  11  64  9  50  17  3  38  20  51  23  77  71  35  31  42  16  48  57  49  8  67  45  29  36  54  66  43  41  12  40  70  72  65  44  10  32  22  56  4  33  46  47  61  30  27
   5  35  57  31  33  45  38  75  60  49  62  61  55  19  40  8  53  7  47  50  68  18  34  51  74  54  13  4  29  21  52  1  11  71  36  63  67  12  77  72  42  20  46  44  32  39  2  17  28  15  16  22  58  37  69  24  70  30  27  9  59  43  26  3  23  64  73  48  56  25  76  66  6  41  14  10  65
   5  52  59  12  64  6  23  56  2  74  49  61  13  76  26  28  43  16  62  71  72  7  42  60  9  46  35  17  1  41  22  48  73  51  30  34  70  24  4  47  38  25  44  10  55  53  50  14  75  36  77  33  19  15  20  8  18  40  54  31  3  11  32  27  65  58  69  39  68  67  57  63  66  37  29  45  21
   5  54  46  7  44  17  73  30  8  39  42  27  23  43  22  48  76  15  4  59  21  53  51  61  11  24  38  47  2  69  50  66  65  70  45  12  19  63  1  74  25  33  72  35  62  6  49  71  40  37  52  56  36  57  31  3  64  75  20  58  26  28  18  68  55  41  32  77  10  29  13  14  9  34  67  60  16
   5  64  36  41  54  19  57  56  68  1  69  42  13  29  11  45  32  20  62  77  8  3  58  37  44  10  43  17  38  27  21  39  47  6  31  34  63  24  28  59  55  61  15  25  23  50  67  30  76  12  73  75  66  16  72  52  14  40  60  53  22  70  71  46  65  51  35  2  26  49  7  4  74  18  48  33  9
   6  11  60  52  9  49  48  36  44  4  27  18  65  29  53  38  51  68  55  14  74  30  40  1  15  21  37  46  42  45  12  58  35  50  28  22  63  16  64  5  41  67  62  73  47  59  2  24  10  3  61  34  17  70  20  77  32  39  69  71  43  19  23  66  13  33  31  75  26  7  8  76  25  57  54  72  56
   6  29  7  49  28  3  41  73  43  36  60  55  13  17  66  62  15  48  70  9  77  39  33  53  71  69  16  2  1  38  27  19  22  61  4  59  10  18  32  23  20  74  24  8  52  54  67  5  51  57  76  56  63  50  35  46  11  26  14  75  47  21  30  64  65  34  44  25  37  72  45  12  42  68  31  58  40
   6  39  10  32  23  58  4  66  35  37  18  44  65  76  55  75  69  62  57  22  7  19  46  74  2  68  42  38  47  36  43  53  70  45  12  51  21  8  50  33  71  48  34  14  64  72  9  27  63  1  30  3  40  59  56  54  67  29  11  41  73  26  31  77  13  17  16  60  5  61  24  25  15  49  52  28  20
   6  39  62  58  49  32  56  66  61  11  18  70  13  50  29  75  69  10  57  74  59  71  20  22  28  16  42  64  73  36  17  1  44  45  12  51  21  34  76  33  19  48  8  40  38  72  9  27  63  53  30  3  14  7  4  54  41  55  37  67  47  52  5  25  65  43  68  60  31  35  24  77  15  23  26  2  46
   6  41  32  22  10  49  76  47  11  61  20  37  65  44  55  68  23  42  74  43  26  48  45  12  67  27  71  77  62  64  7  63  36  52  57  2  75  4  34  35  59  17  25  51  66  46  21  31  60  28  53  40  33  9  73  29  38  8  70  69  3  1  19  39  13  16  30  24  5  72  54  58  50  15  56  18  14
   6  48  26  30  58  17  46  12  11  4  34  7  55  75  57  10  76  64  59  24  16  39  42  63  52  54  68  8  62  45  5  41  56  3  27  37  28  44  77  71  29  51  47  19  60  31  65  66  73  43  70  22  2  20  67  1  13  18  53  61  38  35  14  25  23  9  69  15  32  72  36  21  74  50  40  49  33
   6  55  59  23  2  3  67  47  17  36  60  29  65  43  66  10  15  48  44  9  25  39  33  1  19  69  68  28  53  64  27  71  74  35  56  7  62  18  58  49  46  22  24  34  26  54  41  31  51  57  50  4  63  76  61  20  37  52  40  75  73  21  30  38  13  8  70  77  11  72  45  12  42  16  5  32  14
   6  67  58  74  62  23  50  73  37  35  46  11  13  70  29  16  49  42  22  17  52  48  45  12  41  27  19  25  10  38  59  63  36  26  57  28  75  56  8  61  7  43  77  51  66  20  21  5  60  2  1  14  33  9  47  55  64  34  44  69  3  53  71  39  65  68  30  24  31  72  54  32  76  15  4  18  40
   7  21  47  39  11  66  8  70  41  16  58  44  65  60  48  42  74  3  37  59  67  29  77  28  72  9  2  20  45  73  36  69  26  6  63  4  34  61  46  14  18  19  31  5  56  52  50  40  43  49  62  22  38  25  27  10  1  24  33  30  54  53  12  55  13  23  68  57  35  17  64  75  51  32  71  76  15
   7  26  67  48  74  24  1  16  34  10  53  23  65  44  52  8  29  38  40  37  54  41  12  6  75  2  49  55  17  73  62  36  71  9  42  32  20  18  68  19  22  35  46  14  77  43  70  4  27  66  61  15  11  21  28  58  72  56  60  59  51  31  76  69  13  50  3  39  64  47  33  57  30  5  25  63  45
   7  35  71  44  4  72  24  27  50  41  34  43  65  5  26  39  8  10  21  77  6  67  3  18  57  45  17  52  32  11  40  64  31  74  75  70  55  51  22  28  9  1  61  37  49  59  12  38  36  33  53  58  47  63  25  66  60  30  29  73  48  56  20  54  13  46  14  76  62  16  68  15  2  19  23  42  69
   7  46  14  12  15  34  38  3  11  56  5  4  65  40  73  25  63  27  58  45  68  64  74  51  60  75  23  24  21  37  32  1  36  18  35  53  66  50  28  39  44  20  69  41  48  2  22  16  67  59  47  10  62  42  54  33  26  70  72  30  55  6  43  77  13  19  9  49  71  52  76  61  31  17  8  29  57
   8  41  16  46  49  67  24  4  54  58  57  68  75  9  32  3  12  64  62  30  66  52  65  14  76  45  5  61  17  34  40  21  11  35  20  77  72  31  70  33  38  59  74  50  60  1  73  56  22  44  6  37  53  26  13  27  69  23  25  51  42  71  48  36  29  18  19  15  43  63  28  10  7  55  2  47  39
   8  58  52  43  45  49  72  1  41  24  22  77  13  23  67  26  37  71  59  35  19  6  38  47  16  9  12  55  33  3  27  60  10  68  76  66  5  21  20  50  63  75  36  57  28  29  25  30  11  62  48  74  32  14  34  31  73  40  15  56  51  69  61  46  65  2  54  7  53  42  64  70  17  44  4  39  18
   8  66  32  3  62  22  42  30  53  36  6  76  13  39  61  73  63  45  40  38  44  11  25  33  69  34  47  16  12  1  51  4  60  57  31  71  17  59  64  58  15  68  27  52  54  75  43  70  2  5  35  21  55  18  9  72  26  19  20  24  41  50  37  14  65  49  56  7  23  77  10  67  28  46  74  29  48
   8  70  2  42  71  74  49  9  7  52  51  40  65  69  11  12  38  28  36  30  17  41  75  46  4  63  24  39  58  54  67  37  14  60  77  57  66  31  10  62  50  72  45  59  44  20  3  21  56  68  6  76  48  43  25  22  29  73  32  55  18  23  53  64  13  19  61  15  1  34  27  5  33  35  26  47  16
   8  74  53  76  24  18  9  30  23  5  40  38  13  44  6  51  25  15  34  52  49  56  7  10  75  58  62  27  57  1  29  42  26  64  36  46  4  67  22  66  2  43  32  59  20  35  21  70  47  16  50  45  61  73  69  39  31  33  14  72  3  28  60  19  65  11  12  54  71  77  55  63  68  41  17  37  48
   9  4  53  14  15  45  28  5  47  3  20  71  13  7  54  11  48  18  51  30  37  58  63  67  2  34  32  19  31  76  56  52  44  29  55  1  42  50  64  73  10  70  69  66  26  57  6  49  27  38  74  21  12  22  41  59  61  77  43  33  8  72  60  36  65  68  40  46  35  16  62  24  17  39  23  75  25
   9  33  48  18  22  56  59  23  52  28  61  51  13  20  19  44  74  1  60  14  40  26  72  68  66  75  47  12  50  30  41  76  49  77  15  35  29  7  2  24  63  8  5  6  73  39  21  27  64  43  17  62  70  11  32  3  34  25  10  46  58  45  37  55  65  42  69  53  16  4  57  71  54  67  36  38  31
   9  36  29  7  50  63  62  10  68  28  38  58  13  24  32  74  30  31  23  48  18  12  1  15  5  46  77  45  42  14  66  71  55  67  43  25  69  76  4  27  49  34  3  56  73  40  64  41  20  52  35  33  21  60  75  37  72  53  57  16  44  39  26  47  65  61  70  11  2  51  54  6  22  8  59  17  19
   9  44  49  27  36  43  47  39  60  77  48  18  13  52  62  64  2  70  69  28  71  37  24  38  34  58  26  66  21  73  3  54  17  76  40  15  75  42  22  35  61  72  12  41  53  5  25  10  29  67  20  45  14  11  68  74  23  51  7  1  4  59  50  33  65  63  8  30  6  56  57  46  32  16  31  19  55
   9  47  56  41  61  37  64  52  29  31  63  55  13  71  67  42  73  54  36  22  26  75  66  60  44  70  17  23  1  34  76  14  24  53  15  62  74  39  40  38  72  59  11  48  18  7  68  25  69  12  5  57  30  45  50  58  8  3  16  33  51  19  43  46  65  28  35  2  77  21  32  4  27  6  20  10  49
   9  70  23  27  36  17  73  39  60  25  48  18  65  26  10  38  28  44  69  2  19  11  24  64  8  32  52  66  21  47  3  54  43  50  14  15  75  42  74  61  35  72  12  67  1  31  77  62  55  41  46  45  40  37  16  22  49  51  59  53  56  7  76  33  13  63  34  30  6  4  57  20  58  68  5  71  29
   9  73  4  67  35  11  38  26  55  5  63  29  65  19  41  42  47  54  36  74  52  75  66  60  70  44  43  49  53  8  50  40  24  1  15  10  22  39  14  64  72  7  37  48  18  59  16  77  69  12  31  57  30  45  76  32  34  3  68  33  51  71  17  20  13  2  61  28  25  21  58  56  27  6  46  62  23
   10  5  26  17  45  47  51  70  25  63  43  7  13  40  77  29  60  49  20  31  23  4  1  61  30  28  72  62  74  57  75  32  8  71  33  6  2  68  16  73  12  21  53  18  38  67  37  24  46  39  54  15  22  58  3  11  35  48  42  76  14  66  41  9  65  64  27  52  19  69  55  56  59  36  50  34  44
   10  14  26  5  27  71  12  11  61  30  8  67  65  19  35  52  17  1  25  73  53  66  28  49  20  21  54  59  51  33  63  36  32  46  56  24  55  75  64  4  69  45  6  3  74  7  41  18  43  58  60  34  40  76  62  29  23  50  9  70  15  57  47  38  13  22  48  77  37  72  2  68  31  16  44  39  42
   10  61  55  43  67  64  57  35  66  28  73  69  13  72  56  41  76  37  23  48  71  63  75  17  21  40  38  1  30  58  14  22  11  44  74  12  62  52  34  51  60  9  70  39  5  15  6  49  20  68  26  27  7  2  59  46  53  29  3  16  54  18  32  47  65  42  45  77  36  4  25  31  33  8  19  24  50
   11  16  48  59  72  73  63  14  56  49  27  30  13  17  71  21  8  44  74  29  2  69  34  19  50  22  1  53  68  75  15  39  41  60  37  28  45  6  46  5  43  25  33  55  35  32  7  66  58  42  67  9  36  4  18  52  62  10  54  23  64  76  47  70  65  3  77  20  26  61  31  40  38  24  12  57  51
   11  33  7  39  73  48  46  32  31  14  2  58  13  72  42  66  16  27  47  37  5  1  43  44  24  3  70  76  15  59  12  75  52  54  21  62  20  29  50  22  6  41  71  19  10  26  34  74  23  77  64  68  4  17  9  38  35  60  63  36  18  61  30  53  65  25  40  45  55  49  56  51  69  28  67  8  57
   11  35  53  50  22  56  27  58  48  6  64  75  13  69  10  43  32  47  17  57  67  46  76  49  34  9  4  29  37  2  5  1  73  55  18  30  59  7  20  24  15  3  8  62  19  42  63  77  51  60  52  74  38  70  36  23  61  68  45  14  16  44  28  26  65  66  72  31  12  39  25  71  54  21  41  40  33
   11  37  67  53  49  14  4  35  10  48  25  41  23  63  18  39  45  58  73  66  64  7  2  57  5  24  52  60  51  71  9  59  62  29  76  33  32  43  1  68  42  12  26  30  65  75  44  69  31  54  38  56  16  61  40  34  21  6  13  15  72  77  22  74  55  27  19  28  8  70  20  17  50  3  46  47  36
   11  52  5  42  16  60  35  14  20  38  61  25  13  58  26  46  1  4  74  47  18  31  30  54  51  70  77  53  49  59  64  12  67  3  66  28  76  6  40  41  68  55  50  22  43  23  32  62  9  48  29  57  73  33  44  2  24  10  72  37  69  71  8  75  65  34  27  39  56  7  63  45  36  19  17  21  15
   12  39  20  64  7  38  8  54  31  35  36  10  13  74  71  33  21  46  75  44  53  77  14  70  4  58  6  76  55  72  47  67  62  51  24  63  3  16  22  27  25  18  68  28  50  66  57  15  9  41  60  45  2  1  34  30  17  19  61  43  29  52  23  37  65  73  32  42  49  5  48  11  69  59  26  56  40
   12  39  46  38  59  64  34  54  5  61  36  62  65  22  19  33  21  20  75  70  1  25  40  44  56  32  6  50  29  72  73  41  10  51  24  63  3  68  74  27  77  18  16  2  76  66  57  15  9  67  60  45  28  53  8  30  43  71  35  17  55  26  49  11  13  47  58  42  23  31  48  37  69  7  52  4  14
   12  43  64  44  20  59  74  55  61  5  40  35  13  10  71  58  7  6  70  47  52  18  51  24  17  15  25  37  46  50  53  9  72  26  75  4  33  8  68  31  1  73  11  63  54  14  3  23  42  56  67  2  27  57  29  19  76  16  62  21  45  41  77  39  65  32  60  48  49  66  30  38  22  69  34  36  28
   12  61  42  26  57  59  18  72  10  8  15  36  13  19  67  76  63  58  71  28  70  60  2  41  69  3  35  14  6  51  24  38  31  22  56  44  9  32  50  49  43  17  46  29  55  1  4  48  20  45  5  68  73  62  40  37  64  39  21  25  47  77  7  54  65  27  23  33  52  53  16  74  11  75  30  66  34
   14  18  72  63  55  58  2  31  26  9  37  57  13  36  35  73  1  47  27  39  8  29  44  76  53  28  25  69  22  6  20  5  41  67  74  7  59  11  16  4  45  64  46  32  77  34  42  21  30  70  19  15  33  49  10  66  38  62  43  56  3  68  23  17  65  24  75  40  50  48  12  61  51  52  54  71  60
   14  23  28  22  37  49  42  46  36  4  51  2  63  45  56  15  60  34  50  72  18  52  65  44  16  69  77  19  59  40  70  27  29  71  74  47  48  25  64  9  8  35  32  68  66  31  1  20  58  38  30  55  5  26  13  57  33  11  73  21  54  17  6  24  41  12  43  75  7  3  10  76  61  67  62  53  39
   14  66  49  74  3  43  7  76  60  59  75  18  65  35  62  30  12  70  57  5  71  16  29  38  55  45  26  44  68  73  36  51  17  39  4  15  48  33  22  52  8  72  2  56  53  28  32  10  24  19  20  58  9  11  21  27  23  54  47  1  40  77  50  42  13  63  61  64  6  41  69  46  25  37  31  67  34
   15  3  54  30  28  50  29  47  52  64  67  33  13  68  49  56  2  19  48  32  58  26  42  44  6  21  35  72  14  24  77  40  73  59  51  41  5  55  38  66  27  74  17  36  61  39  9  45  46  37  11  8  4  53  62  57  22  7  34  16  10  75  1  31  65  18  63  71  70  76  69  23  12  25  60  20  43
   15  50  19  58  51  75  38  43  61  57  16  49  65  29  12  1  54  30  33  24  53  62  27  77  64  74  10  23  17  14  76  26  4  31  5  71  18  40  20  35  8  56  63  6  52  69  36  47  45  46  28  9  72  2  25  55  41  7  11  3  22  42  48  60  13  70  32  68  67  44  34  66  37  39  73  21  59
   15  56  73  45  60  37  35  39  48  59  54  30  13  52  8  46  38  4  63  64  23  1  66  20  22  10  26  6  9  61  57  12  11  40  58  51  21  18  28  41  67  42  72  77  71  17  7  34  5  25  68  75  32  53  44  2  47  33  55  19  76  29  14  3  65  27  74  24  36  50  69  16  62  70  43  49  31
   15  60  5  55  14  27  8  34  44  64  20  10  13  66  62  2  24  43  47  54  30  72  19  51  17  16  59  75  18  32  6  23  31  25  37  7  63  40  76  45  73  22  57  50  61  58  46  77  68  52  41  3  9  48  21  1  42  71  69  70  56  39  26  35  65  67  4  53  38  33  12  36  28  74  29  11  49
   16  38  26  47  51  59  66  41  43  48  44  37  65  7  17  52  35  25  1  31  77  12  76  55  32  57  24  71  27  45  15  42  20  58  74  54  49  3  40  22  9  33  72  75  56  19  11  60  61  46  18  70  64  28  68  23  29  2  69  34  63  21  5  14  13  4  30  53  67  6  50  62  73  10  8  39  36
   16  54  64  45  46  44  6  60  67  72  12  74  65  39  5  29  9  51  2  76  10  61  11  27  21  68  55  32  24  41  63  8  42  75  23  25  73  1  50  38  69  58  15  26  30  33  47  62  4  49  31  3  71  36  57  66  52  77  40  48  43  22  35  28  13  59  34  53  7  37  20  17  56  14  70  19  18
   17  47  11  56  34  44  63  40  60  66  28  45  13  57  58  31  14  23  5  3  61  64  4  19  10  21  70  59  43  74  29  37  49  7  42  18  77  25  38  30  9  33  62  32  1  72  69  41  15  36  52  8  2  16  6  71  73  20  27  50  46  68  22  26  65  24  12  55  54  39  67  53  48  75  35  76  51
   18  59  24  52  27  43  66  30  2  64  3  54  65  35  29  62  75  74  61  68  14  12  16  55  45  63  7  34  48  57  36  70  53  20  58  40  33  22  10  41  71  19  56  37  11  47  32  72  4  9  1  76  77  28  8  23  44  39  51  5  25  31  17  42  13  21  67  69  26  73  50  46  49  15  6  60  38
   19  25  49  58  38  40  75  8  12  60  68  9  65  27  74  53  34  67  1  63  59  44  32  35  2  51  14  43  71  46  37  23  41  17  24  66  31  5  70  6  33  69  28  22  47  30  45  55  3  54  26  64  16  50  48  61  77  4  21  10  56  76  20  52  13  36  18  11  42  39  29  73  72  15  7  62  57
   19  34  65  29  2  41  11  28  21  75  76  57  23  37  8  6  44  33  5  63  67  70  13  69  32  24  18  53  20  15  31  43  52  39  49  17  72  54  1  60  45  14  50  77  38  68  51  58  4  3  22  56  42  71  73  35  46  74  16  12  9  66  10  47  55  61  26  59  64  48  36  27  40  30  62  7  25
   20  48  36  51  73  16  14  61  26  63  25  9  13  18  11  43  7  17  33  39  56  47  74  64  59  40  19  15  76  42  62  35  53  1  50  49  23  77  34  28  3  58  10  68  71  4  60  69  54  22  55  27  75  31  70  72  32  44  67  2  21  8  5  41  65  12  57  46  38  24  6  37  45  52  66  29  30
   21  45  55  11  66  63  57  41  16  39  69  32  13  27  58  37  3  5  54  14  18  34  46  15  71  33  25  36  75  40  76  1  29  62  70  77  64  73  56  24  44  8  30  51  47  48  74  67  53  43  61  20  9  60  42  59  72  19  10  68  17  2  52  50  65  35  23  22  28  4  49  6  38  12  7  26  31
   25  8  24  49  36  17  51  46  28  5  33  54  65  67  55  69  4  22  76  73  40  15  56  29  64  50  59  7  34  57  27  39  1  30  77  14  3  42  62  61  41  71  75  47  37  16  23  72  68  60  53  63  18  2  48  26  70  44  66  31  32  38  43  74  13  21  19  10  52  11  35  20  58  12  6  9  45
   27  21  66  54  14  64  73  43  26  32  53  75  65  34  5  28  40  29  24  16  68  52  60  22  42  69  37  36  46  12  19  20  17  49  45  1  61  47  58  72  33  76  67  18  11  39  63  3  62  77  25  4  2  7  70  9  50  23  56  8  44  57  59  35  13  48  51  55  74  38  15  31  6  71  30  10  41
   28  7  56  44  35  59  6  14  72  8  63  4  9  51  34  69  42  68  22  66  36  26  13  10  32  21  37  77  1  2  62  15  19  25  70  55  18  11  50  57  16  31  64  58  54  23  41  40  38  76  60  71  49  52  65  75  27  61  29  3  30  73  12  48  43  24  47  33  53  45  20  74  5  17  46  67  39
