   1  2  31  4  24  62  29  8  45  48  28  61  17  58  52  16  6  27  20  33  42  56  11  59  35  34  36  53  44  41  51  32  47  12  46  54  14  40  26  3  10  21  37  49  18  22  57  55  23  7  13  5  50  9  60  43  38  25  30  19  15  39
   1  2  46  4  52  29  55  8  45  41  30  58  17  47  37  16  13  27  20  19  21  60  33  53  51  34  18  31  6  11  28  32  23  26  59  54  15  40  50  38  10  42  48  57  9  3  14  43  61  39  25  5  24  36  7  62  44  12  35  22  49  56
   2  4  17  8  41  34  37  16  45  19  46  5  39  11  59  32  26  27  57  38  21  29  35  10  53  15  36  22  14  55  6  1  40  52  50  54  23  51  61  13  60  42  49  58  18  7  3  20  25  43  62  30  56  9  33  44  31  28  48  47  24  12
   2  4  29  8  41  58  47  16  27  19  60  53  34  31  11  32  26  54  40  38  42  57  3  43  39  5  36  62  12  22  56  1  46  52  55  45  30  17  37  13  20  21  33  51  18  6  28  23  59  15  50  10  48  9  14  61  25  24  7  44  35  49
   2  4  62  8  48  61  58  16  27  33  56  59  34  53  41  32  12  54  40  3  21  49  22  55  7  5  9  43  25  19  39  1  31  24  29  45  28  17  52  6  20  42  11  35  36  44  51  47  46  14  26  10  37  18  57  23  13  50  60  38  30  15
   3  6  16  12  31  32  13  24  54  62  44  1  49  26  43  48  55  45  28  61  21  25  39  2  37  35  9  52  30  23  17  33  8  47  38  27  22  56  53  59  14  42  51  50  36  15  40  4  19  11  58  7  57  18  20  41  29  60  10  46  5  34
   3  6  17  12  49  34  32  24  18  35  39  5  37  1  26  48  28  36  25  7  42  15  61  10  60  11  45  2  55  52  58  33  40  56  16  9  51  50  13  14  44  21  62  30  54  59  29  20  8  57  38  22  31  27  46  4  19  47  23  41  43  53
   3  6  37  12  52  11  34  24  54  41  23  22  7  5  1  48  13  45  49  19  21  46  39  44  58  14  9  10  30  2  59  33  50  26  17  27  43  35  32  38  56  42  51  29  36  15  61  25  40  53  16  28  57  18  62  20  8  60  31  4  47  55
   3  6  38  12  28  13  53  24  18  56  39  26  16  43  47  48  7  36  4  49  42  15  40  52  60  32  45  23  34  31  37  33  19  14  58  9  51  8  55  35  2  21  20  30  54  17  50  41  29  57  59  1  10  27  25  46  61  5  44  62  22  11
   3  6  58  12  10  53  55  24  54  20  2  43  28  47  22  48  34  45  7  40  21  4  39  23  16  56  9  31  30  44  38  33  29  5  59  27  1  14  11  17  35  42  51  8  36  15  19  46  61  32  37  49  57  18  41  62  50  60  52  25  26  13
   4  8  34  16  19  5  11  32  27  38  29  10  15  22  55  1  52  54  51  13  42  58  7  20  43  30  9  44  28  47  12  2  17  41  37  45  46  39  59  26  57  21  35  53  36  14  6  40  50  23  61  60  49  18  3  25  62  56  33  31  48  24
   4  8  58  16  19  53  31  32  54  38  57  43  5  62  22  1  52  45  17  13  21  51  6  23  15  10  9  61  24  44  49  2  29  41  47  27  60  34  11  26  40  42  3  39  36  12  56  46  55  30  37  20  33  18  28  59  50  48  14  25  7  35
   4  8  61  16  33  59  53  32  54  3  49  55  5  43  19  1  24  45  17  6  42  35  44  47  14  10  18  23  50  38  15  2  62  48  58  27  56  34  41  12  40  21  22  7  9  25  39  31  29  28  52  20  11  36  51  46  26  37  57  13  60  30
   5  10  11  20  8  22  61  40  18  16  52  44  3  59  53  17  2  36  48  32  21  41  56  25  38  6  27  55  35  43  15  34  37  4  62  9  26  33  58  1  24  42  28  19  45  49  39  50  31  13  29  12  14  54  51  47  46  7  57  23  60  30
   5  10  29  20  57  58  19  40  36  51  14  53  22  38  8  17  30  9  37  39  21  28  55  43  49  44  54  13  31  16  3  34  46  60  41  18  7  11  4  15  50  42  59  56  27  47  33  23  52  35  2  25  61  45  48  26  1  62  24  32  12  6
   5  10  41  20  8  19  23  40  36  16  24  38  22  46  59  17  2  9  37  32  42  48  39  13  3  44  27  29  30  55  14  34  52  4  43  18  12  11  61  1  50  21  51  33  45  15  7  26  53  6  62  25  57  54  35  58  31  60  49  47  56  28
   6  12  13  24  56  26  43  48  36  49  15  52  32  23  31  33  14  9  8  35  21  30  17  41  57  1  27  46  5  62  11  3  38  28  53  18  39  16  47  7  4  42  40  60  45  34  37  19  58  51  55  2  20  54  50  29  59  10  25  61  44  22
   6  12  34  24  35  5  1  48  36  7  15  10  11  2  52  33  56  9  50  14  21  30  59  20  57  22  27  4  47  41  53  3  17  49  32  18  39  37  26  28  25  42  61  60  45  55  58  40  16  51  13  44  62  54  29  8  38  31  46  19  23  43
   6  12  53  24  20  43  47  48  45  40  4  23  56  31  44  33  5  27  14  17  42  8  15  46  32  49  18  62  60  25  13  3  58  10  55  54  2  28  22  34  7  21  39  16  9  30  38  29  59  1  11  35  51  36  19  61  37  57  41  50  52  26
   7  14  23  28  24  46  19  56  9  48  31  29  15  38  2  49  6  18  51  33  21  62  34  58  59  30  45  13  10  4  22  35  43  12  41  36  47  39  1  3  57  42  17  61  54  5  11  53  52  55  32  60  40  27  37  26  16  20  50  8  25  44
   7  14  50  28  33  37  55  56  36  3  40  11  60  47  29  49  24  9  15  6  21  17  52  22  5  57  54  31  19  58  4  35  25  48  59  18  20  30  46  12  39  42  26  34  27  41  2  44  61  10  23  51  13  45  1  62  43  38  32  53  16  8
   7  14  59  28  15  55  46  56  45  30  22  47  33  29  38  49  51  27  24  60  21  44  16  31  50  3  36  58  1  13  40  35  61  39  23  54  11  48  19  57  12  42  8  25  18  32  20  62  43  37  41  6  4  9  10  53  52  2  5  26  34  17
   11  22  2  44  5  4  38  25  54  10  15  8  61  13  29  50  17  45  31  20  42  30  48  16  57  59  9  26  3  58  56  37  1  34  19  27  39  62  46  40  47  21  24  60  36  33  28  32  41  51  23  55  12  18  14  52  43  6  7  53  35  49
   11  22  26  44  12  52  4  25  54  24  56  41  61  8  5  50  3  45  31  48  21  49  58  19  7  59  18  16  43  10  57  37  13  6  2  27  28  62  34  33  47  42  29  35  9  53  60  38  1  14  17  55  46  36  30  32  40  23  15  20  39  51
   12  24  26  48  49  52  23  33  9  35  30  41  1  46  62  3  28  18  16  7  42  60  34  19  51  2  54  29  10  61  22  6  13  56  43  36  15  32  31  14  8  21  17  57  27  5  11  38  53  39  47  4  40  45  37  58  55  20  50  59  25  44
   14  28  55  56  30  47  29  49  27  60  44  31  3  58  13  35  39  54  48  57  42  25  32  62  37  6  9  53  2  26  17  7  59  15  46  45  22  33  38  51  24  21  16  50  36  1  40  61  23  11  19  12  8  18  20  43  41  4  10  52  5  34
   15  30  17  60  29  34  2  57  18  58  31  5  56  4  26  51  23  36  14  53  42  62  6  10  59  49  45  8  24  52  22  39  40  46  1  9  47  28  13  43  7  21  3  61  54  12  11  20  32  55  38  35  33  27  37  16  19  48  50  41  25  44
   15  30  59  60  8  55  44  57  18  16  52  47  35  25  5  51  2  36  56  32  42  41  6  31  38  7  45  50  24  10  43  39  61  4  22  9  26  49  34  1  28  21  3  19  54  12  53  62  11  13  17  14  33  27  58  37  40  48  29  20  46  23
   17  34  23  5  30  46  52  10  9  60  35  29  37  41  2  20  39  18  25  57  21  7  61  58  28  11  45  19  55  4  48  40  43  15  26  36  49  50  1  51  44  42  62  14  54  59  24  53  13  56  32  22  31  27  12  38  16  47  6  8  3  33
   24  48  52  33  35  41  46  3  18  7  60  19  2  29  61  6  56  36  32  14  21  57  5  38  39  4  45  58  20  59  44  12  26  49  23  9  30  1  62  28  16  42  34  51  54  10  22  13  43  15  31  8  17  27  11  53  47  40  37  55  50  25
