   1  3  39  5  42  41  25  7  31  44  12  43  38  27  34  9  13  33  6  46  17  14  22  45  37  40  23  29  10  36  32  11  4  15  20  35  21  8  30  2  18  19  28  16  26  24
   1  5  25  31  14  23  21  11  8  40  12  13  18  43  27  41  17  38  2  10  3  15  28  46  42  22  16  33  24  26  36  39  7  35  34  29  4  20  6  30  9  45  37  44  32  19
   1  5  31  9  14  35  3  13  15  18  46  39  6  7  44  17  25  19  34  22  33  4  20  43  27  10  45  11  42  2  40  21  30  29  16  23  41  38  36  26  12  37  32  8  28  24
   1  7  23  13  32  29  27  19  45  38  34  35  20  33  8  25  37  5  16  44  3  40  18  41  17  26  21  39  28  14  2  31  10  43  12  11  15  22  42  4  6  9  36  46  30  24
   1  9  15  17  4  23  5  25  29  12  22  31  34  13  18  33  3  37  44  20  19  30  16  39  7  42  43  21  14  26  10  41  36  11  8  45  35  6  2  28  46  27  40  38  32  24
   1  10  6  13  36  31  28  45  27  35  21  22  32  38  4  40  24  5  3  30  18  39  14  46  37  41  34  11  16  19  2  20  12  26  25  15  9  43  7  23  42  44  17  29  8  33
   1  11  7  21  22  17  29  31  13  32  10  27  2  39  28  41  15  23  26  42  35  20  14  37  43  12  19  3  46  38  18  5  16  25  4  33  9  36  8  6  40  45  44  30  34  24
   1  11  27  15  24  29  37  31  12  38  42  39  6  19  21  43  3  33  34  45  25  40  17  46  36  20  32  23  18  10  16  35  9  5  8  41  28  26  4  44  14  13  2  22  7  30
   1  13  45  25  40  11  7  37  43  6  44  23  16  19  38  3  27  9  8  18  5  10  12  35  33  28  41  31  32  4  26  15  42  39  46  21  29  20  14  30  34  17  2  22  36  24
   1  15  37  29  12  5  31  43  27  26  32  19  30  45  2  11  39  41  36  40  21  46  10  33  23  44  17  13  18  16  34  25  22  7  42  9  3  4  20  8  28  35  6  14  38  24
   1  17  29  33  30  45  9  3  11  46  20  15  44  25  12  19  5  27  18  16  37  36  8  31  13  14  39  41  4  28  42  35  2  21  38  43  23  34  26  32  22  7  10  6  40  24
   1  19  32  44  37  45  9  30  6  20  4  29  34  35  7  39  36  26  24  33  16  22  42  46  28  15  3  10  2  38  17  41  27  43  18  13  12  40  8  11  21  23  14  31  25  5
   1  20  24  10  12  5  6  26  3  13  25  30  36  15  18  31  9  39  28  43  14  45  7  46  27  23  37  35  42  41  21  44  34  22  17  11  32  29  16  38  8  19  4  33  2  40
   1  21  13  41  20  33  11  15  25  40  42  7  26  31  32  35  29  45  28  14  23  16  4  27  39  46  37  5  22  6  12  9  8  3  30  19  17  2  38  34  10  43  18  36  44  24
   1  22  14  26  8  35  18  20  17  45  3  19  42  31  24  11  7  13  4  41  9  10  32  46  25  33  21  39  12  29  27  30  2  44  28  5  16  23  36  40  34  43  6  38  37  15
   1  23  5  45  38  27  35  21  9  14  30  3  40  11  42  43  41  31  10  36  39  6  2  25  29  16  13  33  8  18  20  19  34  17  26  7  37  32  44  12  4  15  22  28  46  24
   1  25  43  3  10  21  13  27  39  34  18  45  8  37  6  5  7  17  38  12  9  42  46  23  19  32  35  15  40  30  28  29  14  31  22  41  11  16  4  36  44  33  26  20  2  24
   1  26  18  45  42  11  4  10  25  39  27  44  16  40  6  15  14  35  17  19  24  13  9  46  21  29  2  5  36  43  37  22  8  20  3  31  7  41  32  33  12  30  28  23  34  38
   1  29  36  38  24  32  19  39  40  44  26  45  22  16  12  42  27  10  46  21  31  37  9  43  8  35  28  17  41  4  20  34  3  6  11  33  13  30  25  23  2  14  5  18  15  7
   1  29  42  43  25  20  16  41  14  30  24  38  21  45  36  10  8  44  7  15  12  19  34  46  18  5  4  22  27  31  6  33  17  23  9  26  2  11  37  39  3  40  32  35  28  13
   1  35  3  11  9  33  27  5  34  15  8  45  24  41  25  29  28  40  37  26  17  31  4  46  12  44  36  38  14  20  42  13  32  39  2  23  6  22  18  19  7  10  21  30  16  43
   1  39  33  31  44  25  43  23  19  36  26  17  14  35  30  15  45  11  4  28  29  18  32  9  41  6  5  27  34  22  38  7  12  37  40  3  13  42  46  20  2  21  8  10  16  24
   1  41  25  35  16  19  21  29  3  10  14  13  28  15  40  23  11  43  32  4  45  8  30  7  31  22  27  9  20  34  46  17  38  5  36  37  33  26  6  44  42  39  12  2  18  24
   2  4  40  6  43  42  26  8  32  45  13  44  39  28  35  10  14  34  7  1  18  15  23  46  38  41  24  30  11  37  33  12  5  16  21  36  22  9  31  3  19  20  29  17  27  25
   2  5  36  43  37  22  8  20  3  31  7  41  32  33  12  30  28  23  34  38  1  26  18  45  42  11  4  10  25  39  27  44  16  40  6  15  14  35  17  19  24  13  9  46  21  29
   2  6  32  10  15  36  4  14  16  19  1  40  7  8  45  18  26  20  35  23  34  5  21  44  28  11  46  12  43  3  41  22  31  30  17  24  42  39  37  27  13  38  33  9  29  25
   2  8  24  14  33  30  28  20  46  39  35  36  21  34  9  26  38  6  17  45  4  41  19  42  18  27  22  40  29  15  3  32  11  44  13  12  16  23  43  5  7  10  37  1  31  25
   2  10  3  15  28  46  42  22  16  33  24  26  36  39  7  35  34  29  4  20  6  30  9  45  37  44  32  19  1  5  25  31  14  23  21  11  8  40  12  13  18  43  27  41  17  38
   2  10  16  18  5  24  6  26  30  13  23  32  35  14  19  34  4  38  45  21  20  31  17  40  8  43  44  22  15  27  11  42  37  12  9  46  36  7  3  29  1  28  41  39  33  25
   2  11  37  39  3  40  32  35  28  13  1  29  42  43  25  20  16  41  14  30  24  38  21  45  36  10  8  44  7  15  12  19  34  46  18  5  4  22  27  31  6  33  17  23  9  26
   2  12  8  22  23  18  30  32  14  33  11  28  3  40  29  42  16  24  27  43  36  21  15  38  44  13  20  4  1  39  19  6  17  26  5  34  10  37  9  7  41  46  45  31  35  25
   2  13  14  44  4  26  28  41  8  5  9  35  16  10  18  23  32  20  36  46  17  40  25  45  34  33  3  43  21  19  6  39  42  38  12  31  37  29  24  15  27  11  1  30  7  22
   2  14  46  26  41  12  8  38  44  7  45  24  17  20  39  4  28  10  9  19  6  11  13  36  34  29  42  32  33  5  27  16  43  40  1  22  30  21  15  31  35  18  3  23  37  25
   2  15  42  33  36  35  4  30  37  19  25  23  8  13  27  38  3  46  16  26  7  29  6  45  32  5  14  11  12  43  17  10  28  22  24  39  34  20  9  44  1  31  21  40  18  41
   2  16  38  30  13  6  32  44  28  27  33  20  31  46  3  12  40  42  37  41  22  1  11  34  24  45  18  14  19  17  35  26  23  8  43  10  4  5  21  9  29  36  7  15  39  25
   2  18  30  34  31  46  10  4  12  1  21  16  45  26  13  20  6  28  19  17  38  37  9  32  14  15  40  42  5  29  43  36  3  22  39  44  24  35  27  33  23  8  11  7  41  25
   2  19  16  11  34  41  37  46  14  39  18  30  3  5  24  40  4  38  32  22  21  35  27  45  28  31  36  13  6  10  1  33  8  29  17  44  42  23  7  43  9  15  25  26  12  20
   2  20  12  26  25  15  9  43  7  23  42  44  17  29  8  33  1  10  6  13  36  31  28  45  27  35  21  22  32  38  4  40  24  5  3  30  18  39  14  46  37  41  34  11  16  19
   2  20  22  38  3  40  34  10  42  21  9  12  13  6  23  28  18  14  1  39  8  27  7  30  4  31  16  24  37  41  5  46  29  36  35  32  44  19  33  11  17  26  15  45  43  25
   2  22  7  30  1  11  27  15  24  29  37  31  12  38  42  39  6  19  21  43  3  33  34  45  25  40  17  46  36  20  32  23  18  10  16  35  9  5  8  41  28  26  4  44  14  13
   2  22  14  42  21  34  12  16  26  41  43  8  27  32  33  36  30  46  29  15  24  17  5  28  40  1  38  6  23  7  13  10  9  4  31  20  18  3  39  35  11  44  19  37  45  25
   2  23  6  22  18  19  7  10  21  30  16  43  1  35  3  11  9  33  27  5  34  15  8  45  24  41  25  29  28  40  37  26  17  31  4  46  12  44  36  38  14  20  42  13  32  39
   2  24  6  46  39  28  36  22  10  15  31  4  41  12  43  44  42  32  11  37  40  7  3  26  30  17  14  34  9  19  21  20  35  18  27  8  38  33  45  13  5  16  23  29  1  25
   2  26  9  23  17  33  6  31  27  22  4  5  18  46  34  19  12  15  7  44  8  10  36  45  21  38  24  30  14  41  16  20  25  43  42  29  1  13  28  35  32  40  3  39  37  11
   2  26  44  4  11  22  14  28  40  35  19  46  9  38  7  6  8  18  39  13  10  43  1  24  20  33  36  16  41  31  29  30  15  32  23  42  12  17  5  37  45  34  27  21  3  25
   2  28  36  8  29  16  38  34  24  9  7  42  23  18  17  14  20  4  21  35  26  33  45  22  10  3  12  44  27  43  37  40  41  46  19  30  32  1  11  15  39  6  31  13  5  25
   2  29  21  46  9  13  24  19  17  35  14  15  6  40  16  44  27  39  25  10  4  11  42  45  18  26  1  38  34  23  28  30  12  33  32  41  7  31  3  20  8  22  37  43  36  5
   2  30  27  29  12  39  21  33  25  46  32  10  9  41  4  13  7  11  24  31  42  19  3  45  17  20  18  35  8  26  14  22  1  15  37  38  6  43  34  40  36  23  16  5  28  44
   2  30  28  12  1  10  16  40  8  29  41  38  37  44  27  22  32  36  3  11  42  23  43  20  46  19  34  26  13  9  45  4  21  14  15  18  6  31  17  39  33  24  35  5  7  25
   2  31  34  10  14  29  3  23  4  15  21  20  28  11  6  46  8  30  42  40  9  22  12  45  16  13  37  33  18  44  24  43  32  26  27  19  36  41  1  39  17  5  7  38  25  35
   2  32  20  16  19  4  40  46  38  3  29  34  5  24  37  30  44  22  31  33  12  13  41  18  36  35  10  8  45  21  7  14  1  28  11  6  26  15  23  17  27  42  39  43  9  25
   2  33  4  19  8  38  16  29  32  11  17  22  34  44  21  41  42  35  37  23  27  46  7  45  14  43  28  39  9  31  18  15  36  30  25  13  3  26  6  5  12  10  24  20  1  40
   2  34  12  20  37  44  18  6  22  23  17  30  19  4  1  38  10  8  13  9  28  3  39  16  26  5  32  36  31  33  15  24  27  42  7  40  46  45  29  41  21  14  43  35  11  25
   2  35  25  38  7  5  17  39  1  41  36  19  27  26  32  43  24  44  18  33  37  13  16  45  12  22  9  40  42  30  8  46  6  11  28  20  21  15  4  23  3  29  14  10  34  31
   2  36  4  24  9  38  42  12  6  43  5  26  33  30  11  46  22  40  41  31  44  39  37  14  16  21  8  18  17  45  23  34  7  10  3  28  20  29  35  19  15  32  1  27  13  25
   2  38  17  41  27  43  18  13  12  40  8  11  21  23  14  31  25  5  1  19  32  44  37  45  9  30  6  20  4  29  34  35  7  39  36  26  24  33  16  22  42  46  28  15  3  10
   2  38  42  28  27  32  20  18  36  17  39  22  1  10  21  8  34  26  23  7  14  29  35  12  6  37  30  46  3  11  31  44  33  24  45  16  40  13  41  43  9  4  5  19  15  25
   2  39  32  13  42  20  14  38  36  44  12  46  4  31  17  26  37  40  28  29  25  41  24  45  8  15  34  5  27  33  9  11  3  35  1  43  16  30  21  10  7  19  18  22  6  23
   2  40  1  20  24  10  12  5  6  26  3  13  25  30  36  15  18  31  9  39  28  43  14  45  7  46  27  23  37  35  42  41  21  44  34  22  17  11  32  29  16  38  8  19  4  33
   2  40  34  32  45  26  44  24  20  37  27  18  15  36  31  16  46  12  5  29  30  19  33  10  42  7  6  28  35  23  39  8  13  38  41  4  14  43  1  21  3  22  9  11  17  25
   2  41  18  40  21  31  1  44  9  20  34  39  24  22  28  10  17  43  12  11  14  5  32  45  6  29  7  26  16  46  3  38  27  13  8  23  25  19  37  30  4  35  36  33  42  15
   2  42  26  36  17  20  22  30  4  11  15  14  29  16  41  24  12  44  33  5  46  9  31  8  32  23  28  10  21  35  1  18  39  6  37  38  34  27  7  45  43  40  13  3  19  25
   2  44  18  40  35  14  46  36  34  31  3  10  43  42  5  32  24  30  15  27  16  45  29  6  22  39  4  38  7  1  9  28  19  20  33  26  8  11  13  23  37  12  17  41  21  25
   2  44  28  5  16  23  36  40  34  43  6  38  37  15  1  22  14  26  8  35  18  20  17  45  3  19  42  31  24  11  7  13  4  41  9  10  32  46  25  33  21  39  12  29  27  30
   3  5  24  40  4  38  32  22  21  35  27  45  28  31  36  13  6  10  1  33  8  29  17  44  42  23  7  43  9  15  25  26  12  20  2  19  16  11  34  41  37  46  14  39  18  30
   3  5  41  7  44  43  27  9  33  46  14  45  40  29  36  11  15  35  8  2  19  16  24  1  39  42  25  31  12  38  34  13  6  17  22  37  23  10  32  4  20  21  30  18  28  26
   3  7  33  11  16  37  5  15  17  20  2  41  8  9  46  19  27  21  36  24  35  6  22  45  29  12  1  13  44  4  42  23  32  31  18  25  43  40  38  28  14  39  34  10  30  26
   3  9  25  15  34  31  29  21  1  40  36  37  22  35  10  27  39  7  18  46  5  42  20  43  19  28  23  41  30  16  4  33  12  45  14  13  17  24  44  6  8  11  38  2  32  26
   3  10  2  38  17  41  27  43  18  13  12  40  8  11  21  23  14  31  25  5  1  19  32  44  37  45  9  30  6  20  4  29  34  35  7  39  36  26  24  33  16  22  42  46  28  15
   3  11  17  19  6  25  7  27  31  14  24  33  36  15  20  35  5  39  46  22  21  32  18  41  9  44  45  23  16  28  12  43  38  13  10  1  37  8  4  30  2  29  42  40  34  26
   3  13  9  23  24  19  31  33  15  34  12  29  4  41  30  43  17  25  28  44  37  22  16  39  45  14  21  5  2  40  20  7  18  27  6  35  11  38  10  8  42  1  46  32  36  26
   3  13  25  30  36  15  18  31  9  39  28  43  14  45  7  46  27  23  37  35  42  41  21  44  34  22  17  11  32  29  16  38  8  19  4  33  2  40  1  20  24  10  12  5  6  26
   3  15  1  27  42  13  9  39  45  8  46  25  18  21  40  5  29  11  10  20  7  12  14  37  35  30  43  33  34  6  28  17  44  41  2  23  31  22  16  32  36  19  4  24  38  26
   3  15  28  46  42  22  16  33  24  26  36  39  7  35  34  29  4  20  6  30  9  45  37  44  32  19  1  5  25  31  14  23  21  11  8  40  12  13  18  43  27  41  17  38  2  10
   3  17  39  31  14  7  33  45  29  28  34  21  32  1  4  13  41  43  38  42  23  2  12  35  25  46  19  15  20  18  36  27  24  9  44  11  5  6  22  10  30  37  8  16  40  26
   3  19  31  35  32  1  11  5  13  2  22  17  46  27  14  21  7  29  20  18  39  38  10  33  15  16  41  43  6  30  44  37  4  23  40  45  25  36  28  34  24  9  12  8  42  26
   3  20  8  22  37  43  36  5  2  29  21  46  9  13  24  19  17  35  14  15  6  40  16  44  27  39  25  10  4  11  42  45  18  26  1  38  34  23  28  30  12  33  32  41  7  31
   3  22  36  29  9  19  14  40  27  10  42  26  34  30  32  31  8  43  2  46  24  35  6  44  25  11  18  38  28  33  7  20  37  5  21  13  17  15  16  39  4  45  1  23  12  41
   3  23  4  15  21  20  28  11  6  46  8  30  42  40  9  22  12  45  16  13  37  33  18  44  24  43  32  26  27  19  36  41  1  39  17  5  7  38  25  35  2  31  34  10  14  29
   3  25  7  1  40  29  37  23  11  16  32  5  42  13  44  45  43  33  12  38  41  8  4  27  31  18  15  35  10  20  22  21  36  19  28  9  39  34  46  14  6  17  24  30  2  26
   3  26  6  5  12  10  24  20  1  40  2  33  4  19  8  38  16  29  32  11  17  22  34  44  21  41  42  35  37  23  27  46  7  45  14  43  28  39  9  31  18  15  36  30  25  13
   3  27  45  5  12  23  15  29  41  36  20  1  10  39  8  7  9  19  40  14  11  44  2  25  21  34  37  17  42  32  30  31  16  33  24  43  13  18  6  38  46  35  28  22  4  26
   3  29  14  10  34  31  2  35  25  38  7  5  17  39  1  41  36  19  27  26  32  43  24  44  18  33  37  13  16  45  12  22  9  40  42  30  8  46  6  11  28  20  21  15  4  23
   3  29  37  9  30  17  39  35  25  10  8  43  24  19  18  15  21  5  22  36  27  34  46  23  11  4  13  45  28  44  38  41  42  1  20  31  33  2  12  16  40  7  32  14  6  26
   3  30  18  39  14  46  37  41  34  11  16  19  2  20  12  26  25  15  9  43  7  23  42  44  17  29  8  33  1  10  6  13  36  31  28  45  27  35  21  22  32  38  4  40  24  5
   3  31  7  41  32  33  12  30  28  23  34  38  1  26  18  45  42  11  4  10  25  39  27  44  16  40  6  15  14  35  17  19  24  13  9  46  21  29  2  5  36  43  37  22  8  20
   3  31  29  13  2  11  17  41  9  30  42  39  38  45  28  23  33  37  4  12  43  24  44  21  1  20  35  27  14  10  46  5  22  15  16  19  7  32  18  40  34  25  36  6  8  26
   3  33  21  17  20  5  41  1  39  4  30  35  6  25  38  31  45  23  32  34  13  14  42  19  37  36  11  9  46  22  8  15  2  29  12  7  27  16  24  18  28  43  40  44  10  26
   3  33  34  45  25  40  17  46  36  20  32  23  18  10  16  35  9  5  8  41  28  26  4  44  14  13  2  22  7  30  1  11  27  15  24  29  37  31  12  38  42  39  6  19  21  43
   3  35  13  21  38  45  19  7  23  24  18  31  20  5  2  39  11  9  14  10  29  4  40  17  27  6  33  37  32  34  16  25  28  43  8  41  1  46  30  42  22  15  44  36  12  26
   3  37  5  25  10  39  43  13  7  44  6  27  34  31  12  1  23  41  42  32  45  40  38  15  17  22  9  19  18  46  24  35  8  11  4  29  21  30  36  20  16  33  2  28  14  26
   3  39  37  11  2  26  9  23  17  33  6  31  27  22  4  5  18  46  34  19  12  15  7  44  8  10  36  45  21  38  24  30  14  41  16  20  25  43  42  29  1  13  28  35  32  40
   3  39  43  29  28  33  21  19  37  18  40  23  2  11  22  9  35  27  24  8  15  30  36  13  7  38  31  1  4  12  32  45  34  25  46  17  41  14  42  44  10  5  6  20  16  26
   3  40  32  35  28  13  1  29  42  43  25  20  16  41  14  30  24  38  21  45  36  10  8  44  7  15  12  19  34  46  18  5  4  22  27  31  6  33  17  23  9  26  2  11  37  39
   3  41  12  23  1  45  4  39  16  15  17  13  21  5  37  20  7  33  28  38  18  11  25  44  6  35  24  46  2  43  8  31  32  30  34  26  42  10  27  40  14  19  9  29  36  22
   3  41  35  33  46  27  45  25  21  38  28  19  16  37  32  17  1  13  6  30  31  20  34  11  43  8  7  29  36  24  40  9  14  39  42  5  15  44  2  22  4  23  10  12  18  26
   3  43  21  19  6  39  42  38  12  31  37  29  24  15  27  11  1  30  7  22  2  13  14  44  4  26  28  41  8  5  9  35  16  10  18  23  32  20  36  46  17  40  25  45  34  33
   3  43  27  37  18  21  23  31  5  12  16  15  30  17  42  25  13  45  34  6  1  10  32  9  33  24  29  11  22  36  2  19  40  7  38  39  35  28  8  46  44  41  14  4  20  26
   3  45  17  20  18  35  8  26  14  22  1  15  37  38  6  43  34  40  36  23  16  5  28  44  2  30  27  29  12  39  21  33  25  46  32  10  9  41  4  13  7  11  24  31  42  19
   3  45  19  41  36  15  1  37  35  32  4  11  44  43  6  33  25  31  16  28  17  46  30  7  23  40  5  39  8  2  10  29  20  21  34  27  9  12  14  24  38  13  18  42  22  26
   4  2  12  46  9  10  26  44  20  7  39  8  13  24  17  42  38  18  45  5  34  37  29  6  14  11  28  22  41  15  19  40  1  36  31  16  30  43  21  3  33  32  23  35  25  27
   4  5  18  46  34  19  12  15  7  44  8  10  36  45  21  38  24  30  14  41  16  20  25  43  42  29  1  13  28  35  32  40  3  39  37  11  2  26  9  23  17  33  6  31  27  22
   4  6  42  8  45  44  28  10  34  1  15  46  41  30  37  12  16  36  9  3  20  17  25  2  40  43  26  32  13  39  35  14  7  18  23  38  24  11  33  5  21  22  31  19  29  27
   4  8  34  12  17  38  6  16  18  21  3  42  9  10  1  20  28  22  37  25  36  7  23  46  30  13  2  14  45  5  43  24  33  32  19  26  44  41  39  29  15  40  35  11  31  27
   4  10  25  39  27  44  16  40  6  15  14  35  17  19  24  13  9  46  21  29  2  5  36  43  37  22  8  20  3  31  7  41  32  33  12  30  28  23  34  38  1  26  18  45  42  11
   4  10  26  16  35  32  30  22  2  41  37  38  23  36  11  28  40  8  19  1  6  43  21  44  20  29  24  42  31  17  5  34  13  46  15  14  18  25  45  7  9  12  39  3  33  27
   4  11  42  45  18  26  1  38  34  23  28  30  12  33  32  41  7  31  3  20  8  22  37  43  36  5  2  29  21  46  9  13  24  19  17  35  14  15  6  40  16  44  27  39  25  10
   4  12  18  20  7  26  8  28  32  15  25  34  37  16  21  36  6  40  1  23  22  33  19  42  10  45  46  24  17  29  13  44  39  14  11  2  38  9  5  31  3  30  43  41  35  27
   4  13  7  11  24  31  42  19  3  45  17  20  18  35  8  26  14  22  1  15  37  38  6  43  34  40  36  23  16  5  28  44  2  30  27  29  12  39  21  33  25  46  32  10  9  41
   4  15  21  20  28  11  6  46  8  30  42  40  9  22  12  45  16  13  37  33  18  44  24  43  32  26  27  19  36  41  1  39  17  5  7  38  25  35  2  31  34  10  14  29  3  23
   4  16  2  28  43  14  10  40  46  9  1  26  19  22  41  6  30  12  11  21  8  13  15  38  36  31  44  34  35  7  29  18  45  42  3  24  32  23  17  33  37  20  5  25  39  27
   4  18  40  32  15  8  34  46  30  29  35  22  33  2  5  14  42  44  39  43  24  3  13  36  26  1  20  16  21  19  37  28  25  10  45  12  6  7  23  11  31  38  9  17  41  27
   4  20  6  30  9  45  37  44  32  19  1  5  25  31  14  23  21  11  8  40  12  13  18  43  27  41  17  38  2  10  3  15  28  46  42  22  16  33  24  26  36  39  7  35  34  29
   4  20  32  36  33  2  12  6  14  3  23  18  1  28  15  22  8  30  21  19  40  39  11  34  16  17  42  44  7  31  45  38  5  24  41  46  26  37  29  35  25  10  13  9  43  27
   4  23  3  29  14  10  34  31  2  35  25  38  7  5  17  39  1  41  36  19  27  26  32  43  24  44  18  33  37  13  16  45  12  22  9  40  42  30  8  46  6  11  28  20  21  15
   4  26  8  2  41  30  38  24  12  17  33  6  43  14  45  46  44  34  13  39  42  9  5  28  32  19  16  36  11  21  23  22  37  20  29  10  40  35  1  15  7  18  25  31  3  27
   4  29  34  35  7  39  36  26  24  33  16  22  42  46  28  15  3  10  2  38  17  41  27  43  18  13  12  40  8  11  21  23  14  31  25  5  1  19  32  44  37  45  9  30  6  20
   4  30  37  19  25  23  8  13  27  38  3  46  16  26  7  29  6  45  32  5  14  11  12  43  17  10  28  22  24  39  34  20  9  44  1  31  21  40  18  41  2  15  42  33  36  35
   4  30  38  10  31  18  40  36  26  11  9  44  25  20  19  16  22  6  23  37  28  35  1  24  12  5  14  46  29  45  39  42  43  2  21  32  34  3  13  17  41  8  33  15  7  27
   4  32  30  14  3  12  18  42  10  31  43  40  39  46  29  24  34  38  5  13  44  25  45  22  2  21  36  28  15  11  1  6  23  16  17  20  8  33  19  41  35  26  37  7  9  27
   4  33  2  40  1  20  24  10  12  5  6  26  3  13  25  30  36  15  18  31  9  39  28  43  14  45  7  46  27  23  37  35  42  41  21  44  34  22  17  11  32  29  16  38  8  19
   4  34  22  18  21  6  42  2  40  5  31  36  7  26  39  32  46  24  33  35  14  15  43  20  38  37  12  10  1  23  9  16  3  30  13  8  28  17  25  19  29  44  41  45  11  27
   4  35  36  33  42  15  2  41  18  40  21  31  1  44  9  20  34  39  24  22  28  10  17  43  12  11  14  5  32  45  6  29  7  26  16  46  3  38  27  13  8  23  25  19  37  30
   4  36  14  22  39  46  20  8  24  25  19  32  21  6  3  40  12  10  15  11  30  5  41  18  28  7  34  38  33  35  17  26  29  44  9  42  2  1  31  43  23  16  45  37  13  27
   4  38  6  26  11  40  44  14  8  45  7  28  35  32  13  2  24  42  43  33  46  41  39  16  18  23  10  20  19  1  25  36  9  12  5  30  22  31  37  21  17  34  3  29  15  27
   4  38  32  22  21  35  27  45  28  31  36  13  6  10  1  33  8  29  17  44  42  23  7  43  9  15  25  26  12  20  2  19  16  11  34  41  37  46  14  39  18  30  3  5  24  40
   4  40  24  5  3  30  18  39  14  46  37  41  34  11  16  19  2  20  12  26  25  15  9  43  7  23  42  44  17  29  8  33  1  10  6  13  36  31  28  45  27  35  21  22  32  38
   4  40  44  30  29  34  22  20  38  19  41  24  3  12  23  10  36  28  25  9  16  31  37  14  8  39  32  2  5  13  33  46  35  26  1  18  42  15  43  45  11  6  7  21  17  27
   4  41  9  10  32  46  25  33  21  39  12  29  27  30  2  44  28  5  16  23  36  40  34  43  6  38  37  15  1  22  14  26  8  35  18  20  17  45  3  19  42  31  24  11  7  13
   4  42  36  34  1  28  46  26  22  39  29  20  17  38  33  18  2  14  7  31  32  21  35  12  44  9  8  30  37  25  41  10  15  40  43  6  16  45  3  23  5  24  11  13  19  27
   4  43  5  7  44  31  28  8  42  14  30  34  37  13  6  24  22  21  17  29  35  2  10  32  39  12  26  1  18  3  33  16  27  15  20  46  23  36  45  40  41  25  19  11  38  9
   4  44  14  13  2  22  7  30  1  11  27  15  24  29  37  31  12  38  42  39  6  19  21  43  3  33  34  45  25  40  17  46  36  20  32  23  18  10  16  35  9  5  8  41  28  26
   4  44  28  38  19  22  24  32  6  13  17  16  31  18  43  26  14  46  35  7  2  11  33  10  34  25  30  12  23  37  3  20  41  8  39  40  36  29  9  1  45  42  15  5  21  27
   5  2  29  21  46  9  13  24  19  17  35  14  15  6  40  16  44  27  39  25  10  4  11  42  45  18  26  1  38  34  23  28  30  12  33  32  41  7  31  3  20  8  22  37  43  36
   5  3  30  18  39  14  46  37  41  34  11  16  19  2  20  12  26  25  15  9  43  7  23  42  44  17  29  8  33  1  10  6  13  36  31  28  45  27  35  21  22  32  38  4  40  24
   5  6  26  3  13  25  30  36  15  18  31  9  39  28  43  14  45  7  46  27  23  37  35  42  41  21  44  34  22  17  11  32  29  16  38  8  19  4  33  2  40  1  20  24  10  12
   5  8  41  28  26  4  44  14  13  2  22  7  30  1  11  27  15  24  29  37  31  12  38  42  39  6  19  21  43  3  33  34  45  25  40  17  46  36  20  32  23  18  10  16  35  9
   5  9  35  13  18  39  7  17  19  22  4  43  10  11  2  21  29  23  38  26  37  8  24  1  31  14  3  15  46  6  44  25  34  33  20  27  45  42  40  30  16  41  36  12  32  28
   5  9  35  16  10  18  23  32  20  36  46  17  40  25  45  34  33  3  43  21  19  6  39  42  38  12  31  37  29  24  15  27  11  1  30  7  22  2  13  14  44  4  26  28  41  8
   5  11  27  17  36  33  31  23  3  42  38  39  24  37  12  29  41  9  20  2  7  44  22  45  21  30  25  43  32  18  6  35  14  1  16  15  19  26  46  8  10  13  40  4  34  28
   5  12  10  24  20  1  40  2  33  4  19  8  38  16  29  32  11  17  22  34  44  21  41  42  35  37  23  27  46  7  45  14  43  28  39  9  31  18  15  36  30  25  13  3  26  6
   5  13  19  21  8  27  9  29  33  16  26  35  38  17  22  37  7  41  2  24  23  34  20  43  11  46  1  25  18  30  14  45  40  15  12  3  39  10  6  32  4  31  44  42  36  28
   5  14  11  12  43  17  10  28  22  24  39  34  20  9  44  1  31  21  40  18  41  2  15  42  33  36  35  4  30  37  19  25  23  8  13  27  38  3  46  16  26  7  29  6  45  32
   5  15  11  25  26  21  33  35  17  36  14  31  6  43  32  45  19  27  30  46  39  24  18  41  1  16  23  7  4  42  22  9  20  29  8  37  13  40  12  10  44  3  2  34  38  28
   5  16  23  36  40  34  43  6  38  37  15  1  22  14  26  8  35  18  20  17  45  3  19  42  31  24  11  7  13  4  41  9  10  32  46  25  33  21  39  12  29  27  30  2  44  28
   5  17  3  29  44  15  11  41  1  10  2  27  20  23  42  7  31  13  12  22  9  14  16  39  37  32  45  35  36  8  30  19  46  43  4  25  33  24  18  34  38  21  6  26  40  28
   5  19  41  33  16  9  35  1  31  30  36  23  34  3  6  15  43  45  40  44  25  4  14  37  27  2  21  17  22  20  38  29  26  11  46  13  7  8  24  12  32  39  10  18  42  28
   5  21  13  17  15  16  39  4  45  1  23  12  41  3  22  36  29  9  19  14  40  27  10  42  26  34  30  32  31  8  43  2  46  24  35  6  44  25  11  18  38  28  33  7  20  37
   5  21  33  37  34  3  13  7  15  4  24  19  2  29  16  23  9  31  22  20  41  40  12  35  17  18  43  45  8  32  46  39  6  25  42  1  27  38  30  36  26  11  14  10  44  28
   5  27  9  3  42  31  39  25  13  18  34  7  44  15  46  1  45  35  14  40  43  10  6  29  33  20  17  37  12  22  24  23  38  21  30  11  41  36  2  16  8  19  26  32  4  28
   5  27  33  9  11  3  35  1  43  16  30  21  10  7  19  18  22  6  23  2  39  32  13  42  20  14  38  36  44  12  46  4  31  17  26  37  40  28  29  25  41  24  45  8  15  34
   5  28  44  2  30  27  29  12  39  21  33  25  46  32  10  9  41  4  13  7  11  24  31  42  19  3  45  17  20  18  35  8  26  14  22  1  15  37  38  6  43  34  40  36  23  16
   5  31  39  11  32  19  41  37  27  12  10  45  26  21  20  17  23  7  24  38  29  36  2  25  13  6  15  1  30  46  40  43  44  3  22  33  35  4  14  18  42  9  34  16  8  28
   5  32  45  6  29  7  26  16  46  3  38  27  13  8  23  25  19  37  30  4  35  36  33  42  15  2  41  18  40  21  31  1  44  9  20  34  39  24  22  28  10  17  43  12  11  14
   5  33  31  15  4  13  19  43  11  32  44  41  40  1  30  25  35  39  6  14  45  26  46  23  3  22  37  29  16  12  2  7  24  17  18  21  9  34  20  42  36  27  38  8  10  28
   5  34  15  8  45  24  41  25  29  28  40  37  26  17  31  4  46  12  44  36  38  14  20  42  13  32  39  2  23  6  22  18  19  7  10  21  30  16  43  1  35  3  11  9  33  27
   5  37  20  7  33  28  38  18  11  25  44  6  35  24  46  2  43  8  31  32  30  34  26  42  10  27  40  14  19  9  29  36  22  3  41  12  23  1  45  4  39  16  15  17  13  21
   5  39  7  27  12  41  45  15  9  46  8  29  36  33  14  3  25  43  44  34  1  42  40  17  19  24  11  21  20  2  26  37  10  13  6  31  23  32  38  22  18  35  4  30  16  28
   5  41  45  31  30  35  23  21  39  20  42  25  4  13  24  11  37  29  26  10  17  32  38  15  9  40  33  3  6  14  34  1  36  27  2  19  43  16  44  46  12  7  8  22  18  28
   5  43  37  35  2  29  1  27  23  40  30  21  18  39  34  19  3  15  8  32  33  22  36  13  45  10  9  31  38  26  42  11  16  41  44  7  17  46  4  24  6  25  12  14  20  28
   5  45  29  39  20  23  25  33  7  14  18  17  32  19  44  27  15  1  36  8  3  12  34  11  35  26  31  13  24  38  4  21  42  9  40  41  37  30  10  2  46  43  16  6  22  28
   6  2  22  44  39  18  4  40  38  35  7  14  1  46  9  36  28  34  19  31  20  3  33  10  26  43  8  42  11  5  13  32  23  24  37  30  12  15  17  27  41  16  21  45  25  29
   6  4  14  2  11  12  28  46  22  9  41  10  15  26  19  44  40  20  1  7  36  39  31  8  16  13  30  24  43  17  21  42  3  38  33  18  32  45  23  5  35  34  25  37  27  29
   6  5  12  10  24  20  1  40  2  33  4  19  8  38  16  29  32  11  17  22  34  44  21  41  42  35  37  23  27  46  7  45  14  43  28  39  9  31  18  15  36  30  25  13  3  26
   6  10  36  14  19  40  8  18  20  23  5  44  11  12  3  22  30  24  39  27  38  9  25  2  32  15  4  16  1  7  45  26  35  34  21  28  46  43  41  31  17  42  37  13  33  29
   6  12  28  18  37  34  32  24  4  43  39  40  25  38  13  30  42  10  21  3  8  45  23  46  22  31  26  44  33  19  7  36  15  2  17  16  20  27  1  9  11  14  41  5  35  29
   6  14  20  22  9  28  10  30  34  17  27  36  39  18  23  38  8  42  3  25  24  35  21  44  12  1  2  26  19  31  15  46  41  16  13  4  40  11  7  33  5  32  45  43  37  29
   6  15  14  35  17  19  24  13  9  46  21  29  2  5  36  43  37  22  8  20  3  31  7  41  32  33  12  30  28  23  34  38  1  26  18  45  42  11  4  10  25  39  27  44  16  40
   6  16  12  26  27  22  34  36  18  37  15  32  7  44  33  46  20  28  31  1  40  25  19  42  2  17  24  8  5  43  23  10  21  30  9  38  14  41  13  11  45  4  3  35  39  29
   6  18  4  30  45  16  12  42  2  11  3  28  21  24  43  8  32  14  13  23  10  15  17  40  38  33  46  36  37  9  31  20  1  44  5  26  34  25  19  35  39  22  7  27  41  29
   6  19  21  43  3  33  34  45  25  40  17  46  36  20  32  23  18  10  16  35  9  5  8  41  28  26  4  44  14  13  2  22  7  30  1  11  27  15  24  29  37  31  12  38  42  39
   6  20  4  29  34  35  7  39  36  26  24  33  16  22  42  46  28  15  3  10  2  38  17  41  27  43  18  13  12  40  8  11  21  23  14  31  25  5  1  19  32  44  37  45  9  30
   6  20  42  34  17  10  36  2  32  31  37  24  35  4  7  16  44  46  41  45  26  5  15  38  28  3  22  18  23  21  39  30  27  12  1  14  8  9  25  13  33  40  11  19  43  29
   6  22  18  19  7  10  21  30  16  43  1  35  3  11  9  33  27  5  34  15  8  45  24  41  25  29  28  40  37  26  17  31  4  46  12  44  36  38  14  20  42  13  32  39  2  23
   6  22  34  38  35  4  14  8  16  5  25  20  3  30  17  24  10  32  23  21  42  41  13  36  18  19  44  46  9  33  1  40  7  26  43  2  28  39  31  37  27  12  15  11  45  29
   6  23  2  39  32  13  42  20  14  38  36  44  12  46  4  31  17  26  37  40  28  29  25  41  24  45  8  15  34  5  27  33  9  11  3  35  1  43  16  30  21  10  7  19  18  22
   6  28  10  4  43  32  40  26  14  19  35  8  45  16  1  2  46  36  15  41  44  11  7  30  34  21  18  38  13  23  25  24  39  22  31  12  42  37  3  17  9  20  27  33  5  29
   6  30  2  8  15  26  18  32  44  39  23  4  13  42  11  10  12  22  43  17  14  1  5  28  24  37  40  20  45  35  33  34  19  36  27  46  16  21  9  41  3  38  31  25  7  29
   6  30  9  45  37  44  32  19  1  5  25  31  14  23  21  11  8  40  12  13  18  43  27  41  17  38  2  10  3  15  28  46  42  22  16  33  24  26  36  39  7  35  34  29  4  20
   6  31  27  22  4  5  18  46  34  19  12  15  7  44  8  10  36  45  21  38  24  30  14  41  16  20  25  43  42  29  1  13  28  35  32  40  3  39  37  11  2  26  9  23  17  33
   6  32  40  12  33  20  42  38  28  13  11  46  27  22  21  18  24  8  25  39  30  37  3  26  14  7  16  2  31  1  41  44  45  4  23  34  36  5  15  19  43  10  35  17  9  29
   6  33  17  23  9  26  2  11  37  39  3  40  32  35  28  13  1  29  42  43  25  20  16  41  14  30  24  38  21  45  36  10  8  44  7  15  12  19  34  46  18  5  4  22  27  31
   6  34  32  16  5  14  20  44  12  33  45  42  41  2  31  26  36  40  7  15  46  27  1  24  4  23  38  30  17  13  3  8  25  18  19  22  10  35  21  43  37  28  39  9  11  29
   6  39  42  38  12  31  37  29  24  15  27  11  1  30  7  22  2  13  14  44  4  26  28  41  8  5  9  35  16  10  18  23  32  20  36  46  17  40  25  45  34  33  3  43  21  19
   6  40  8  28  13  42  46  16  10  1  9  30  37  34  15  4  26  44  45  35  2  43  41  18  20  25  12  22  21  3  27  38  11  14  7  32  24  33  39  23  19  36  5  31  17  29
   6  40  16  44  27  39  25  10  4  11  42  45  18  26  1  38  34  23  28  30  12  33  32  41  7  31  3  20  8  22  37  43  36  5  2  29  21  46  9  13  24  19  17  35  14  15
   6  44  38  36  3  30  2  28  24  41  31  22  19  40  35  20  4  16  9  33  34  23  37  14  46  11  10  32  39  27  43  12  17  42  45  8  18  1  5  25  7  26  13  15  21  29
   7  5  15  3  12  13  29  1  23  10  42  11  16  27  20  45  41  21  2  8  37  40  32  9  17  14  31  25  44  18  22  43  4  39  34  19  33  46  24  6  36  35  26  38  28  30
   7  10  21  30  16  43  1  35  3  11  9  33  27  5  34  15  8  45  24  41  25  29  28  40  37  26  17  31  4  46  12  44  36  38  14  20  42  13  32  39  2  23  6  22  18  19
   7  11  24  31  42  19  3  45  17  20  18  35  8  26  14  22  1  15  37  38  6  43  34  40  36  23  16  5  28  44  2  30  27  29  12  39  21  33  25  46  32  10  9  41  4  13
   7  11  37  15  20  41  9  19  21  24  6  45  12  13  4  23  31  25  40  28  39  10  26  3  33  16  5  17  2  8  46  27  36  35  22  29  1  44  42  32  18  43  38  14  34  30
   7  13  4  41  9  10  32  46  25  33  21  39  12  29  27  30  2  44  28  5  16  23  36  40  34  43  6  38  37  15  1  22  14  26  8  35  18  20  17  45  3  19  42  31  24  11
   7  13  29  19  38  35  33  25  5  44  40  41  26  39  14  31  43  11  22  4  9  46  24  1  23  32  27  45  34  20  8  37  16  3  18  17  21  28  2  10  12  15  42  6  36  30
   7  20  37  5  21  13  17  15  16  39  4  45  1  23  12  41  3  22  36  29  9  19  14  40  27  10  42  26  34  30  32  31  8  43  2  46  24  35  6  44  25  11  18  38  28  33
   7  21  43  35  18  11  37  3  33  32  38  25  36  5  8  17  45  1  42  46  27  6  16  39  29  4  23  19  24  22  40  31  28  13  2  15  9  10  26  14  34  41  12  20  44  30
   7  25  27  43  8  45  39  15  1  26  14  17  18  11  28  33  23  19  6  44  13  32  12  35  9  36  21  29  42  46  10  5  34  41  40  37  3  24  38  16  22  31  20  4  2  30
   7  29  11  5  44  33  41  27  15  20  36  9  46  17  2  3  1  37  16  42  45  12  8  31  35  22  19  39  14  24  26  25  40  23  32  13  43  38  4  18  10  21  28  34  6  30
   7  31  3  9  16  27  19  33  45  40  24  5  14  43  12  11  13  23  44  18  15  2  6  29  25  38  41  21  46  36  34  35  20  37  28  1  17  22  10  42  4  39  32  26  8  30
   7  33  28  38  18  11  25  44  6  35  24  46  2  43  8  31  32  30  34  26  42  10  27  40  14  19  9  29  36  22  3  41  12  23  1  45  4  39  16  15  17  13  21  5  37  20
   7  33  41  13  34  21  43  39  29  14  12  1  28  23  22  19  25  9  26  40  31  38  4  27  15  8  17  3  32  2  42  45  46  5  24  35  37  6  16  20  44  11  36  18  10  30
   7  35  33  17  6  15  21  45  13  34  46  43  42  3  32  27  37  41  8  16  1  28  2  25  5  24  39  31  18  14  4  9  26  19  20  23  11  36  22  44  38  29  40  10  12  30
   7  35  34  29  4  20  6  30  9  45  37  44  32  19  1  5  25  31  14  23  21  11  8  40  12  13  18  43  27  41  17  38  2  10  3  15  28  46  42  22  16  33  24  26  36  39
   7  39  36  26  24  33  16  22  42  46  28  15  3  10  2  38  17  41  27  43  18  13  12  40  8  11  21  23  14  31  25  5  1  19  32  44  37  45  9  30  6  20  4  29  34  35
   7  41  32  33  12  30  28  23  34  38  1  26  18  45  42  11  4  10  25  39  27  44  16  40  6  15  14  35  17  19  24  13  9  46  21  29  2  5  36  43  37  22  8  20  3  31
   7  43  9  15  25  26  12  20  2  19  16  11  34  41  37  46  14  39  18  30  3  5  24  40  4  38  32  22  21  35  27  45  28  31  36  13  6  10  1  33  8  29  17  44  42  23
   7  45  39  37  4  31  3  29  25  42  32  23  20  41  36  21  5  17  10  34  35  24  38  15  1  12  11  33  40  28  44  13  18  43  46  9  19  2  6  26  8  27  14  16  22  30
   8  6  16  4  13  14  30  2  24  11  43  12  17  28  21  46  42  22  3  9  38  41  33  10  18  15  32  26  45  19  23  44  5  40  35  20  34  1  25  7  37  36  27  39  29  31
   8  12  38  16  21  42  10  20  22  25  7  46  13  14  5  24  32  26  41  29  40  11  27  4  34  17  6  18  3  9  1  28  37  36  23  30  2  45  43  33  19  44  39  15  35  31
   8  14  30  20  39  36  34  26  6  45  41  42  27  40  15  32  44  12  23  5  10  1  25  2  24  33  28  46  35  21  9  38  17  4  19  18  22  29  3  11  13  16  43  7  37  31
   8  20  3  31  7  41  32  33  12  30  28  23  34  38  1  26  18  45  42  11  4  10  25  39  27  44  16  40  6  15  14  35  17  19  24  13  9  46  21  29  2  5  36  43  37  22
   8  22  37  43  36  5  2  29  21  46  9  13  24  19  17  35  14  15  6  40  16  44  27  39  25  10  4  11  42  45  18  26  1  38  34  23  28  30  12  33  32  41  7  31  3  20
   8  22  44  36  19  12  38  4  34  33  39  26  37  6  9  18  46  2  43  1  28  7  17  40  30  5  24  20  25  23  41  32  29  14  3  16  10  11  27  15  35  42  13  21  45  31
   8  28  20  2  27  40  18  22  32  1  3  14  33  38  39  42  36  6  35  21  30  23  11  34  46  7  44  12  29  13  19  16  15  10  37  26  24  9  45  41  17  4  25  43  5  31
   8  30  12  6  45  34  42  28  16  21  37  10  1  18  3  4  2  38  17  43  46  13  9  32  36  23  20  40  15  25  27  26  41  24  33  14  44  39  5  19  11  22  29  35  7  31
   8  32  4  10  17  28  20  34  46  41  25  6  15  44  13  12  14  24  45  19  16  3  7  30  26  39  42  22  1  37  35  36  21  38  29  2  18  23  11  43  5  40  33  27  9  31
   8  34  42  14  35  22  44  40  30  15  13  2  29  24  23  20  26  10  27  41  32  39  5  28  16  9  18  4  33  3  43  46  1  6  25  36  38  7  17  21  45  12  37  19  11  31
   8  36  34  18  7  16  22  46  14  35  1  44  43  4  33  28  38  42  9  17  2  29  3  26  6  25  40  32  19  15  5  10  27  20  21  24  12  37  23  45  39  30  41  11  13  31
   8  42  10  30  15  44  2  18  12  3  11  32  39  36  17  6  28  46  1  37  4  45  43  20  22  27  14  24  23  5  29  40  13  16  9  34  26  35  41  25  21  38  7  33  19  31
   8  44  2  34  33  38  26  24  42  23  45  28  7  16  27  14  40  32  29  13  20  35  41  18  12  43  36  6  9  17  37  4  39  30  5  22  46  19  1  3  15  10  11  25  21  31
   8  45  24  41  25  29  28  40  37  26  17  31  4  46  12  44  36  38  14  20  42  13  32  39  2  23  6  22  18  19  7  10  21  30  16  43  1  35  3  11  9  33  27  5  34  15
   9  5  8  41  28  26  4  44  14  13  2  22  7  30  1  11  27  15  24  29  37  31  12  38  42  39  6  19  21  43  3  33  34  45  25  40  17  46  36  20  32  23  18  10  16  35
   9  7  17  5  14  15  31  3  25  12  44  13  18  29  22  1  43  23  4  10  39  42  34  11  19  16  33  27  46  20  24  45  6  41  36  21  35  2  26  8  38  37  28  40  30  32
   9  15  31  21  40  37  35  27  7  46  42  43  28  41  16  33  45  13  24  6  11  2  26  3  25  34  29  1  36  22  10  39  18  5  20  19  23  30  4  12  14  17  44  8  38  32
   9  19  15  29  30  25  37  39  21  40  18  35  10  1  36  3  23  31  34  4  43  28  22  45  5  20  27  11  8  46  26  13  24  33  12  41  17  44  16  14  2  7  6  38  42  32
   9  21  7  33  2  19  15  45  5  14  6  31  24  27  46  11  35  17  16  26  13  18  20  43  41  36  3  39  40  12  34  23  4  1  8  29  37  28  22  38  42  25  10  30  44  32
   9  23  17  33  6  31  27  22  4  5  18  46  34  19  12  15  7  44  8  10  36  45  21  38  24  30  14  41  16  20  25  43  42  29  1  13  28  35  32  40  3  39  37  11  2  26
   9  25  37  41  38  7  17  11  19  8  28  23  6  33  20  27  13  35  26  24  45  44  16  39  21  22  1  3  12  36  4  43  10  29  46  5  31  42  34  40  30  15  18  14  2  32
   9  26  2  11  37  39  3  40  32  35  28  13  1  29  42  43  25  20  16  41  14  30  24  38  21  45  36  10  8  44  7  15  12  19  34  46  18  5  4  22  27  31  6  33  17  23
   9  29  36  22  3  41  12  23  1  45  4  39  16  15  17  13  21  5  37  20  7  33  28  38  18  11  25  44  6  35  24  46  2  43  8  31  32  30  34  26  42  10  27  40  14  19
   9  41  19  27  44  5  25  13  29  30  24  37  26  11  8  45  17  15  20  16  35  10  46  23  33  12  39  43  38  40  22  31  34  3  14  1  7  6  36  2  28  21  4  42  18  32
   9  43  7  23  42  44  17  29  8  33  1  10  6  13  36  31  28  45  27  35  21  22  32  38  4  40  24  5  3  30  18  39  14  46  37  41  34  11  16  19  2  20  12  26  25  15
   9  43  11  31  16  45  3  19  13  4  12  33  40  37  18  7  29  1  2  38  5  46  44  21  23  28  15  25  24  6  30  41  14  17  10  35  27  36  42  26  22  39  8  34  20  32
   9  45  3  35  34  39  27  25  43  24  46  29  8  17  28  15  41  33  30  14  21  36  42  19  13  44  37  7  10  18  38  5  40  31  6  23  1  20  2  4  16  11  12  26  22  32
   10  2  42  40  7  34  6  32  28  45  35  26  23  44  39  24  8  20  13  37  38  27  41  18  4  15  14  36  43  31  1  16  21  46  3  12  22  5  9  29  11  30  17  19  25  33
   10  4  34  44  25  28  30  38  12  19  23  22  37  24  3  32  20  6  41  13  8  17  39  16  40  31  36  18  29  43  9  26  1  14  45  46  42  35  15  7  5  2  21  11  27  33
   10  6  26  2  43  22  8  44  42  39  11  18  5  4  13  40  32  38  23  35  24  7  37  14  30  1  12  46  15  9  17  36  27  28  41  34  16  19  21  31  45  20  25  3  29  33
   10  8  18  6  15  16  32  4  26  13  45  14  19  30  23  2  44  24  5  11  40  43  35  12  20  17  34  28  1  21  25  46  7  42  37  22  36  3  27  9  39  38  29  41  31  33
   10  12  2  14  5  4  34  16  40  7  21  6  1  36  43  18  22  42  15  9  26  23  31  8  46  3  32  38  19  45  41  20  13  24  29  44  30  17  39  11  27  28  37  25  35  33
   10  14  29  3  23  4  15  21  20  28  11  6  46  8  30  42  40  9  22  12  45  16  13  37  33  18  44  24  43  32  26  27  19  36  41  1  39  17  5  7  38  25  35  2  31  34
   10  16  32  22  41  38  36  28  8  1  43  44  29  42  17  34  46  14  25  7  12  3  27  4  26  35  30  2  37  23  11  40  19  6  21  20  24  31  5  13  15  18  45  9  39  33
   10  20  16  30  31  26  38  40  22  41  19  36  11  2  37  4  24  32  35  5  44  29  23  46  6  21  28  12  9  1  27  14  25  34  13  42  18  45  17  15  3  8  7  39  43  33
   10  26  38  42  39  8  18  12  20  9  29  24  7  34  21  28  14  36  27  25  46  45  17  40  22  23  2  4  13  37  5  44  11  30  1  6  32  43  35  41  31  16  19  15  3  33
   10  34  6  12  19  30  22  36  2  43  27  8  17  46  15  14  16  26  1  21  18  5  9  32  28  41  44  24  3  39  37  38  23  40  31  4  20  25  13  45  7  42  35  29  11  33
   10  34  31  2  35  25  38  7  5  17  39  1  41  36  19  27  26  32  43  24  44  18  33  37  13  16  45  12  22  9  40  42  30  8  46  6  11  28  20  21  15  4  23  3  29  14
   10  42  20  28  45  6  26  14  30  31  25  38  27  12  9  46  18  16  21  17  36  11  1  24  34  13  40  44  39  41  23  32  35  4  15  2  8  7  37  3  29  22  5  43  19  33
   10  42  26  34  30  32  31  8  43  2  46  24  35  6  44  25  11  18  38  28  33  7  20  37  5  21  13  17  15  16  39  4  45  1  23  12  41  3  22  36  29  9  19  14  40  27
   11  5  35  45  26  29  31  39  13  20  24  23  38  25  4  33  21  7  42  14  9  18  40  17  41  32  37  19  30  44  10  27  2  15  46  1  43  36  16  8  6  3  22  12  28  34
   11  9  19  7  16  17  33  5  27  14  46  15  20  31  24  3  45  25  6  12  41  44  36  13  21  18  35  29  2  22  26  1  8  43  38  23  37  4  28  10  40  39  30  42  32  34
   11  13  3  15  6  5  35  17  41  8  22  7  2  37  44  19  23  43  16  10  27  24  32  9  1  4  33  39  20  46  42  21  14  25  30  45  31  18  40  12  28  29  38  26  36  34
   11  19  25  27  14  33  15  35  39  22  32  41  44  23  28  43  13  1  8  30  29  40  26  3  17  6  7  31  24  36  20  5  46  21  18  9  45  16  12  38  10  37  4  2  42  34
   11  27  39  43  40  9  19  13  21  10  30  25  8  35  22  29  15  37  28  26  1  46  18  41  23  24  3  5  14  38  6  45  12  31  2  7  33  44  36  42  32  17  20  16  4  34
   11  32  29  16  38  8  19  4  33  2  40  1  20  24  10  12  5  6  26  3  13  25  30  36  15  18  31  9  39  28  43  14  45  7  46  27  23  37  35  42  41  21  44  34  22  17
   11  39  37  21  10  19  25  3  17  38  4  1  46  7  36  31  41  45  12  20  5  32  6  29  9  28  43  35  22  18  8  13  30  23  24  27  15  40  26  2  42  33  44  14  16  34
   12  6  31  17  27  41  8  38  39  10  34  4  36  26  24  44  1  9  5  42  33  20  32  13  19  21  25  22  7  43  16  11  14  23  46  15  37  29  40  18  45  28  35  3  2  30
   12  28  40  44  41  10  20  14  22  11  31  26  9  36  23  30  16  38  29  27  2  1  19  42  24  25  4  6  15  39  7  46  13  32  3  8  34  45  37  43  33  18  21  17  5  35
   12  30  32  2  13  4  44  20  6  31  19  22  23  16  33  38  28  24  11  3  18  37  17  40  14  41  26  34  1  5  15  10  39  46  45  42  8  29  43  21  27  36  25  9  7  35
