   1  3  7  15  31  63  44  6  13  27  55  28  57  32  65  48  14  29  59  36  73  64  46  10  21  43  4  9  19  39  79  76  70  58  34  69  56  30  61  40  81  80  78  74  66  50  18  37  75  68  54  26  53  24  49  16  33  67  52  22  45  8  17  35  71  60  38  77  72  62  42  2  5  11  23  47  12  25  51  20  41
   1  9  41  31  26  25  47  58  21  72  36  60  28  62  69  40  33  71  44  70  17  54  42  2  65  39  74  56  34  75  20  37  16  14  81  57  3  7  10  43  59  8  22  66  27  46  35  15  64  50  80  18  24  11  76  6  79  63  68  45  55  73  12  4  13  67  61  19  32  29  52  53  49  51  5  30  78  48  23  38  77
   1  12  77  69  49  18  63  17  14  40  42  2  58  9  75  22  8  6  67  38  34  16  44  78  27  37  25  48  64  45  70  65  79  21  60  68  26  20  55  10  81  11  57  23  30  73  66  28  5  74  80  56  76  61  39  52  43  13  62  35  54  59  7  29  32  47  19  36  4  31  72  71  46  50  15  53  3  24  33  51  41
   1  15  39  26  24  34  10  12  49  66  74  36  41  67  55  58  7  52  71  65  6  54  29  80  48  19  78  25  18  45  73  4  56  76  30  79  32  50  75  5  35  14  11  77  68  42  2  57  46  3  81  62  44  60  40  72  28  69  27  61  22  8  23  13  59  37  43  64  47  51  16  17  9  63  70  21  20  31  53  38  33
   1  17  66  77  33  21  64  44  36  30  35  32  72  13  4  51  80  24  39  3  58  10  34  61  14  15  23  6  43  22  53  19  71  46  59  78  81  20  76  65  47  16  60  37  49  79  11  31  7  70  55  57  29  25  75  18  50  48  54  63  62  40  27  45  52  56  42  2  12  5  41  69  26  67  38  28  73  68  8  74  9
   1  19  66  73  13  63  24  65  31  34  25  37  39  50  48  23  22  76  53  80  7  28  44  36  69  17  5  9  15  4  32  16  78  49  64  14  52  42  2  33  77  18  54  79  74  21  56  26  40  45  46  3  81  60  41  38  75  27  20  71  35  11  51  59  72  58  68  55  29  12  67  61  43  62  6  30  47  10  70  8  57
   1  26  19  73  18  23  22  69  45  3  80  9  71  74  51  21  49  65  33  40  28  59  53  17  58  32  36  54  56  64  77  15  66  39  10  46  12  57  55  70  11  25  47  4  78  67  68  52  34  20  37  61  8  43  62  13  76  72  63  24  30  79  27  14  35  44  29  7  41  16  42  2  81  60  50  6  38  48  31  75  5
   1  46  35  56  29  21  28  32  14  40  51  71  4  9  7  73  25  79  38  52  26  6  15  64  43  24  30  17  47  66  16  44  77  74  36  54  76  61  60  70  5  45  10  68  58  11  50  63  41  65  12  37  75  20  8  59  53  49  57  23  18  19  62  78  81  22  13  72  42  2  39  3  34  27  80  48  31  33  69  55  67
   1  51  61  47  69  46  22  31  36  49  63  60  30  28  21  4  11  44  56  37  48  75  29  35  73  7  76  26  77  3  32  23  41  45  24  43  18  72  54  79  27  50  78  67  66  62  14  6  55  8  70  12  57  59  80  64  19  34  81  16  42  2  74  33  53  17  5  65  38  39  13  52  10  58  20  15  9  40  25  68  71
   1  53  11  35  7  25  36  57  58  12  38  24  59  79  30  20  71  67  4  66  23  80  41  26  76  50  65  10  70  77  56  60  63  28  33  6  72  31  48  3  61  52  64  14  22  5  81  43  45  9  54  42  2  73  13  47  40  39  21  27  19  29  16  46  17  15  74  8  37  51  32  55  68  34  62  18  49  44  69  78  75
   1  58  61  56  50  76  81  39  23  55  6  27  10  29  37  3  63  32  14  51  71  73  52  53  17  48  34  47  28  62  66  72  20  79  75  40  11  36  12  64  21  57  80  15  65  5  33  30  46  9  78  67  26  38  18  25  69  16  8  22  13  68  24  35  59  74  19  4  60  70  42  2  45  54  7  77  44  43  41  31  49
   2  10  64  62  32  12  5  58  44  11  53  27  48  60  25  45  24  21  66  18  57  42  47  49  43  4  29  17  72  28  35  76  75  50  81  34  40  63  74  19  77  8  52  30  78  61  15  55  69  59  7  71  22  38  39  3  31  26  13  79  1  33  70  14  6  16  67  9  68  36  51  80  20  23  41  37  46  65  56  73  54
   2  12  30  39  61  37  48  44  18  11  50  75  35  19  8  34  47  42  21  25  56  76  17  52  55  20  69  68  41  71  40  31  60  22  70  45  81  64  65  29  23  10  27  7  5  32  38  53  72  24  14  26  59  67  49  63  79  57  3  43  4  36  13  15  1  51  6  80  77  16  54  78  66  73  58  28  33  74  46  9  62
   2  23  16  78  20  38  44  59  33  28  27  62  52  80  81  73  29  43  4  69  53  34  60  17  26  12  45  3  1  56  11  65  72  15  6  75  51  13  49  18  71  21  55  22  63  8  24  36  14  10  41  7  37  42  5  57  74  68  32  9  31  50  70  30  19  66  77  79  54  67  35  39  47  76  64  61  46  25  48  58  40
   2  26  49  43  4  55  64  79  74  31  58  29  63  35  40  10  75  42  41  18  81  67  32  52  59  15  72  57  19  60  11  47  65  78  54  80  62  5  71  51  61  24  17  6  36  27  56  53  13  50  69  9  23  34  22  20  37  3  38  46  33  25  21  77  1  73  76  44  45  66  68  14  30  8  48  12  16  28  7  39  70
   2  26  68  79  61  25  21  31  15  6  19  60  10  72  46  3  63  14  33  55  56  62  38  64  41  11  76  8  42  30  67  48  52  80  13  36  74  28  73  75  37  24  53  39  34  27  35  51  54  81  49  43  4  1  18  66  45  17  22  77  20  50  59  71  69  40  32  7  58  57  47  65  23  70  9  44  29  78  16  5  12
   2  27  78  51  26  53  41  13  22  6  11  56  42  55  45  34  64  40  36  65  79  9  43  4  71  73  47  50  16  33  61  69  39  81  37  63  12  74  8  58  15  25  24  57  44  62  3  14  21  18  59  80  30  31  77  70  35  17  23  38  75  28  48  19  10  29  7  66  20  1  5  49  32  72  67  46  68  60  54  52  76
   2  32  35  5  37  53  47  36  16  14  69  66  26  19  43  4  6  1  60  22  79  48  3  12  46  20  78  77  10  24  34  74  38  23  45  72  25  75  11  49  39  30  55  18  31  59  13  54  50  67  8  61  28  76  58  63  70  17  71  15  27  33  52  56  42  21  41  80  68  7  73  81  64  65  57  44  9  40  51  29  62
   2  35  30  54  39  62  63  80  79  45  1  71  78  49  60  34  73  5  3  22  58  47  72  37  69  52  44  7  28  55  15  75  50  29  81  25  74  27  43  4  13  33  19  32  26  6  9  68  36  8  59  46  48  56  40  77  41  38  20  24  64  57  67  16  31  21  76  12  70  10  51  42  23  53  65  11  17  61  66  18  14
   2  35  31  25  63  32  3  78  19  43  4  14  45  52  79  57  9  77  66  80  48  15  50  8  36  34  24  40  60  10  51  5  23  26  56  69  75  38  42  18  73  33  72  1  53  62  64  49  61  58  37  11  76  71  70  13  30  17  74  54  20  67  68  12  41  22  59  47  55  39  44  16  7  81  21  65  29  6  27  46  28
   2  36  27  80  16  79  1  57  41  61  48  17  32  15  46  67  22  19  9  50  39  3  55  8  78  63  75  26  81  58  23  25  70  5  24  62  7  13  18  21  35  34  44  52  59  45  20  14  10  60  71  37  73  31  11  12  40  65  43  4  53  77  49  72  6  64  56  38  68  66  28  54  47  76  33  42  74  69  29  51  30
   2  44  10  72  68  47  18  31  77  76  78  62  19  69  57  58  16  60  63  14  33  30  55  29  52  73  50  61  5  21  38  32  25  80  75  17  81  26  48  11  1  42  28  37  41  8  15  51  27  65  20  34  49  54  74  46  56  64  39  45  79  9  7  35  22  13  43  4  67  59  24  53  3  70  6  66  36  71  40  23  12
   2  48  68  73  72  1  36  12  29  45  53  71  56  47  51  32  3  22  24  64  61  23  18  28  16  9  31  80  49  27  41  62  54  10  34  66  79  38  13  81  63  46  25  15  21  55  70  11  20  75  19  52  39  35  33  58  30  7  44  14  17  67  74  37  65  59  43  4  60  40  69  26  57  5  76  6  42  8  50  77  78
   2  52  45  11  60  22  58  10  35  42  21  5  47  19  72  14  18  51  38  33  6  29  40  71  67  20  57  56  48  53  17  23  74  12  15  77  75  34  79  69  3  50  41  59  81  64  65  43  4  16  73  8  66  55  37  63  9  76  26  78  36  44  30  24  54  31  70  80  7  28  25  27  1  39  68  13  32  46  61  49  62
   2  55  33  50  52  80  74  26  36  66  16  30  13  20  42  63  75  35  17  71  15  6  62  61  69  24  10  8  3  19  9  60  73  39  18  57  76  40  45  78  65  53  77  47  58  14  32  28  37  81  5  72  31  11  70  59  79  46  22  23  7  38  41  34  49  12  48  1  51  43  4  29  56  21  44  25  54  27  67  64  68
   2  56  81  18  5  31  63  79  21  48  50  35  1  59  13  66  41  36  40  37  60  80  58  51  8  39  46  49  64  33  29  10  19  65  28  22  77  3  52  17  55  54  44  32  61  43  4  78  69  15  71  30  16  38  72  20  26  24  68  45  62  76  34  67  27  7  73  74  53  42  12  47  57  70  9  14  25  75  11  23  6
   2  69  73  21  76  52  35  16  25  20  62  70  10  8  42  48  66  54  47  27  9  44  63  59  30  50  39  13  65  79  43  4  28  72  56  3  75  80  74  46  57  67  34  61  77  26  18  55  32  29  7  64  71  40  5  37  38  6  31  33  19  58  17  45  78  81  14  1  24  23  36  15  41  53  11  49  12  60  51  68  22
   2  73  39  20  46  11  26  33  45  67  59  30  69  74  34  1  52  14  38  12  62  66  22  58  77  47  25  15  18  32  5  64  16  49  55  10  37  31  41  36  53  71  29  54  13  21  19  48  50  51  27  7  28  60  23  80  63  79  78  75  24  9  70  81  72  56  42  35  65  61  43  4  17  40  68  6  76  3  57  44  8
   2  75  81  78  77  12  23  55  10  37  5  69  26  74  41  43  4  60  44  9  67  19  79  27  34  47  68  58  30  39  32  63  36  52  11  31  1  72  15  38  33  73  3  13  59  42  57  51  70  50  54  14  40  21  66  80  20  48  53  28  29  6  76  45  24  16  49  35  22  18  71  56  64  62  65  7  25  61  17  46  8
   2  77  20  50  9  30  68  5  18  66  52  64  21  74  24  81  45  19  11  62  16  49  53  23  29  47  73  63  31  22  56  14  42  7  70  46  61  69  67  40  51  75  55  10  37  57  34  6  76  1  78  79  41  26  71  80  15  44  27  58  60  59  43  4  65  54  32  35  17  13  36  3  72  12  28  25  39  33  38  48  8
   2  79  34  5  6  52  42  80  21  43  4  3  59  28  55  9  72  81  49  63  61  69  27  38  64  76  26  50  15  74  58  45  25  29  23  56  41  13  32  48  7  77  8  18  75  37  33  68  11  60  20  65  35  17  22  19  36  39  57  46  67  16  31  10  30  78  71  73  51  24  54  40  47  53  44  1  66  12  70  62  14
   3  10  19  4  68  64  79  35  69  1  18  81  30  5  29  9  25  14  42  71  49  55  74  77  51  62  20  59  2  22  34  52  60  73  61  38  33  26  36  28  63  7  76  45  31  15  17  8  56  27  70  37  78  32  54  75  43  48  24  66  39  40  72  23  13  58  57  12  16  46  44  6  53  80  21  67  50  47  41  11  65
   3  27  41  11  78  75  59  10  63  52  26  16  2  22  43  38  17  49  50  46  51  80  44  6  31  35  58  4  20  61  60  29  48  42  79  7  9  21  30  47  13  24  66  34  81  56  23  45  28  68  76  54  72  33  64  18  73  25  40  53  1  55  36  12  39  37  19  57  14  5  74  77  65  71  15  8  70  62  69  32  67
   3  35  74  8  81  61  63  76  2  70  22  46  15  26  5  14  78  44  6  13  56  51  48  21  33  62  10  66  43  64  27  11  38  30  19  72  36  4  39  65  1  32  55  69  68  71  67  45  20  42  25  29  57  47  40  59  79  34  28  80  52  58  18  23  24  9  49  37  75  73  16  31  12  53  7  54  41  17  50  60  77
   3  36  67  43  65  54  25  51  42  38  44  6  10  27  61  66  24  18  37  32  20  48  50  70  81  29  75  62  28  53  46  31  73  63  16  40  78  60  1  30  79  33  7  69  8  55  34  2  15  58  76  4  64  19  35  74  47  39  22  23  80  13  21  5  14  59  57  26  12  11  52  49  56  68  45  77  9  72  17  71  41
   3  40  60  45  46  2  65  73  79  66  59  43  42  75  78  44  6  4  14  32  18  8  81  54  80  55  25  64  77  30  62  36  15  69  33  27  50  61  57  22  49  37  5  24  28  20  41  10  53  7  48  31  11  13  71  34  74  63  23  47  72  19  16  21  38  9  58  70  52  68  17  39  67  76  1  35  12  26  56  51  29
   3  45  35  78  72  20  30  36  65  34  58  26  41  37  1  10  21  74  49  31  18  80  5  76  62  57  70  75  54  53  55  12  4  64  8  73  14  68  61  15  23  42  33  67  40  44  6  7  56  9  79  22  50  16  38  52  2  43  81  19  66  24  69  39  13  29  47  28  59  71  48  51  27  25  46  63  60  11  77  32  17
   3  46  52  39  41  66  45  1  42  47  56  71  37  27  69  11  2  19  22  80  18  34  16  78  51  63  58  21  15  81  67  24  70  55  9  23  74  57  49  30  65  43  75  14  44  6  5  64  10  59  33  60  7  26  76  12  13  53  4  35  32  25  62  72  68  8  79  50  73  38  36  40  48  20  77  29  17  28  54  61  31
   3  51  34  67  17  63  28  50  26  8  23  14  52  39  12  71  76  72  35  9  10  30  20  19  42  45  69  18  47  66  77  57  49  56  13  70  79  60  64  31  59  48  16  29  65  73  33  11  21  46  1  7  5  75  61  54  68  62  80  25  22  38  81  53  74  4  44  6  36  15  41  43  78  37  32  2  55  40  24  58  27
   3  52  6  81  55  24  9  22  2  72  58  67  27  51  12  4  25  59  5  76  75  16  61  80  70  74  30  36  54  32  15  42  7  23  28  60  62  37  8  38  79  49  78  21  19  69  64  48  1  56  73  13  77  71  33  29  39  20  57  34  35  46  18  66  45  53  10  68  26  17  31  43  63  50  65  14  40  47  11  44  41
   3  52  30  50  79  64  40  77  36  23  41  29  4  28  14  46  72  15  9  68  48  21  18  16  44  6  25  63  37  19  73  78  57  65  31  81  71  67  20  60  43  49  80  34  27  26  47  70  51  61  45  62  69  2  35  5  32  75  66  58  74  1  13  8  54  17  56  59  24  38  39  10  12  42  76  7  11  53  22  33  55
   3  52  48  40  56  33  61  13  68  39  29  35  19  57  50  10  75  1  37  17  41  16  27  25  4  77  36  5  42  62  76  54  59  81  28  32  45  80  24  26  73  49  70  67  55  65  2  78  79  15  60  69  72  58  30  12  44  6  31  43  9  8  51  38  53  11  74  22  7  46  63  14  66  34  23  18  64  71  20  47  21
   3  57  34  55  39  25  72  31  11  20  75  29  35  68  62  69  66  64  77  76  21  2  50  26  43  51  15  27  45  12  14  48  70  65  28  42  74  44  6  17  67  54  80  73  58  63  4  78  38  53  56  9  79  16  41  32  61  81  60  49  23  33  71  13  52  10  40  1  5  36  37  19  47  22  18  8  59  30  46  24  7
   3  59  68  14  38  63  51  22  55  21  47  24  28  44  6  49  52  5  78  67  64  19  25  15  2  12  13  7  69  23  70  29  79  18  41  36  34  76  9  1  39  56  37  77  8  65  43  75  27  32  46  54  73  66  45  17  62  48  31  80  16  74  58  40  60  30  42  53  10  61  57  4  11  33  35  20  50  81  26  72  71
   3  71  19  59  43  56  66  11  26  65  25  16  8  2  63  12  33  50  4  29  62  61  5  23  55  21  64  78  67  9  14  69  41  53  72  47  54  52  80  73  81  68  70  37  34  22  42  18  1  24  46  36  7  13  76  28  57  20  79  48  44  6  58  17  77  51  15  31  32  35  39  74  30  10  60  45  27  38  75  40  49
   3  72  29  28  61  4  32  44  6  35  80  25  31  20  62  17  63  74  40  11  27  47  73  77  18  15  53  39  46  64  12  43  51  5  59  33  14  76  78  48  9  69  38  57  16  56  21  70  55  68  58  49  52  66  19  2  26  24  41  36  37  42  10  65  75  50  34  13  45  60  54  30  22  81  8  1  79  67  7  71  23
   3  74  27  2  77  18  29  79  12  47  25  8  59  72  33  67  48  22  17  32  70  39  49  19  26  5  68  45  31  73  30  76  21  20  23  14  41  43  37  55  1  80  9  56  81  6  65  54  4  71  36  58  75  24  11  50  16  35  61  66  51  13  44  34  64  57  78  15  38  52  10  53  7  62  63  60  69  42  40  46  28
   3  77  33  23  21  75  26  7  10  36  32  72  13  73  8  60  49  37  12  34  69  76  41  78  64  68  31  30  46  67  4  16  25  2  17  18  52  11  62  9  19  74  28  42  66  15  79  47  53  27  80  44  6  55  39  59  38  35  63  81  57  5  48  56  51  45  58  24  29  71  14  1  40  20  22  54  65  50  43  70  61
   3  77  38  57  56  26  15  40  68  2  9  30  1  50  34  25  31  64  19  48  13  53  63  36  18  72  16  20  22  45  32  49  23  58  12  21  43  33  10  7  69  74  62  70  65  28  4  35  67  78  46  44  6  71  52  11  24  27  39  14  41  61  17  47  81  60  54  55  73  5  51  29  80  37  79  75  8  76  42  66  59
   3  78  57  55  54  69  66  43  53  9  76  27  49  58  71  63  65  31  17  38  2  13  77  51  10  14  26  80  4  28  67  45  34  35  30  56  36  7  1  46  33  75  59  12  70  37  40  74  20  60  29  19  24  47  22  39  64  52  25  72  8  73  81  42  23  50  5  21  41  48  44  6  79  16  68  18  32  62  11  61  15
   4  6  20  62  54  53  36  21  31  70  74  42  79  15  73  34  32  38  3  28  25  60  69  17  22  23  18  81  51  1  76  64  9  78  27  75  39  52  14  63  43  2  56  33  41  16  71  61  13  7  40  68  57  26  66  10  30  46  37  49  35  59  55  29  44  67  45  8  11  77  48  65  47  58  12  50  72  19  80  5  24
   4  13  74  61  52  65  41  67  44  12  63  30  2  69  49  68  46  80  72  7  35  59  45  8  19  23  53  18  32  25  81  15  37  39  33  3  24  66  16  34  71  9  48  73  6  42  47  28  1  36  77  78  60  21  31  58  29  75  5  76  27  56  14  79  20  17  55  50  40  43  51  57  64  62  11  10  54  38  26  22  70
   4  14  54  23  62  43  72  24  17  49  65  19  30  53  61  64  47  44  48  46  81  5  36  56  32  59  21  78  57  13  41  42  26  20  68  50  35  76  67  39  3  10  9  71  1  69  58  63  40  27  79  22  37  29  25  34  60  55  6  28  75  11  66  33  7  77  45  8  38  80  15  52  73  51  70  12  2  16  18  31  74
   4  15  23  1  70  22  29  32  9  40  42  58  20  16  2  14  50  26  53  13  59  6  3  77  60  18  37  67  7  35  45  8  56  62  30  47  27  78  66  10  73  11  68  81  31  52  36  69  64  17  55  46  19  80  51  33  76  12  21  25  79  34  75  49  74  39  28  43  48  5  72  71  41  65  63  57  24  38  61  54  44
   4  20  46  42  64  24  51  34  6  63  65  13  14  38  9  49  48  1  50  36  73  2  53  57  45  8  17  75  62  56  29  70  27  18  39  68  80  3  66  79  31  16  22  60  74  81  71  69  15  77  55  19  44  76  37  47  21  52  67  35  43  25  58  28  12  32  11  59  54  72  61  78  40  5  41  33  10  7  30  23  26
   4  23  37  40  10  63  52  25  49  11  77  60  15  66  68  43  22  28  76  24  42  50  44  34  31  53  9  71  36  64  51  46  32  57  69  20  33  21  41  72  65  19  17  26  67  1  79  14  18  61  13  55  56  38  5  78  3  35  74  27  48  59  58  39  62  30  2  29  7  81  45  8  75  80  54  12  70  47  73  6  16
   4  24  60  37  81  33  14  6  36  63  18  27  29  79  16  68  53  2  1  9  30  70  75  22  69  40  15  54  41  19  80  21  38  44  58  49  39  46  7  17  5  20  13  55  51  64  76  65  62  48  28  52  77  11  57  3  35  73  47  45  8  72  67  71  43  61  12  78  31  32  26  74  50  23  34  56  25  66  10  59  42
   4  27  39  74  31  24  5  69  20  33  51  15  52  66  41  45  8  38  6  59  11  79  35  13  68  53  54  34  60  37  64  3  72  22  63  21  43  62  71  76  25  23  47  67  77  2  73  61  58  18  26  28  80  1  50  78  40  14  65  56  17  12  70  49  48  32  57  29  44  36  19  30  46  42  7  55  9  81  75  10  16
   4  29  21  9  3  64  47  74  79  45  8  28  49  22  35  73  59  31  50  78  14  71  18  16  72  68  48  80  38  20  61  51  5  52  30  15  27  76  2  36  23  25  62  43  65  42  46  57  81  34  33  63  70  19  58  67  60  75  66  26  40  11  54  24  41  44  77  53  69  37  6  32  55  39  1  7  17  12  13  10  56
   4  30  39  36  51  21  3  35  1  14  18  29  43  77  67  50  41  72  80  33  38  78  34  61  16  37  10  57  46  25  17  20  79  7  56  44  31  47  22  75  69  26  6  64  81  45  8  74  15  71  19  60  32  76  62  40  52  48  54  49  42  70  68  11  13  55  23  66  65  2  24  53  73  58  59  28  9  27  63  5  12
   4  31  40  18  59  60  54  51  36  50  22  46  1  66  48  39  49  79  63  42  32  57  65  5  17  53  23  3  21  44  30  28  2  55  58  10  81  15  11  80  61  27  69  20  33  73  68  12  70  43  74  35  41  52  19  78  71  6  13  34  38  77  45  8  7  26  64  29  75  67  72  47  62  24  56  9  37  25  76  14  16
   4  35  68  51  12  22  2  78  1  45  8  47  77  56  69  59  62  39  57  3  81  15  13  76  46  70  52  18  71  66  34  49  9  17  5  30  41  67  64  14  55  31  16  36  27  33  25  54  63  38  40  7  29  75  44  79  72  37  73  10  11  32  21  20  60  74  19  23  61  48  26  80  53  65  6  43  50  24  58  42  28
   4  52  54  35  81  9  1  21  71  12  79  38  20  62  10  47  3  28  25  69  30  42  76  46  41  63  70  16  2  60  11  14  22  78  67  72  66  56  23  27  33  48  65  37  68  13  29  61  26  39  57  45  8  43  36  50  49  75  44  31  40  18  77  19  15  80  64  55  34  73  53  7  5  58  59  6  17  74  32  51  24
   4  52  57  45  8  69  46  35  66  21  34  17  3  29  80  20  27  2  41  36  39  11  64  22  77  71  62  73  79  38  63  53  7  74  26  78  42  51  19  61  81  48  75  12  72  13  30  65  67  18  15  59  5  68  44  40  33  47  76  10  25  9  1  31  43  23  70  6  49  50  54  28  60  16  14  24  32  56  55  37  58
   4  64  29  51  33  65  53  72  32  28  15  50  52  79  45  8  12  43  38  44  35  14  47  24  10  40  74  31  20  48  68  66  76  5  49  62  9  27  63  57  37  60  69  36  21  77  67  26  18  11  16  81  56  70  34  3  58  75  19  71  13  25  22  30  2  1  41  78  54  55  23  39  46  7  73  6  59  80  61  17  42
   4  67  64  76  28  54  33  34  30  46  65  72  44  73  40  6  59  13  31  42  81  8  51  45  69  56  25  66  68  60  9  47  61  5  63  80  12  35  26  62  1  79  16  19  7  55  29  50  49  53  37  18  11  39  10  43  77  24  70  52  41  2  75  32  38  14  27  58  17  15  23  74  36  22  78  20  3  71  48  57  21
   4  69  25  18  22  78  66  52  72  50  32  60  67  40  2  3  27  29  75  19  71  12  42  81  15  48  20  16  47  79  59  38  23  37  36  73  70  80  49  74  7  65  31  53  34  28  64  56  33  39  51  62  21  63  58  77  35  10  44  5  55  76  41  68  57  24  14  43  61  45  8  17  30  1  6  9  26  13  11  46  54
   4  72  13  78  32  35  43  73  41  81  14  75  64  71  10  11  44  79  59  18  37  47  69  16  74  3  27  52  39  34  5  9  58  51  48  42  55  67  36  1  29  68  6  22  77  49  40  28  20  38  19  33  23  21  63  24  80  7  45  8  65  31  57  62  12  46  30  76  54  50  56  26  53  70  25  2  66  15  17  61  60
   5  3  2  57  1  23  74  56  16  68  11  78  32  65  20  9  72  38  31  15  44  50  6  59  70  75  33  30  51  28  19  13  27  66  49  62  77  18  52  79  71  80  54  21  81  67  55  73  35  22  29  39  63  43  47  8  4  76  24  69  64  36  53  61  14  34  46  10  60  25  41  17  48  7  26  58  37  12  40  42  45
   5  9  59  71  17  66  28  73  16  81  69  54  68  58  23  20  55  56  34  21  76  47  63  11  37  35  52  48  57  15  78  33  41  61  38  51  8  32  24  67  53  4  62  7  2  64  70  30  29  40  22  60  39  49  72  74  13  6  77  80  46  10  42  1  19  3  25  79  26  31  65  14  50  44  18  75  45  36  43  12  27
   5  12  18  75  22  58  81  67  77  28  71  17  70  43  48  46  10  34  78  26  30  68  53  8  24  37  69  52  19  50  76  60  25  33  55  45  56  47  13  64  27  7  63  40  74  6  41  44  61  39  80  79  73  49  9  2  14  23  11  51  38  59  54  35  36  15  42  62  32  4  1  65  57  72  29  31  20  16  66  3  21
   5  13  2  37  65  69  38  79  73  6  43  21  31  4  76  33  28  52  19  72  35  58  56  16  17  3  25  45  75  20  78  80  62  81  74  70  14  46  10  1  57  8  24  67  42  23  34  48  36  61  66  15  77  54  41  26  47  53  18  27  11  55  9  49  32  44  12  29  63  60  7  59  51  64  30  68  71  50  22  40  39
   5  19  36  13  66  16  25  12  4  58  15  50  29  56  2  69  79  52  59  80  49  61  23  60  30  38  54  6  64  75  26  27  11  42  20  35  17  55  44  39  33  14  76  62  81  74  34  31  57  48  22  46  10  9  32  73  40  45  65  78  41  47  1  51  53  18  8  37  67  63  3  21  24  7  77  43  68  72  70  28  71
   5  19  55  11  35  43  16  39  44  60  26  38  49  67  68  18  27  7  20  2  33  72  41  48  52  4  79  50  22  57  34  54  69  58  1  30  32  73  76  15  59  14  74  70  28  25  77  51  61  45  24  46  10  37  65  71  36  31  23  53  13  63  80  66  3  75  42  40  21  9  78  29  12  6  64  8  81  56  17  62  47
   5  32  10  53  37  40  15  64  58  38  42  57  45  3  20  34  69  71  63  72  43  54  47  24  62  14  50  60  8  26  25  70  39  11  74  18  76  7  68  36  77  27  48  35  59  33  52  80  29  66  67  49  19  9  55  21  65  6  13  2  31  22  30  28  75  61  44  4  16  1  79  17  23  56  81  78  12  51  73  46  41
   5  32  50  56  77  52  12  19  60  11  41  21  34  74  78  22  38  25  15  4  80  35  30  54  46  10  69  23  7  59  67  48  13  81  79  53  9  57  6  18  17  27  24  2  45  16  51  62  3  47  75  76  33  58  31  63  26  43  28  42  14  29  49  68  8  1  66  71  40  36  65  44  20  70  72  39  73  61  64  55  37
   5  32  80  12  66  55  47  49  4  65  21  31  59  13  56  44  43  29  7  1  41  54  45  69  34  19  60  63  70  76  72  8  71  53  74  26  75  24  40  16  67  27  62  57  37  81  58  48  77  25  18  33  38  42  50  20  46  10  79  17  15  68  3  36  61  73  14  64  39  22  23  78  28  2  11  30  52  9  6  51  35
   5  35  49  50  56  9  59  27  1  11  71  16  18  30  19  36  55  3  23  60  33  37  61  39  73  28  7  47  38  67  75  40  79  64  57  15  12  77  52  68  81  76  46  32  31  25  72  22  54  80  70  10  65  63  51  62  45  26  78  58  21  48  44  20  42  8  53  74  34  43  14  6  41  2  17  24  66  69  4  29  13
   5  38  21  74  47  34  26  46  10  31  24  69  79  6  76  1  23  14  12  73  45  51  67  19  30  25  61  65  22  52  20  17  3  63  71  55  78  72  48  80  15  33  36  13  54  66  35  62  37  4  42  27  32  28  59  58  16  40  41  60  7  70  44  81  43  56  2  49  75  18  8  50  64  53  68  29  77  57  39  9  11
   5  45  41  73  48  43  71  44  23  32  16  54  58  64  17  36  1  27  56  22  3  24  46  10  79  31  42  34  6  47  18  21  80  70  77  39  15  35  50  51  49  40  28  2  53  66  11  75  74  4  72  8  38  55  52  30  67  69  12  61  29  37  60  20  65  7  59  13  78  63  14  19  81  9  25  68  62  76  33  26  57
   5  48  13  37  8  33  28  17  61  15  72  45  27  42  9  23  81  79  1  36  58  49  19  3  44  78  16  24  34  74  57  75  2  31  50  66  60  39  29  22  55  43  71  20  62  7  12  14  6  18  21  59  40  51  64  65  52  32  69  38  68  67  53  70  11  56  63  35  41  80  46  10  77  54  4  30  26  76  73  47  25
   5  64  68  80  7  76  48  4  57  37  3  14  27  71  52  54  2  21  39  47  75  35  78  11  67  58  41  70  33  65  40  73  74  44  38  45  18  17  22  62  1  59  16  8  6  30  20  23  50  46  10  32  79  31  81  13  19  42  24  60  15  66  55  34  12  61  56  72  25  9  77  26  43  69  28  53  63  51  36  29  49
   5  71  4  78  36  23  3  64  37  35  51  40  74  46  10  27  32  63  48  57  52  59  69  25  58  20  49  39  33  11  62  21  77  30  41  60  2  72  15  29  65  66  7  19  68  81  17  43  45  26  22  8  67  28  75  1  76  80  79  24  54  14  42  12  18  50  70  61  44  47  13  34  73  55  31  6  56  53  16  38  9
   6  4  79  54  15  11  25  73  63  62  68  23  3  13  39  34  41  26  38  29  16  76  10  71  24  35  56  65  28  17  5  30  57  31  2  66  67  9  74  51  1  80  50  14  19  47  12  70  43  45  49  8  48  32  52  60  78  72  40  53  22  64  20  37  81  21  55  58  77  44  36  59  7  46  27  42  75  61  33  69  18
   6  14  23  15  29  77  59  26  48  42  43  34  78  57  47  12  18  3  16  66  73  62  9  36  56  60  70  67  30  72  20  58  32  69  53  52  75  61  33  65  35  8  1  54  11  13  39  80  68  37  24  19  2  64  10  25  46  51  49  45  81  17  74  4  44  63  41  76  40  21  55  79  28  31  7  50  27  38  71  5  22
   6  23  8  80  35  22  25  76  73  53  3  49  70  65  16  20  55  15  9  66  10  59  52  29  43  74  50  21  2  1  45  61  68  5  79  75  58  81  47  12  39  17  57  14  78  18  27  40  26  24  13  56  62  4  38  67  41  32  60  72  28  7  37  48  11  63  64  36  46  30  71  44  69  77  31  33  51  19  34  54  42
   6  36  8  35  19  29  62  50  54  33  68  61  23  57  24  20  59  44  63  75  4  64  51  74  1  60  43  40  41  49  38  11  16  66  46  53  79  28  31  5  69  30  81  21  15  14  32  77  52  72  42  78  13  37  65  25  73  7  9  47  12  26  39  45  3  71  18  76  67  48  80  70  34  55  10  2  17  58  56  27  22
   6  43  55  63  64  74  23  48  75  60  22  46  30  24  44  62  34  80  59  81  27  50  25  13  8  68  35  39  31  73  47  12  2  52  4  9  61  76  58  56  7  37  20  19  67  78  54  1  14  5  21  28  49  38  15  29  32  18  11  17  57  10  51  53  70  79  42  3  72  69  26  45  41  77  33  65  36  16  71  40  66
   6  50  30  52  40  59  54  11  67  64  70  22  57  43  7  10  48  16  25  42  17  8  1  5  74  55  68  19  15  63  32  14  75  76  61  51  79  78  62  33  3  44  2  29  41  24  45  71  81  31  60  20  65  80  58  56  4  28  35  53  73  27  21  23  66  39  47  12  37  13  72  77  9  46  18  34  26  49  38  69  36
   6  55  35  60  56  33  78  17  53  37  13  8  43  58  20  3  74  42  32  36  22  34  66  10  67  59  75  45  54  14  15  28  48  65  1  30  29  11  41  26  77  49  5  80  39  63  57  62  68  71  81  21  2  16  69  76  25  73  70  61  72  27  46  79  52  4  44  23  31  19  47  12  51  38  40  18  64  9  7  50  24
   6  61  79  70  67  36  69  1  30  29  15  43  78  58  41  47  12  16  50  27  37  57  73  81  20  59  40  10  8  35  14  25  26  74  33  11  3  52  45  32  17  55  9  39  13  44  7  71  46  68  80  42  38  63  34  76  60  62  77  2  5  18  64  53  72  48  65  23  66  54  49  4  28  22  31  21  75  19  51  56  24
   6  62  40  55  52  3  26  36  5  53  77  49  4  59  71  14  9  66  72  28  19  69  54  2  48  27  11  76  65  81  41  22  80  30  20  34  73  32  39  79  25  56  75  45  63  1  46  33  60  61  57  74  35  23  17  10  8  21  50  42  51  37  58  29  31  13  47  12  16  38  43  78  7  15  64  18  44  24  68  67  70
   6  67  60  68  27  8  40  15  54  34  74  28  63  58  72  79  53  57  33  22  48  65  77  69  5  59  55  25  11  66  4  42  44  21  46  56  19  43  37  38  71  61  1  30  29  7  20  18  64  3  70  73  41  78  49  76  45  50  81  10  16  13  47  12  31  80  14  23  51  39  26  9  52  36  2  75  35  17  32  62  24
   6  69  48  70  60  32  50  13  17  2  81  22  74  76  79  55  5  47  12  43  77  20  16  51  78  36  53  9  3  4  33  31  52  45  18  61  71  39  65  54  49  63  1  66  25  24  72  26  42  30  41  21  29  44  15  7  58  40  14  27  11  68  46  8  57  34  67  73  80  37  23  35  59  64  28  19  56  75  62  10  38
   6  73  20  15  18  74  44  76  63  47  12  9  13  2  1  27  52  79  65  25  19  43  81  32  28  64  78  68  45  58  10  53  75  5  69  4  41  39  14  62  21  67  24  54  61  29  17  40  33  16  60  31  23  51  66  57  26  35  7  56  37  48  11  30  8  70  49  55  71  72  80  38  59  77  50  3  34  36  46  22  42
   6  74  53  33  16  66  10  30  23  44  63  15  59  57  52  42  54  71  32  17  18  5  38  49  37  60  7  4  62  77  51  69  58  36  45  67  61  20  73  43  9  68  41  13  79  28  31  47  12  48  55  24  34  1  29  25  27  64  78  70  26  50  8  72  80  11  46  76  21  2  75  81  3  35  40  39  14  56  19  65  22
   6  78  40  73  19  75  63  11  45  18  57  16  30  52  56  9  25  42  17  1  4  22  32  28  41  33  64  24  44  8  37  62  74  76  39  26  58  2  55  61  29  72  77  35  20  81  23  71  80  79  65  47  12  3  54  34  53  51  66  67  60  68  13  49  43  38  14  21  10  7  59  31  69  46  27  50  5  70  48  15  36
   6  78  65  47  12  1  28  73  58  11  10  5  25  23  38  30  61  44  41  54  79  37  14  74  13  45  52  7  57  16  33  59  31  70  80  76  22  15  49  71  19  72  51  18  26  81  4  77  39  68  43  27  69  20  66  60  29  9  32  56  17  75  63  67  3  55  64  50  53  34  40  42  8  24  62  36  48  2  21  35  46
   7  2  47  73  15  44  31  37  16  34  48  14  78  63  33  72  56  42  59  20  74  30  62  54  25  13  11  8  38  69  80  45  61  65  10  66  18  58  57  70  75  77  71  79  46  19  52  32  35  26  68  64  40  17  27  36  55  9  24  81  50  3  49  39  60  1  51  6  28  53  12  5  76  22  23  43  21  4  67  29  41
   7  12  14  25  19  56  21  24  32  4  26  47  63  37  28  64  31  1  39  68  11  10  33  50  54  36  70  2  44  20  35  16  71  81  38  58  8  59  46  34  75  5  18  49  17  79  40  30  57  76  61  3  43  29  77  13  9  74  51  52  27  80  42  72  23  69  78  22  6  67  45  73  65  62  15  60  66  55  53  48  41
   7  12  30  66  76  77  33  3  22  9  13  27  17  51  62  78  11  57  59  67  41  10  63  31  64  43  2  39  16  8  68  44  1  25  38  20  23  50  56  6  61  5  54  47  19  15  32  18  75  35  58  79  4  26  70  28  48  14  45  73  21  46  37  34  69  53  36  24  71  80  65  60  72  52  81  42  40  29  74  55  49
   7  12  70  62  75  40  66  43  2  81  41  13  64  38  60  80  4  35  21  22  30  49  42  10  48  14  31  65  59  17  61  18  51  15  45  25  29  47  74  58  73  5  50  52  63  6  55  54  37  33  23  8  79  32  27  39  20  11  72  26  36  57  3  46  44  67  76  1  56  34  9  78  28  16  68  71  53  69  24  77  19
   7  18  51  19  44  79  72  73  69  21  68  63  5  26  29  65  15  45  67  34  32  3  43  37  78  60  6  50  64  38  47  23  52  27  70  76  2  71  57  80  77  11  1  28  54  59  66  36  74  58  13  17  56  55  24  9  40  12  31  4  46  61  25  16  81  62  39  49  41  30  48  14  75  10  22  42  20  8  53  33  35
   7  23  27  18  4  74  70  2  15  52  26  6  41  59  57  78  49  36  5  45  42  50  39  68  8  51  54  11  44  69  19  28  64  40  46  61  60  22  33  35  81  16  77  47  66  48  14  71  76  21  75  24  62  10  34  12  32  73  25  17  72  56  79  9  3  13  55  38  1  29  30  37  63  31  80  65  58  53  43  20  67
   7  27  36  46  25  33  65  68  32  54  24  80  35  6  39  60  18  48  14  3  76  37  30  49  77  8  78  72  73  40  63  53  34  70  17  4  2  64  9  15  57  20  19  79  22  29  47  23  74  16  31  13  51  55  66  1  75  52  38  50  12  26  42  81  56  21  5  59  11  61  10  45  28  69  71  44  41  67  62  58  43
   7  37  52  47  67  65  38  62  6  46  81  60  12  9  28  29  68  4  27  21  78  70  74  17  16  23  79  42  55  72  43  51  5  76  3  54  75  58  40  45  1  30  10  13  15  61  77  53  49  80  57  71  39  11  33  44  22  8  50  31  24  34  25  69  36  64  48  14  2  35  41  73  18  59  20  32  19  66  56  26  63
   7  63  13  28  65  29  73  10  4  39  70  69  61  80  66  37  54  24  33  22  17  60  72  2  23  25  41  3  31  6  55  32  14  36  46  43  19  76  34  30  81  74  18  68  53  16  52  8  71  77  42  11  12  20  1  15  44  27  57  48  59  64  21  9  79  58  56  40  78  50  75  26  49  67  45  35  38  62  5  47  51
   7  63  41  53  18  11  1  78  65  12  6  10  32  24  73  34  67  5  62  80  37  50  48  14  45  27  26  64  74  33  58  13  30  16  75  71  21  49  70  55  3  56  72  52  25  76  81  23  38  22  68  44  4  77  40  42  61  31  66  69  57  19  2  28  9  59  17  51  60  39  36  43  15  29  35  46  54  8  79  20  47
   7  66  58  23  80  32  15  61  75  72  1  73  16  11  18  48  14  64  60  20  42  46  25  44  50  19  31  40  43  70  8  2  35  79  77  63  62  33  51  24  5  59  39  56  38  74  41  78  69  71  30  45  53  3  29  52  36  65  81  55  4  17  10  49  34  21  26  54  12  22  67  9  47  68  57  27  28  6  76  37  13
   7  78  17  64  22  40  75  27  79  57  42  25  70  39  13  21  31  60  16  29  5  19  36  43  37  8  74  1  32  24  52  12  58  61  33  34  77  6  2  38  65  71  68  23  45  35  67  46  76  63  54  59  18  20  44  11  73  30  56  72  9  66  4  81  3  26  51  28  10  80  48  14  69  50  49  47  62  55  41  53  15
   7  80  12  9  41  72  23  57  16  55  76  29  59  63  79  53  32  17  24  50  42  52  10  18  37  65  26  49  35  25  47  56  54  19  21  81  36  51  5  70  15  73  11  60  48  14  39  40  78  1  77  58  71  6  68  28  3  69  64  27  20  31  8  4  22  46  75  62  61  34  2  66  30  74  43  13  67  38  44  33  45
   8  5  33  80  20  3  22  9  57  63  31  38  71  50  54  45  44  56  70  48  2  18  6  68  21  65  59  19  72  46  61  10  64  73  15  40  25  1  41  62  7  79  75  52  11  43  35  28  36  81  67  69  30  76  51  74  47  29  66  13  14  77  34  37  42  60  4  17  55  39  49  16  27  78  26  24  58  53  23  12  32
   8  12  40  42  26  65  72  1  21  58  66  2  35  71  23  68  64  76  47  56  9  38  15  75  44  5  36  39  61  43  70  46  59  74  13  27  37  22  28  3  45  4  30  25  41  32  19  81  67  55  80  54  73  52  50  20  60  10  33  57  29  77  69  17  6  11  49  16  63  31  14  7  53  34  24  18  62  79  78  51  48
   8  13  37  66  21  48  51  15  40  25  61  71  22  50  41  49  16  76  12  77  63  35  29  67  54  65  26  68  38  33  46  47  62  44  3  1  45  42  19  70  9  5  53  11  31  4  23  81  34  36  52  56  78  43  18  74  80  28  7  30  75  24  58  57  14  64  73  17  6  72  79  60  10  2  55  69  59  39  27  20  32
   8  15  9  36  44  74  50  22  62  18  64  38  11  80  4  47  13  17  27  79  19  24  2  39  71  14  40  32  53  35  77  76  5  33  72  23  58  78  57  66  55  7  21  65  68  56  46  30  25  37  61  42  1  3  34  31  29  20  6  51  69  70  41  54  73  48  28  45  81  49  16  75  60  43  12  59  52  67  63  10  26
   8  17  38  52  33  2  47  74  29  57  45  79  66  73  76  54  5  61  53  6  68  65  42  25  71  44  12  69  30  15  19  13  36  75  37  59  50  67  49  16  11  9  35  46  22  24  77  26  62  32  31  20  28  60  78  21  41  70  80  14  10  23  63  64  1  43  58  48  34  40  81  4  51  7  55  3  27  39  18  72  56
   8  21  80  36  77  38  26  61  72  18  44  10  43  50  14  37  57  35  3  2  64  73  7  51  75  65  5  47  1  6  60  56  4  69  34  20  39  71  63  78  81  13  15  40  25  23  54  24  58  45  66  29  41  22  79  74  19  12  67  68  76  31  49  16  55  52  46  17  27  11  62  53  42  48  30  59  33  9  70  28  32
   8  22  26  29  39  59  43  1  19  24  35  76  40  42  20  53  47  56  9  15  60  2  70  10  41  3  58  32  4  38  63  28  44  74  11  62  50  30  5  13  25  14  7  33  54  67  17  81  52  37  73  49  16  45  72  18  57  27  6  21  80  36  31  79  71  78  46  69  68  23  65  55  51  34  77  12  75  66  64  61  48
   8  22  73  49  16  15  10  29  50  1  68  75  47  17  78  40  13  4  41  72  37  63  46  44  31  19  42  23  35  76  3  65  55  66  52  74  2  61  79  81  39  14  27  24  62  67  60  7  11  36  71  77  51  54  6  80  25  53  70  20  9  59  43  21  45  5  58  12  57  18  26  56  38  32  28  48  64  30  69  33  34
   8  28  26  5  42  45  62  48  75  57  7  79  60  65  81  46  53  6  14  10  39  51  72  30  64  77  1  74  73  67  41  2  52  40  54  18  29  70  11  37  47  20  59  19  43  15  34  3  80  13  35  44  33  17  9  68  38  69  12  56  27  63  50  25  55  31  49  16  76  78  71  22  23  61  58  24  4  32  36  21  66
   8  29  54  61  24  44  4  74  43  49  16  53  31  30  15  77  42  37  73  47  39  71  67  70  10  58  22  36  19  50  68  57  59  75  51  60  41  11  46  28  69  21  32  72  13  25  9  26  3  76  80  55  17  27  6  35  62  33  23  20  63  64  1  40  38  66  79  5  81  14  52  78  65  7  12  45  18  48  34  2  56
   8  40  10  2  46  48  61  68  12  3  7  67  28  76  59  57  14  43  18  72  23  4  65  73  49  16  75  27  42  30  17  58  13  36  37  54  78  47  50  35  21  32  44  38  66  39  19  15  71  31  69  79  6  70  33  53  1  22  11  29  45  9  34  56  24  64  63  77  26  62  81  74  80  51  41  25  20  55  60  5  52
   9  2  65  79  36  8  11  67  61  32  44  19  78  45  10  76  63  14  40  55  3  56  77  54  12  58  59  50  48  66  70  34  26  15  31  53  21  60  41  46  1  74  81  18  4  47  75  72  16  22  51  39  64  5  38  73  7  20  69  43  28  80  27  6  29  71  25  24  33  35  17  13  49  57  68  52  30  62  23  42  37
   9  4  69  12  15  25  6  42  44  32  49  65  36  81  63  1  61  55  14  58  70  54  53  2  59  52  24  71  13  20  62  68  37  10  78  76  28  57  48  56  45  77  8  38  30  17  40  75  41  11  26  5  19  16  72  39  67  31  21  43  80  7  66  46  73  34  35  74  50  18  23  27  60  79  64  22  33  51  47  3  29
   9  13  40  42  32  25  71  66  1  63  59  72  2  50  18  65  74  15  70  37  28  57  75  45  6  36  39  21  43  69  46  5  73  54  41  26  20  64  27  3  35  4  29  67  24  31  47  61  81  14  56  80  55  34  53  51  22  62  11  76  48  58  10  38  16  8  44  77  30  19  7  12  33  17  23  60  68  79  78  52  49
   9  23  58  24  79  19  25  64  6  46  66  56  45  78  15  42  70  50  18  39  4  71  62  63  17  22  30  34  47  28  81  33  32  8  57  52  26  12  35  31  3  14  1  43  40  49  37  53  60  44  75  5  7  59  38  13  73  20  2  76  74  10  54  69  72  27  65  29  61  55  48  11  36  77  21  80  41  51  68  16  67
   9  26  37  47  31  80  75  71  44  32  50  18  30  81  19  34  72  54  29  14  60  62  68  46  79  5  61  22  2  77  56  11  55  25  48  38  70  16  3  8  73  17  21  43  24  1  20  6  45  10  64  12  28  57  23  58  59  35  66  69  76  39  63  15  42  13  7  78  36  33  74  65  4  40  53  67  27  52  51  49  41
   9  30  57  12  40  28  73  23  43  3  54  79  8  15  5  27  75  42  44  49  65  1  58  67  71  22  60  13  6  66  20  74  16  55  19  32  17  78  26  2  25  21  64  53  11  45  51  24  4  81  46  29  70  14  80  61  47  62  72  34  35  38  52  69  39  10  7  36  48  56  50  18  77  76  63  37  68  59  41  33  31
   9  52  5  2  19  12  14  50  18  23  76  75  11  60  22  51  25  58  38  33  81  59  55  67  54  45  77  35  56  28  36  47  71  15  13  17  42  64  70  62  27  43  32  7  48  4  63  46  1  40  10  65  74  34  57  6  78  72  41  26  29  44  30  31  61  68  20  39  53  16  80  8  66  79  24  3  73  37  21  49  69
   9  53  23  70  52  60  8  26  31  20  10  78  41  29  3  30  63  58  65  11  54  76  15  64  22  7  46  61  80  77  1  36  12  28  24  55  42  40  19  45  69  44  17  37  38  50  18  21  4  27  73  66  68  48  32  74  6  47  79  57  34  72  43  35  39  5  59  2  13  49  62  71  81  75  56  25  16  33  67  14  51
   9  56  74  35  41  34  53  3  44  59  4  49  29  81  43  33  6  57  66  76  54  20  48  70  71  25  10  63  45  79  37  72  46  1  27  69  58  7  65  8  31  47  61  42  50  18  15  28  30  13  17  16  21  78  64  36  39  77  12  23  14  75  22  52  40  24  73  68  55  32  26  38  62  60  67  5  51  2  80  19  11
   9  66  24  62  29  22  70  40  37  1  71  58  65  13  28  48  20  5  21  19  53  63  42  69  55  6  41  44  43  35  72  33  2  30  52  81  16  47  56  46  51  57  78  80  60  54  36  25  8  50  18  74  11  23  31  7  67  10  76  26  27  4  17  12  38  77  68  64  45  49  73  14  61  75  34  79  15  59  32  3  39
   9  67  17  69  63  61  78  21  30  26  14  52  39  55  24  16  65  29  36  20  43  64  41  70  28  40  11  8  56  37  12  48  75  6  51  54  74  33  22  27  57  58  2  44  34  45  73  59  77  81  76  50  18  1  35  13  32  23  25  79  7  15  62  4  71  53  10  72  5  49  42  3  38  60  66  80  31  68  47  46  19
   9  67  32  7  4  78  45  38  40  6  27  8  3  68  20  75  11  28  57  62  39  77  25  26  54  52  48  60  66  53  14  65  69  10  36  63  47  17  30  21  43  58  22  46  31  2  12  23  37  70  56  50  18  49  74  33  72  81  35  42  41  19  51  59  79  16  80  1  55  15  71  5  76  29  73  61  24  64  44  34  13
   9  74  62  38  4  17  19  39  40  35  5  23  57  7  68  30  61  3  29  51  41  48  81  75  12  67  26  15  44  22  64  80  13  79  2  14  53  76  72  78  55  65  46  37  1  31  6  70  73  45  16  43  52  10  8  36  50  18  11  47  27  24  71  32  77  33  58  66  21  56  25  42  34  20  69  54  28  49  60  59  63
   10  11  68  24  31  64  69  72  67  61  5  27  62  81  54  6  37  25  15  28  44  71  32  21  17  14  56  35  58  29  75  47  4  63  77  43  42  53  51  20  65  1  13  78  48  30  45  12  16  40  49  66  76  34  36  57  41  26  18  38  74  39  7  80  73  23  52  60  22  50  9  46  33  19  79  55  3  59  2  8  70
   10  11  73  43  69  78  15  62  13  51  20  70  61  14  67  39  45  57  2  72  76  75  4  40  16  6  38  36  54  50  9  25  33  48  34  17  47  26  46  8  37  1  32  5  19  64  74  81  59  44  21  55  52  27  22  65  68  3  42  24  18  7  12  60  41  28  49  71  29  31  56  80  35  77  23  79  63  30  53  66  58
   10  34  77  8  25  73  69  67  23  76  4  11  5  49  65  2  41  16  36  21  54  72  44  9  40  31  66  81  74  1  63  50  13  79  58  28  57  15  14  3  29  24  56  78  59  51  20  62  17  75  27  68  80  26  32  18  48  38  12  61  64  52  6  7  53  35  37  42  19  46  60  71  39  22  45  70  43  47  55  33  30
   10  47  77  62  57  60  33  29  50  21  25  17  48  42  41  51  20  54  56  45  7  13  67  53  6  71  12  44  68  31  78  69  16  14  55  73  5  32  75  26  1  37  15  65  49  46  39  9  22  4  24  70  36  23  2  72  18  76  19  58  63  30  52  61  38  80  81  11  28  8  27  34  74  64  79  35  43  59  3  66  40
   10  48  12  67  59  43  23  73  75  30  13  54  50  32  66  15  69  70  1  29  34  64  26  74  41  55  52  40  46  68  7  76  14  72  65  16  42  58  37  47  21  38  19  31  6  53  11  9  24  77  81  51  20  5  8  2  61  3  28  57  18  4  49  27  17  36  78  35  44  39  71  79  33  22  45  56  63  62  80  25  60
   10  50  74  64  78  60  25  44  56  55  19  53  76  54  43  61  38  23  2  8  39  46  71  81  51  20  63  3  32  58  11  52  47  4  77  6  36  69  42  13  57  40  14  68  62  59  75  29  17  49  35  27  28  26  31  15  73  48  65  67  5  1  22  70  30  80  7  45  12  16  9  72  18  33  41  21  66  79  34  37  24
   10  53  62  9  48  19  41  65  28  30  55  34  46  29  61  6  74  36  16  79  67  45  51  20  27  37  71  4  80  1  59  17  31  77  21  69  60  42  40  44  75  43  38  39  56  64  15  70  23  8  49  72  68  73  57  22  11  3  33  26  47  58  76  13  50  63  35  2  18  5  25  81  78  32  7  66  12  54  24  14  52
   10  56  50  32  12  71  8  73  57  52  62  64  13  17  39  44  80  54  69  70  1  68  29  63  14  37  4  59  25  23  26  78  43  72  47  3  77  48  76  55  5  46  58  21  41  40  75  9  53  79  18  6  81  24  42  66  34  74  31  61  67  45  35  11  28  65  51  20  7  49  38  19  15  22  30  2  16  27  36  33  60
   10  66  4  43  68  67  77  60  64  24  9  76  70  47  28  52  61  54  41  5  33  2  63  34  75  80  30  32  12  46  38  35  65  14  26  72  27  62  44  58  1  73  17  79  40  15  16  6  23  19  59  74  7  13  36  55  31  22  29  42  78  50  81  20  49  8  3  53  51  71  37  45  48  18  69  57  11  56  21  39  25
   10  67  6  25  30  14  46  72  23  51  20  15  49  58  29  45  32  77  81  69  59  17  53  26  74  52  48  4  75  42  44  61  43  63  33  34  41  65  78  76  35  57  40  8  47  21  1  12  55  54  18  79  11  3  28  13  16  31  39  66  7  80  73  50  68  62  27  37  9  38  24  36  71  19  56  5  2  60  22  64  70
   10  76  12  37  32  5  16  60  63  61  19  27  34  71  9  78  15  28  38  74  59  33  8  58  80  45  73  72  81  53  41  64  24  50  6  2  67  26  65  77  69  66  43  75  23  29  22  55  18  47  13  14  31  11  1  44  68  35  56  70  3  7  42  21  79  49  51  20  54  36  17  48  39  25  52  30  46  40  4  57  62
   10  78  11  25  21  19  71  16  80  70  17  2  48  13  51  20  30  5  54  28  67  76  15  60  66  18  62  57  50  38  6  42  26  33  61  32  43  47  55  81  31  68  29  8  73  49  65  24  4  7  40  59  58  52  44  69  22  3  27  75  53  1  14  34  46  23  41  72  12  35  37  77  74  79  39  56  45  36  9  63  64
   11  17  41  13  40  29  25  64  67  54  68  4  62  26  21  30  35  43  74  32  23  20  52  22  59  19  76  42  46  5  56  79  12  72  71  53  33  77  28  63  75  6  78  70  51  14  57  1  48  58  60  34  18  39  16  66  49  37  10  3  31  65  50  44  61  81  15  45  24  73  80  9  47  69  55  2  38  36  7  8  27
   11  18  79  48  5  42  8  52  22  19  20  37  59  46  36  35  67  80  10  13  17  63  49  9  66  55  3  61  32  16  44  21  23  73  25  39  24  60  40  12  33  7  30  45  4  14  77  38  65  58  76  43  54  78  15  62  68  6  41  50  81  72  64  47  29  74  70  75  1  56  34  28  26  51  2  31  71  27  53  69  57
   11  25  58  24  30  67  23  26  65  77  63  6  48  52  22  43  54  73  40  27  16  15  37  55  62  44  75  53  7  57  38  79  71  66  41  50  70  60  33  31  61  14  81  9  2  47  21  29  17  8  32  34  49  78  1  35  36  12  59  20  4  80  76  10  56  28  72  3  64  5  45  42  13  39  19  46  74  51  68  18  69
   11  40  45  65  34  7  78  21  3  33  60  17  43  76  69  67  47  59  35  30  62  75  9  23  64  24  68  20  42  48  27  1  70  19  28  14  50  53  31  32  39  29  25  44  38  81  10  80  46  56  79  15  6  63  26  61  16  54  37  18  2  49  51  72  57  74  73  77  41  12  52  22  71  4  58  66  8  36  13  5  55
   11  45  3  50  31  74  16  73  27  35  30  2  61  76  77  66  21  18  51  20  29  13  23  79  44  14  12  34  41  47  64  43  25  57  37  8  78  55  59  15  1  72  38  80  33  52  9  67  10  56  48  53  81  22  7  6  17  62  65  32  63  54  70  60  4  39  69  71  49  42  36  19  40  58  26  46  75  5  28  24  68
   11  45  70  65  61  37  18  59  13  46  29  79  19  58  36  7  78  16  9  60  77  62  74  68  21  23  55  17  1  44  24  12  38  47  48  72  80  52  22  35  27  34  20  49  76  67  42  40  30  3  14  33  71  4  41  8  5  51  56  43  57  39  69  75  54  64  10  31  73  50  81  15  63  26  66  2  25  28  32  6  53
   11  54  22  51  65  6  33  26  62  18  76  27  17  23  44  42  37  25  73  60  29  4  5  20  38  80  28  50  34  8  55  72  53  57  48  56  36  81  2  30  71  43  40  77  15  7  16  12  31  14  49  75  9  69  39  79  61  46  45  70  19  32  66  78  1  3  64  58  68  35  59  21  67  74  47  24  10  63  13  52  41
   11  54  28  74  71  16  10  9  50  57  41  79  42  48  24  32  18  55  33  58  12  77  66  4  52  22  37  67  81  15  49  40  45  47  59  51  69  27  46  56  21  43  20  70  17  68  63  38  23  5  1  36  7  62  19  73  8  29  78  76  80  31  75  2  34  35  14  25  6  30  61  64  44  72  60  53  13  3  26  39  65
   11  64  15  42  58  16  71  19  7  31  66  51  28  73  79  33  37  24  72  69  43  65  80  9  23  36  46  25  62  26  70  54  56  49  5  30  39  68  50  48  67  53  60  1  59  55  35  2  14  17  38  81  40  8  34  29  21  12  6  78  61  10  18  57  75  76  45  44  4  32  52  22  3  20  77  27  74  63  41  13  47
   12  2  38  8  33  26  18  80  56  76  4  64  14  28  44  3  51  11  72  35  52  24  75  74  61  58  19  10  59  32  13  15  41  47  42  60  45  16  54  50  81  69  79  43  73  48  55  63  1  25  5  77  17  67  53  37  78  30  70  9  46  29  57  6  7  20  23  62  71  22  49  68  66  40  34  39  21  36  65  27  31
   12  11  38  54  13  16  80  71  26  68  66  56  3  34  62  35  65  73  25  44  14  7  31  15  51  77  69  9  63  50  8  2  6  1  10  30  79  45  33  76  19  81  43  60  17  55  40  36  46  47  58  23  41  74  57  70  49  18  39  20  32  67  53  24  21  78  28  5  61  37  52  59  22  72  4  27  29  75  64  42  48
   12  28  5  71  17  31  77  52  14  2  45  68  74  73  53  24  36  47  32  50  23  42  59  72  30  38  58  11  60  62  40  34  64  15  65  22  27  81  25  7  29  16  43  26  63  67  37  78  54  33  48  79  4  46  20  9  10  61  57  49  39  75  66  8  6  3  41  70  80  1  69  35  56  21  55  18  13  76  19  51  44
   12  39  58  19  74  31  41  37  50  36  25  8  6  43  65  40  56  76  52  21  23  13  53  24  57  69  77  54  14  75  79  45  29  35  17  9  72  34  48  20  49  27  62  55  18  44  59  2  3  26  67  70  16  63  11  10  5  61  15  64  81  4  42  73  60  51  1  68  38  47  71  7  28  22  33  30  80  32  78  66  46
   12  42  80  69  22  47  52  72  51  65  31  57  8  77  19  28  59  50  62  56  79  15  26  4  14  13  63  70  7  39  41  44  78  60  40  68  23  64  37  35  9  30  27  49  3  43  10  25  38  81  73  66  29  5  75  20  16  1  18  2  61  33  34  17  21  67  53  24  32  76  45  74  55  71  46  36  6  48  54  11  58
   12  45  69  3  46  66  5  14  27  38  44  10  60  48  6  42  68  78  77  39  13  18  9  67  16  54  29  37  21  23  53  24  4  22  8  59  81  70  34  30  55  33  40  79  11  74  26  43  28  51  1  56  57  76  71  17  64  36  63  75  73  20  61  65  58  35  2  47  62  15  52  49  41  31  25  7  72  32  19  80  50
   12  52  39  70  14  23  47  55  41  79  42  61  28  49  30  33  50  73  13  54  29  59  43  48  58  9  81  74  35  20  15  27  10  71  62  44  1  37  26  3  5  40  18  66  67  65  38  2  60  32  57  17  69  63  25  72  76  21  53  24  31  11  7  22  36  56  8  64  80  68  4  78  77  46  75  6  34  45  51  19  16
   12  66  65  25  32  50  20  60  5  6  3  71  77  73  22  2  26  19  64  75  36  51  76  57  33  38  55  8  42  31  61  15  34  72  49  11  81  40  23  45  59  54  41  67  35  56  21  53  24  14  69  48  68  43  17  9  13  46  74  58  52  18  16  62  78  63  10  70  1  4  27  39  47  29  80  37  28  30  79  7  44
   12  69  29  38  30  25  74  75  65  33  67  16  45  34  40  47  66  2  64  72  44  68  50  20  11  77  27  49  26  28  71  56  14  7  43  60  17  63  41  52  31  57  51  78  37  3  73  42  54  19  39  1  4  32  15  70  9  23  58  81  62  13  10  35  22  8  6  5  21  79  53  24  61  76  80  36  46  59  55  18  48
   13  8  34  5  41  40  31  59  18  67  24  7  51  35  53  75  36  55  68  46  78  38  42  10  57  27  60  9  65  23  17  22  30  47  39  45  20  1  21  48  63  77  79  6  54  26  49  4  16  37  61  14  3  58  56  52  29  11  72  15  2  81  50  66  76  62  69  80  43  28  74  64  44  32  33  71  19  12  70  73  25
   13  15  20  62  23  73  27  56  36  30  68  8  65  58  49  6  10  54  26  29  24  57  44  9  61  50  16  40  77  4  35  75  28  48  55  66  74  72  5  63  59  2  47  53  76  7  17  31  32  18  81  71  1  67  64  37  69  38  12  46  34  60  78  45  22  39  21  51  79  43  42  25  52  11  3  70  41  19  80  14  33
   13  16  55  72  76  4  69  15  53  59  78  23  48  49  71  39  81  6  18  7  21  47  20  33  57  50  32  37  36  68  38  34  14  43  73  28  61  58  74  12  27  3  56  31  25  65  19  62  24  35  30  51  10  2  70  79  77  44  22  40  5  64  66  45  29  60  1  52  42  8  54  26  11  46  9  17  80  67  41  75  63
   13  24  45  72  49  27  36  6  18  28  7  21  52  35  9  47  79  43  2  20  10  78  31  12  67  66  62  57  37  38  44  80  17  60  58  46  4  55  42  8  65  11  48  64  16  61  76  81  41  25  74  71  73  14  22  29  33  63  3  53  70  1  68  30  69  40  5  34  54  26  15  39  32  23  56  50  75  19  77  59  51
   13  34  26  23  47  22  39  68  36  66  60  17  35  57  52  72  81  37  49  56  79  42  73  46  30  20  48  74  70  2  65  18  3  45  12  14  50  51  62  28  69  21  10  9  55  53  4  44  59  24  43  29  33  7  61  71  5  32  1  38  15  8  78  40  31  11  16  76  58  19  25  77  27  80  63  6  64  67  75  54  41
   13  34  48  80  69  4  64  33  74  45  41  71  72  12  6  8  66  65  39  76  44  9  78  42  54  26  81  27  51  55  43  10  1  63  25  23  7  17  32  14  77  21  46  38  35  58  67  30  57  73  31  50  53  36  15  49  2  79  40  60  20  59  29  62  70  19  24  37  22  28  5  16  52  18  56  3  75  11  68  61  47
   13  35  41  75  10  79  37  16  27  34  58  42  36  68  77  28  19  21  80  8  57  46  54  26  25  15  60  72  32  73  14  71  44  18  69  3  39  9  48  67  29  22  40  38  23  24  45  31  12  76  56  70  66  61  4  78  43  81  64  11  59  47  74  52  5  51  55  1  6  49  20  33  63  7  65  62  30  50  53  2  17
   13  57  38  17  19  27  12  80  58  62  45  6  34  5  52  7  56  66  15  39  16  48  32  55  18  31  53  78  67  40  33  1  21  24  29  30  69  14  4  25  37  44  42  71  63  43  61  75  9  8  59  3  49  79  73  70  76  50  46  81  68  28  23  11  20  72  54  26  74  65  41  77  10  51  2  36  47  64  22  60  35
   14  8  66  19  12  7  6  2  39  69  43  5  64  1  29  60  21  72  4  38  17  79  44  32  30  63  53  68  15  25  41  24  50  70  74  52  61  20  9  75  31  76  11  23  65  57  80  77  58  33  51  36  27  81  67  78  46  49  62  16  37  59  26  13  45  3  55  28  10  34  73  18  71  35  40  42  48  56  22  47  54
   14  19  27  58  76  77  18  67  69  59  3  46  73  26  74  7  36  16  20  2  24  52  72  78  47  1  11  23  44  60  35  38  30  15  57  70  13  53  41  6  43  5  39  50  9  65  51  8  22  29  25  49  32  10  79  68  31  61  54  33  4  63  80  75  12  64  48  81  45  17  55  28  37  34  66  42  40  21  71  62  56
   14  25  54  29  18  43  41  9  72  42  77  64  48  57  69  74  38  34  6  45  61  63  55  28  5  19  1  22  30  67  17  73  27  75  13  31  2  26  56  78  23  11  4  71  62  24  21  16  65  44  3  68  46  53  47  80  81  37  79  20  33  32  8  51  70  39  49  52  58  7  35  15  60  12  59  76  66  10  50  36  40
   14  33  75  54  47  2  79  57  70  13  35  73  18  26  41  55  28  10  62  63  59  51  61  25  74  1  66  78  46  27  60  31  6  36  77  53  7  12  23  20  67  19  21  9  3  48  71  29  80  22  50  16  34  65  52  68  58  8  43  32  39  42  40  69  4  30  15  81  72  44  5  64  38  24  45  49  11  17  37  76  56
   14  47  58  22  63  46  66  35  44  52  36  38  65  26  4  75  69  51  77  24  30  15  43  79  39  1  19  31  53  72  64  16  48  49  80  76  17  73  59  34  29  33  57  70  13  71  74  42  40  7  54  61  41  18  5  68  23  62  25  78  10  3  55  28  45  50  60  81  37  9  6  21  12  2  32  11  27  67  20  8  56
   14  57  67  22  36  68  26  18  6  52  30  46  9  58  48  31  33  81  37  5  23  42  24  17  73  4  70  56  21  51  63  10  19  27  44  71  40  34  69  54  45  43  47  1  78  16  60  32  13  75  35  12  53  77  80  3  61  76  72  79  49  20  41  74  15  2  8  7  29  55  28  39  64  65  62  11  50  25  59  38  66
   14  70  38  24  60  2  35  78  62  77  43  25  8  10  11  69  4  65  52  44  71  48  1  15  55  28  39  37  12  32  81  40  33  22  75  74  34  31  26  51  47  56  36  46  54  17  23  57  73  3  49  5  72  20  27  21  53  18  9  61  7  67  80  16  42  30  59  63  66  6  29  68  58  79  41  13  76  45  64  19  50
   15  9  6  7  3  69  58  4  48  40  33  70  14  31  60  27  52  32  11  45  50  68  18  13  46  61  17  8  71  2  57  39  81  34  65  22  67  54  74  73  49  76  80  63  79  37  1  55  23  66  5  35  25  47  59  24  12  64  72  43  28  26  77  19  42  20  56  30  16  75  41  51  62  21  78  10  29  36  38  44  53
   15  11  42  40  77  59  69  52  10  22  28  66  75  48  25  70  62  56  30  65  34  9  76  23  1  64  50  2  51  74  53  55  26  68  13  32  16  20  31  79  5  78  29  17  12  27  7  61  18  46  43  63  39  71  36  49  67  6  58  72  14  44  8  33  38  45  81  21  47  37  80  73  60  19  35  24  41  3  4  54  57
   15  14  30  77  29  38  45  28  10  32  44  7  53  9  60  20  43  49  25  52  47  80  59  72  22  42  68  16  24  78  75  46  35  33  58  54  64  21  40  26  67  81  62  23  13  17  74  76  5  34  37  65  57  27  1  63  31  18  39  6  11  66  8  2  61  19  50  12  48  3  73  51  69  4  79  70  36  71  55  56  41
   15  32  63  58  59  20  78  56  30  11  72  43  73  18  64  3  69  42  36  55  53  71  37  57  8  75  19  31  66  74  60  51  9  25  49  1  70  52  62  76  45  17  26  39  80  34  23  22  29  12  44  81  14  2  13  10  48  38  41  16  21  46  50  79  47  4  6  65  61  54  24  68  28  77  40  5  67  7  35  27  33
   15  36  54  61  66  10  79  37  67  2  49  51  46  47  62  56  30  20  70  78  8  40  77  24  72  29  43  74  57  68  64  16  75  17  1  53  4  59  39  28  81  21  25  38  58  18  41  50  19  35  76  73  55  65  27  6  42  69  33  71  32  13  80  23  26  45  44  22  14  12  3  31  7  52  5  11  60  48  34  9  63
   15  39  6  29  31  43  32  73  55  18  47  63  11  12  64  17  2  74  57  52  23  10  4  48  51  9  75  53  61  60  70  76  22  79  58  46  42  56  30  3  7  24  72  37  44  69  20  62  26  19  34  45  67  80  41  78  59  77  54  81  33  1  27  65  14  50  36  5  25  16  21  13  71  28  8  40  49  68  66  38  35
   15  57  26  39  34  48  75  36  12  10  45  68  5  4  6  43  73  74  13  76  65  19  69  16  8  32  80  18  28  61  78  81  33  44  60  23  51  1  50  35  17  42  64  22  79  58  20  11  7  62  66  56  30  27  14  55  38  53  31  70  41  59  3  71  77  54  24  29  37  25  9  63  72  21  67  47  40  52  46  2  49
   16  51  25  78  40  47  44  59  73  3  21  76  19  18  26  49  6  30  58  14  4  36  12  54  1  7  77  79  62  10  81  20  46  23  71  80  9  43  41  42  55  35  27  22  63  45  29  56  72  39  11  15  60  70  61  66  53  17  50  67  28  31  68  33  2  38  8  75  69  37  57  32  13  74  52  48  34  65  5  24  64
   16  71  59  72  6  66  18  44  42  36  46  76  63  78  8  53  67  75  13  35  79  48  4  37  19  28  80  64  65  29  31  70  51  25  62  5  34  74  73  50  69  55  1  7  54  30  10  60  9  33  81  2  43  47  68  21  17  40  12  61  15  58  41  26  23  14  56  49  39  57  32  27  38  45  24  77  22  11  3  20  52
   16  75  43  77  53  10  65  50  29  57  32  30  73  6  17  5  31  1  36  66  56  79  72  64  42  26  28  74  70  80  39  81  61  44  38  19  67  58  8  62  51  59  2  49  55  4  20  23  37  54  9  47  34  35  68  63  76  13  18  22  78  3  52  14  41  12  21  7  71  25  24  46  15  33  45  69  27  48  11  40  60
   16  75  76  22  25  4  53  66  17  73  49  35  50  23  70  26  51  81  65  12  54  7  2  9  19  6  24  15  60  71  79  67  72  27  33  77  18  11  57  32  63  59  29  10  44  48  31  52  42  64  21  40  56  38  74  1  41  58  78  28  20  5  3  46  43  45  34  14  68  80  39  8  61  55  69  47  13  37  36  62  30
   16  76  29  34  37  72  10  6  70  42  75  45  27  66  23  47  78  80  48  62  4  19  28  50  30  18  44  43  59  52  81  32  69  58  68  74  61  20  12  57  1  67  7  54  49  46  11  73  77  13  41  8  38  56  17  60  36  5  3  35  21  79  64  55  33  53  65  39  40  24  31  2  51  14  25  15  9  22  63  71  26
   17  8  12  9  42  66  13  31  65  46  61  25  74  15  32  58  34  50  52  72  20  18  49  60  16  11  5  62  81  6  78  40  3  63  23  71  10  45  77  70  59  73  1  54  22  4  41  2  27  67  26  39  35  19  47  56  64  29  21  75  80  53  36  37  24  51  28  14  76  30  69  57  79  48  33  7  68  38  44  43  55
   17  47  53  61  25  44  46  35  38  13  5  36  18  66  29  68  23  10  50  55  78  45  1  21  11  37  62  32  79  51  52  63  41  27  80  75  60  76  16  31  49  30  14  73  56  70  74  20  33  54  42  40  67  19  48  22  77  4  65  26  58  34  28  69  81  43  3  39  72  7  57  64  6  2  12  9  71  24  15  8  59
   17  61  30  52  24  29  43  70  11  37  75  54  22  58  34  59  76  1  32  79  62  53  5  3  66  68  19  67  63  21  14  55  65  20  41  40  56  48  51  33  57  44  73  81  18  13  25  15  71  72  42  60  31  46  9  69  78  26  39  16  36  64  28  8  12  6  74  27  2  45  77  50  35  23  7  4  10  49  38  80  47
   17  76  26  8  44  23  45  19  30  57  55  7  53  77  10  2  15  33  73  69  41  36  71  5  50  81  40  1  74  78  48  60  61  49  22  72  9  16  54  38  31  59  14  79  11  13  66  32  65  3  12  63  80  28  6  68  58  34  39  25  51  18  43  24  27  35  64  70  67  42  29  52  46  56  21  20  62  47  4  75  37
   17  76  34  49  11  54  51  70  66  80  28  79  71  43  68  50  5  61  1  48  15  36  45  16  14  64  6  40  60  72  3  74  67  21  22  12  78  73  18  24  65  59  32  37  53  63  62  26  33  44  31  19  81  47  23  55  57  4  77  56  7  42  20  46  9  27  2  30  38  69  39  25  29  10  13  52  8  75  35  58  41
   17  80  55  22  45  50  72  58  34  7  16  5  39  4  78  69  29  64  8  35  71  75  31  81  20  3  27  57  42  62  68  25  43  1  61  23  52  48  32  26  51  63  24  77  36  44  37  14  11  30  28  59  76  46  53  66  38  54  41  40  73  74  2  13  15  10  56  19  9  12  60  6  70  49  18  33  65  79  67  47  21
   18  3  51  40  58  64  10  70  78  20  62  24  35  16  50  75  19  69  71  65  53  54  66  57  47  52  8  72  27  7  81  48  1  23  80  21  28  32  77  46  11  67  37  13  30  44  42  6  5  73  45  74  33  17  56  39  55  4  34  43  63  14  41  60  31  26  22  9  49  59  36  15  12  25  68  61  76  79  29  2  38
   18  68  8  74  38  13  80  33  37  28  46  66  7  47  21  30  62  48  75  44  51  24  3  15  58  1  40  57  45  25  14  42  61  64  19  71  73  70  22  17  9  50  6  5  41  72  53  49  79  11  16  60  31  76  10  4  12  2  23  77  55  81  63  69  34  35  59  36  29  39  52  67  27  56  54  20  78  65  32  43  26
   18  78  79  64  62  55  9  21  41  57  22  71  42  53  4  29  34  7  81  40  23  27  3  72  46  75  19  70  73  30  43  61  56  45  52  66  63  35  80  25  69  60  68  58  39  77  16  44  8  48  65  5  1  33  17  26  32  11  59  36  67  37  31  74  54  2  12  14  38  20  6  76  13  28  51  50  10  47  15  49  24
   18  79  46  49  70  67  41  35  34  54  17  12  50  3  77  60  2  32  78  11  55  81  59  36  65  1  13  40  62  51  57  47  23  73  5  75  26  10  72  30  53  61  52  21  68  66  27  44  25  80  39  64  24  33  37  56  69  71  43  14  19  6  22  7  8  15  63  20  16  9  45  31  42  74  29  4  38  48  76  58  28
   19  3  4  78  21  31  71  44  40  6  30  18  13  28  59  34  2  60  38  55  54  77  58  51  45  10  36  8  81  50  7  15  22  26  11  46  64  80  1  29  61  66  75  27  48  67  69  39  72  20  49  47  33  79  62  73  63  24  68  42  56  12  32  9  70  57  37  43  65  25  74  5  76  35  17  14  41  53  16  52  23
   19  30  78  58  43  10  2  48  69  75  77  4  37  73  50  74  24  47  17  31  39  51  34  9  25  40  41  20  27  1  70  15  68  36  46  7  52  81  18  6  53  11  28  14  72  32  76  71  26  60  38  56  5  3  29  33  23  12  42  64  57  54  45  80  62  35  16  44  13  67  63  66  65  49  8  21  59  79  22  61  55
   19  36  11  80  48  50  63  3  27  61  32  21  26  59  47  57  49  34  20  67  37  75  4  23  77  10  72  73  40  30  24  56  52  25  31  22  45  28  64  68  71  17  44  39  5  13  53  78  54  7  6  43  2  66  14  65  81  58  70  8  1  62  46  9  55  12  33  76  74  18  60  38  35  42  51  69  16  79  41  15  29
   20  11  12  9  60  28  10  62  5  61  40  71  57  34  17  49  64  31  39  15  77  75  65  52  66  22  14  8  27  2  6  81  45  3  25  68  41  7  74  70  29  73  80  16  53  1  43  24  69  26  36  35  63  47  56  67  32  21  37  50  55  78  23  18  54  42  13  33  59  76  48  72  19  79  30  51  4  38  44  46  58
   20  14  24  11  77  45  5  23  27  60  67  26  18  64  50  71  15  58  43  17  68  46  52  66  41  69  22  80  10  54  55  70  28  62  7  32  2  34  33  53  1  76  79  21  12  65  63  59  48  31  39  61  40  51  16  4  81  47  56  73  36  8  57  13  75  72  74  29  6  37  19  35  25  44  49  30  3  42  78  9  38
   20  17  43  8  28  62  2  14  32  4  78  54  7  36  10  15  53  63  47  13  27  60  46  77  75  76  18  80  71  67  49  26  33  21  16  37  22  72  81  42  35  79  73  19  6  58  74  34  1  31  9  64  23  69  44  57  11  50  56  25  29  52  41  12  39  38  70  51  59  61  40  3  68  5  30  45  48  65  55  66  24
   20  30  18  64  24  19  16  23  73  22  42  46  67  75  37  6  78  26  15  58  43  54  17  3  28  33  8  77  9  5  52  74  45  62  53  47  31  14  70  69  51  10  34  1  41  80  27  59  65  35  36  12  39  48  2  50  68  66  21  81  11  49  29  63  56  7  61  40  55  57  76  79  71  44  60  4  32  13  72  25  38
   20  32  65  62  78  11  51  37  41  77  70  47  74  27  50  55  56  67  49  8  21  71  17  80  42  15  53  14  31  6  25  45  44  9  76  46  29  7  16  5  63  12  30  28  57  81  36  58  18  26  13  1  33  23  69  38  72  35  61  40  79  73  39  64  60  66  68  52  24  4  34  48  19  22  43  10  2  75  3  59  54
   20  68  31  16  9  23  15  11  5  70  8  63  51  57  7  4  41  32  72  1  26  62  6  59  80  21  50  39  66  43  3  18  67  35  34  56  73  71  28  47  17  48  30  74  77  61  40  42  75  27  13  54  78  52  64  36  14  76  24  81  46  22  12  55  65  29  33  2  79  10  38  19  37  44  49  58  45  53  69  25  60
   21  6  59  55  45  50  11  29  48  20  62  42  70  25  17  52  4  44  13  60  58  8  22  80  75  39  33  24  32  43  76  53  19  31  30  34  54  10  7  46  61  67  49  73  56  57  74  14  23  78  40  28  38  51  81  26  1  27  72  79  68  9  65  35  16  3  71  18  2  77  36  15  64  66  69  47  63  12  37  5  41
   21  25  41  77  54  33  3  70  31  36  18  30  14  72  55  20  37  15  22  76  29  68  62  42  53  81  78  28  58  17  10  39  8  48  61  49  63  65  46  1  9  4  52  74  75  64  79  69  32  66  40  50  12  67  38  44  19  11  34  43  7  57  6  2  27  13  51  71  16  35  26  47  45  5  23  56  80  24  73  60  59
   21  36  46  22  61  38  34  47  6  79  41  39  28  32  16  76  12  23  63  66  8  65  44  30  62  42  11  31  13  51  19  54  71  45  53  75  5  59  58  10  55  15  68  74  25  18  1  80  29  17  69  24  73  14  81  35  60  33  52  78  26  7  9  56  50  37  64  3  4  20  27  70  2  48  40  49  77  43  72  67  57
   21  54  71  57  50  73  52  55  43  63  40  25  15  78  5  31  45  53  37  20  14  9  47  29  70  16  18  68  28  32  59  69  74  81  46  64  6  49  7  76  67  33  3  2  80  13  34  26  58  10  39  51  4  1  72  27  38  36  11  12  56  19  75  48  79  22  35  65  41  8  62  42  61  30  66  44  60  24  77  17  23
   21  68  23  29  78  77  55  69  45  15  19  24  51  64  18  2  65  40  71  6  70  67  1  43  54  47  59  74  72  28  56  8  31  39  49  20  46  37  5  48  81  60  13  58  52  3  4  26  12  36  66  62  57  30  17  63  79  16  41  10  75  11  14  80  38  27  34  22  7  9  53  25  73  50  42  32  61  35  44  76  33
   22  24  57  55  79  9  25  68  12  72  21  70  40  45  63  44  66  11  4  78  49  36  33  50  14  56  38  27  28  18  46  76  8  7  3  54  29  5  39  47  19  2  31  34  13  75  61  20  58  81  6  15  62  16  64  37  32  23  43  1  51  35  80  42  52  67  41  60  10  77  65  71  48  59  53  74  17  30  69  73  26
   22  80  3  39  4  78  64  28  57  52  67  55  25  45  54  72  34  69  8  35  66  73  30  43  81  56  53  42  36  9  23  7  76  50  1  27  5  46  49  21  33  58  41  75  71  48  59  63  44  12  65  6  70  31  79  37  17  16  40  38  68  74  2  18  20  13  32  60  77  62  29  51  11  19  10  61  24  14  15  47  26
   23  15  2  80  18  73  63  32  39  79  5  20  78  64  46  75  16  11  24  49  26  9  55  33  70  10  45  81  37  67  72  31  59  56  41  30  42  36  69  35  53  74  65  71  34  61  29  1  43  54  52  4  13  14  17  21  38  40  19  12  68  48  62  6  50  66  76  51  22  3  27  58  57  7  77  44  28  47  8  60  25
   23  24  27  39  4  37  14  29  51  69  36  43  75  62  25  73  61  19  21  18  70  45  71  63  22  80  8  12  58  78  49  17  42  77  66  74  30  81  35  52  7  1  15  10  72  65  6  48  44  50  31  9  20  5  32  53  26  16  55  60  34  13  47  76  67  28  11  79  41  40  64  46  59  68  2  56  54  38  57  3  33
   23  30  49  29  61  4  55  63  76  18  64  46  22  43  3  14  20  56  65  54  44  40  28  72  47  31  1  38  78  51  52  19  13  73  68  6  24  50  35  66  59  7  81  37  34  39  42  70  33  62  36  58  26  9  77  48  5  53  32  67  12  45  79  11  80  15  27  8  10  57  16  75  74  2  17  71  69  60  21  25  41
   23  63  42  49  21  73  78  28  8  34  67  80  16  53  10  25  36  60  77  69  22  66  44  9  76  17  37  56  5  14  71  27  75  74  45  72  59  50  26  19  15  40  68  31  61  13  7  57  79  52  35  81  11  1  3  4  2  38  12  55  32  18  47  51  48  58  64  46  30  33  41  29  24  65  54  70  39  6  20  62  43
   23  77  45  24  18  40  70  43  59  28  31  20  5  60  52  26  66  30  79  10  14  27  7  25  42  35  33  68  78  69  19  64  65  6  1  47  72  8  49  37  81  58  4  36  57  63  41  11  38  22  53  50  61  76  21  29  55  15  51  2  71  67  54  74  56  39  46  48  13  3  12  62  17  16  75  80  34  9  73  32  44
   25  27  20  62  16  33  15  74  21  11  9  36  42  66  50  53  78  69  76  39  14  49  17  43  44  18  81  31  1  55  64  23  57  68  41  54  10  32  75  63  79  2  35  13  12  77  3  51  61  48  28  40  7  58  47  5  52  72  67  38  24  70  46  60  8  4  22  59  56  71  65  6  37  29  73  30  34  19  80  26  45
   25  45  49  27  3  2  58  37  80  77  17  24  12  44  33  18  29  34  6  23  52  71  69  55  21  11  14  76  39  75  62  1  41  59  26  9  40  78  38  7  19  20  64  35  10  74  22  68  63  36  28  54  31  81  32  42  65  30  57  72  66  50  46  5  13  15  43  67  48  73  79  70  4  56  8  47  61  16  51  60  53
   25  78  50  19  21  36  75  74  44  26  46  39  61  15  18  6  17  27  69  32  51  24  71  38  64  70  4  54  40  48  43  22  31  55  42  8  52  35  12  16  57  53  76  11  49  1  14  72  63  2  7  81  13  45  29  23  79  30  65  10  73  28  68  58  47  59  56  20  80  5  67  3  33  34  77  62  60  9  37  66  41
   26  48  12  68  6  74  65  16  80  61  33  23  50  42  79  11  66  27  38  70  3  54  37  63  67  52  49  57  34  36  45  4  73  76  69  32  28  81  60  1  17  22  20  62  30  55  31  59  77  29  9  21  40  2  15  39  75  10  5  43  13  19  8  18  78  44  51  35  64  58  7  56  14  53  41  71  24  25  72  47  46
   26  50  64  47  34  13  58  74  49  11  33  21  72  37  7  6  39  40  66  12  55  53  70  36  44  35  75  56  63  23  41  68  46  48  32  38  43  2  5  69  81  24  79  31  27  59  8  61  14  73  1  20  15  45  19  16  62  9  80  18  57  51  60  71  25  29  67  52  42  28  77  10  3  65  4  78  54  22  76  17  30
   27  65  7  39  59  12  20  17  70  11  61  62  72  18  75  26  51  40  36  15  66  57  45  43  3  25  2  46  29  81  44  47  41  67  74  13  76  58  64  1  73  38  56  5  60  34  50  80  9  52  4  78  63  35  28  6  21  16  55  22  68  54  30  71  37  49  53  33  42  69  23  10  24  8  48  77  79  14  19  32  31
   28  72  15  31  20  62  74  58  39  14  7  29  43  61  24  32  6  17  40  11  2  37  68  51  77  34  19  46  16  45  33  35  52  4  5  53  25  66  81  23  1  44  41  47  27  76  49  69  56  60  79  30  22  73  67  21  3  80  36  26  12  42  10  8  18  65  78  54  57  64  63  9  55  13  50  59  38  70  75  71  48
