   1  5  73  14  79  12  62  77  52  42  6  61  26  60  71  87  22  68  11  30  13  37  65  17  25  20  47  41  85  23  33  80  64  18  43  34  19  67  66  75  36  15  7  8  4  9  27  63  51  49  86  10  16  76  31  44  82  69  40  81  84  54  56  45  2  59  32  46  24  78  29  3  72  58  21  53  83  28  35  57  39  74  50  70  38  55  48
   1  6  56  42  16  85  49  17  19  51  26  43  71  74  11  27  68  7  50  15  12  87  23  24  37  21  67  14  54  58  3  57  72  86  45  2  40  84  8  59  48  78  70  64  5  36  29  63  35  46  25  10  76  52  61  69  38  28  47  30  18  83  34  44  66  65  13  39  9  77  73  55  62  60  80  75  81  41  32  53  20  79  33  82  31  4  22
   1  6  64  63  32  7  22  72  39  4  34  50  10  12  3  35  54  87  25  46  27  19  65  11  79  38  75  26  36  20  21  29  40  84  77  67  81  33  37  61  70  83  18  16  5  57  31  9  60  43  78  51  48  42  73  49  28  14  17  82  30  68  8  15  56  85  80  86  52  13  55  23  66  62  47  74  45  2  24  44  69  41  53  71  59  76  58
   1  9  29  13  43  62  16  57  83  34  46  26  28  55  73  87  24  58  51  49  86  5  75  67  76  50  72  38  85  25  61  77  80  45  2  54  60  70  6  56  42  10  11  32  8  4  33  44  79  52  39  30  63  15  47  41  22  71  40  78  21  84  19  7  12  27  17  65  64  68  31  3  74  53  23  18  35  20  66  37  81  36  14  69  82  59  48
   1  9  36  47  35  67  66  16  45  2  21  82  77  30  85  75  29  20  51  86  26  69  65  11  79  53  56  18  54  70  71  37  81  42  34  43  49  25  78  5  80  12  83  72  8  38  31  57  55  15  52  59  63  84  48  17  64  76  73  50  13  23  62  7  74  3  61  46  24  6  28  87  22  68  40  58  10  4  60  44  19  33  14  39  41  27  32
   1  20  56  87  8  84  62  43  63  53  65  86  54  69  75  61  74  68  14  3  33  25  27  49  11  76  17  58  85  23  41  55  37  12  52  50  24  4  32  16  73  9  34  72  19  67  28  44  45  2  7  18  5  38  48  51  22  77  36  82  26  70  78  13  64  47  40  83  79  30  21  81  80  59  29  46  10  71  66  31  35  42  39  15  57  6  60
   1  33  68  10  22  86  53  71  69  4  72  83  55  46  75  13  57  74  79  82  47  21  27  19  77  58  66  87  73  35  54  44  26  36  20  14  34  7  49  9  23  39  63  64  32  65  18  61  70  85  81  30  5  78  37  24  3  41  48  31  67  28  16  15  80  43  38  42  8  60  12  25  56  84  62  59  17  6  40  11  50  52  45  2  29  51  76
   1  52  20  37  7  60  5  81  79  63  72  74  66  87  76  31  6  36  18  65  8  43  16  35  69  4  15  54  32  29  71  77  70  84  22  86  25  28  53  24  3  19  68  64  51  73  40  44  56  14  82  38  45  2  59  49  26  55  41  46  78  50  10  47  11  21  57  9  33  34  75  83  23  17  67  58  39  13  12  85  80  30  48  61  27  42  62
   1  54  59  83  12  19  86  32  80  36  85  10  76  20  21  7  6  35  72  62  64  39  16  55  28  78  11  58  66  4  27  41  9  52  40  31  49  77  81  65  47  87  82  56  53  29  48  37  24  79  22  63  43  26  42  45  2  38  71  34  46  84  5  3  23  17  13  70  51  73  15  75  60  30  57  50  8  18  33  44  69  61  25  67  14  68  74
   2  8  26  80  64  16  50  63  13  41  36  21  65  19  59  1  5  17  53  72  40  33  12  38  27  83  73  43  42  39  30  3  11  35  18  56  81  67  25  77  55  78  58  87  85  79  61  7  23  71  37  24  74  46  51  66  22  68  28  86  82  70  34  15  47  54  75  49  60  4  14  44  45  48  57  84  76  52  69  31  6  20  62  10  32  9  29
   2  15  11  70  84  67  71  57  82  18  6  53  16  23  62  3  51  20  73  46  4  37  48  45  36  68  50  81  19  60  35  44  64  42  21  10  85  12  29  63  25  5  32  8  13  55  56  75  22  74  40  34  26  28  31  80  52  58  86  41  79  78  27  17  1  59  7  30  38  54  66  87  39  69  43  61  83  76  33  77  72  49  47  14  24  9  65
   2  28  86  3  9  29  53  44  33  10  24  18  17  46  4  27  23  65  43  78  61  73  47  75  37  76  6  58  15  70  50  69  82  34  19  79  22  39  72  45  56  21  5  80  26  63  31  41  1  77  81  71  32  68  49  57  59  12  66  42  11  14  84  55  48  7  16  54  40  83  62  87  85  60  52  74  13  20  64  8  38  35  36  51  67  30  25
   2  28  86  47  53  73  9  44  77  10  24  18  61  46  4  71  67  21  87  78  17  29  3  31  81  76  6  58  59  70  50  25  82  34  63  35  22  83  72  1  56  65  49  80  26  19  75  85  45  33  37  27  32  68  5  13  15  12  66  42  55  14  84  11  48  51  16  54  40  39  62  43  41  60  52  74  57  20  64  8  38  79  36  7  23  30  69
   2  36  43  7  61  9  13  44  16  82  85  42  79  78  66  63  55  5  20  6  24  53  8  87  64  60  86  18  81  46  4  73  1  50  32  67  30  3  84  17  39  49  29  40  34  59  54  37  21  33  65  19  77  12  56  45  69  28  68  10  83  62  71  11  25  75  51  38  57  47  14  27  35  52  58  26  74  76  15  48  22  23  80  31  72  70  41
   2  36  87  51  17  53  57  44  16  82  41  42  35  78  66  19  11  49  20  6  24  9  8  43  64  60  86  18  37  46  4  29  45  50  32  23  30  47  84  61  83  5  73  40  34  15  54  81  65  77  21  63  33  12  56  1  25  28  68  10  39  62  27  55  69  31  7  38  13  3  14  71  79  52  58  26  74  76  59  48  22  67  80  75  72  70  85
   2  52  42  26  25  20  79  59  64  83  86  14  23  84  40  32  29  65  43  6  24  17  47  67  22  10  27  9  80  7  38  73  8  57  16  45  46  4  37  69  71  36  81  56  50  62  66  33  58  82  5  61  1  11  19  53  75  13  55  41  28  68  49  63  12  39  15  54  60  51  72  44  21  34  30  78  31  85  35  87  76  74  48  18  3  70  77
   2  52  42  26  69  20  35  15  64  39  86  14  67  84  40  32  73  21  87  6  24  61  3  23  22  10  71  53  80  51  38  29  8  13  16  1  46  4  81  25  27  36  37  56  50  62  66  77  58  82  49  17  45  55  63  9  31  57  11  85  28  68  5  19  12  83  59  54  60  7  72  44  65  34  30  78  75  41  79  43  76  74  48  18  47  70  33
   2  59  55  70  84  23  27  13  82  18  6  9  16  67  62  47  7  20  29  46  4  81  48  1  36  68  50  37  63  60  79  44  64  42  65  10  41  12  73  19  69  49  32  8  57  11  56  31  22  74  40  34  26  28  75  80  52  58  86  85  35  78  71  61  45  15  51  30  38  54  66  43  83  25  87  17  39  76  77  33  72  5  3  14  24  53  21
   2  68  24  30  48  1  64  43  83  15  80  21  29  52  82  33  61  11  35  25  17  71  28  44  14  69  12  26  77  36  41  51  46  4  37  38  63  34  8  81  72  84  39  32  66  50  65  13  55  20  76  78  16  10  79  23  40  62  42  18  31  27  87  56  67  49  22  57  6  9  86  85  73  70  74  5  3  53  60  47  7  59  45  54  75  58  19
   2  68  24  30  48  45  64  87  39  59  80  65  73  52  82  77  17  55  79  69  61  27  28  44  14  25  12  26  33  36  85  7  46  4  81  38  19  34  8  37  72  84  83  32  66  50  21  57  11  20  76  78  16  10  35  67  40  62  42  18  75  71  43  56  23  5  22  13  6  53  86  41  29  70  74  49  47  9  60  3  51  15  1  54  31  58  63
   2  76  66  82  34  36  9  71  37  79  87  78  47  28  11  40  68  29  53  46  4  13  27  15  20  18  24  69  73  83  54  61  3  85  63  81  84  60  16  1  23  12  33  48  74  6  58  77  45  42  19  57  80  55  14  25  59  41  72  21  17  52  7  43  8  35  67  62  22  39  31  44  56  26  86  70  32  65  64  51  30  10  49  50  75  38  5
   2  76  66  82  34  36  53  27  81  35  43  78  3  28  55  40  68  73  9  46  4  57  71  59  20  18  24  25  29  39  54  17  47  41  19  37  84  60  16  45  67  12  77  48  74  6  58  33  1  42  63  13  80  11  14  69  15  85  72  65  61  52  51  87  8  79  23  62  22  83  75  44  56  26  86  70  32  21  64  7  30  10  5  50  31  38  49
   2  78  25  63  64  18  48  7  60  87  85  70  49  19  5  41  1  38  11  67  43  39  33  37  6  30  82  10  51  77  86  3  9  54  71  58  14  26  16  44  24  35  57  56  76  73  81  32  23  52  59  34  66  68  42  55  69  79  72  50  53  20  15  65  80  17  40  83  46  4  74  45  28  61  22  62  8  29  21  75  47  36  13  31  12  84  27
   2  78  69  19  64  18  48  51  60  43  41  70  5  63  49  85  45  38  55  23  87  83  77  81  6  30  82  10  7  33  86  47  53  54  27  58  14  26  16  44  24  79  13  56  76  29  37  32  67  52  15  34  66  68  42  11  25  35  72  50  9  20  59  21  80  61  40  39  46  4  74  1  28  17  22  62  8  73  65  31  3  36  57  75  12  84  71
   3  11  28  30  66  82  71  37  31  12  40  73  77  50  49  39  83  46  61  70  53  63  81  57  55  86  22  85  43  17  74  44  78  20  60  42  14  21  59  27  69  29  13  16  8  19  54  7  34  79  67  2  15  58  23  72  9  35  56  5  25  84  48  45  64  41  26  38  24  4  36  75  80  76  10  1  51  18  32  33  62  68  47  6  87  65  52
   3  15  43  42  61  36  10  55  68  38  18  7  78  4  37  85  66  28  33  2  39  23  19  51  75  60  53  35  79  69  11  64  16  54  41  14  57  25  22  49  20  45  21  24  12  27  81  13  65  59  82  30  48  52  5  44  70  31  32  67  76  74  80  47  6  1  8  50  72  58  87  9  40  86  63  71  73  84  17  83  29  46  62  34  26  77  56
   3  17  40  50  66  29  16  47  6  38  41  19  12  73  74  21  25  52  13  58  7  83  49  51  2  36  22  39  9  68  37  44  53  30  55  70  64  84  65  1  80  35  15  56  14  33  77  85  60  78  57  62  46  20  42  32  24  54  82  23  5  18  71  31  28  61  72  34  76  26  86  81  45  43  69  75  8  4  59  11  67  79  27  10  87  63  48
   3  18  80  38  48  79  59  51  57  65  78  41  37  46  33  81  28  21  62  45  36  85  69  72  23  63  25  42  74  86  9  83  40  82  47  6  32  76  24  1  56  58  34  16  15  20  87  13  17  50  75  30  52  68  7  31  26  84  53  2  54  73  14  44  22  19  39  29  27  55  43  77  10  4  64  49  67  35  8  71  60  61  11  70  5  12  66
   3  19  40  47  6  33  41  44  50  68  57  18  63  12  38  71  72  14  23  78  49  51  2  31  75  39  53  58  37  60  77  25  5  20  61  35  66  79  67  1  84  30  17  80  16  28  81  85  62  73  59  27  52  10  82  13  64  46  22  42  36  21  56  11  69  29  26  54  86  76  45  43  9  70  32  74  24  34  15  8  4  83  55  7  87  65  48
   3  20  5  82  47  6  54  29  31  68  45  63  25  84  60  15  24  7  27  67  78  85  69  72  65  33  48  86  53  4  79  61  73  13  59  50  75  83  28  23  58  12  36  16  17  62  1  35  21  57  30  74  64  87  40  9  8  2  32  46  77  43  56  44  22  19  81  51  80  41  39  11  37  42  52  71  34  38  70  49  55  76  10  26  18  14  66
   3  27  20  53  17  25  22  48  47  6  63  70  55  2  79  49  87  60  65  82  78  31  19  33  61  71  80  54  74  34  37  23  67  38  14  41  59  75  58  15  64  36  73  40  24  26  5  83  77  45  68  1  13  76  56  51  16  52  43  62  39  69  10  21  46  9  7  50  72  18  84  85  66  28  32  86  30  12  4  44  57  11  42  29  35  81  8
   3  30  22  58  32  34  16  47  6  55  72  38  7  73  62  24  80  84  67  54  33  43  10  31  26  63  82  37  51  42  53  85  70  17  15  9  8  50  76  49  79  14  20  64  27  28  12  77  23  4  57  65  78  87  59  81  56  52  68  61  25  13  71  83  69  21  18  46  66  2  5  44  1  19  48  86  39  29  75  35  11  36  41  74  45  60  40
   3  58  45  30  47  6  18  13  56  39  72  42  34  86  16  44  1  41  66  2  5  21  40  61  57  84  63  83  8  7  53  15  26  33  48  87  29  78  27  11  70  74  62  64  55  60  49  71  80  36  68  31  73  51  37  19  50  85  79  59  32  46  12  9  69  43  20  10  67  35  76  24  77  52  81  82  17  65  75  25  23  4  38  14  22  28  54
   3  60  80  85  24  76  10  41  13  71  19  82  74  31  49  7  46  28  42  9  11  75  81  59  33  52  51  86  79  69  35  77  23  36  68  62  72  12  8  48  43  27  14  40  57  25  84  44  47  6  21  54  15  26  56  65  66  55  20  70  78  34  58  39  16  53  32  73  61  2  63  67  64  1  87  50  30  37  22  5  17  38  29  45  83  18  4
   3  68  60  23  21  4  15  67  61  13  40  46  22  85  52  5  18  20  54  19  24  41  48  17  31  12  45  74  8  87  37  55  34  76  66  82  75  84  71  72  9  57  28  16  65  43  32  44  80  42  70  26  47  6  1  59  78  77  35  50  58  62  30  53  33  63  83  27  11  14  49  73  69  51  25  86  29  39  36  79  64  2  56  7  81  38  10
   3  74  1  73  36  57  82  8  64  20  79  30  52  60  63  21  18  17  40  10  16  29  48  77  84  58  33  86  22  12  81  35  27  68  32  5  59  55  67  19  53  85  70  80  71  87  56  23  72  61  66  13  41  78  38  47  6  26  37  14  50  76  15  9  69  51  39  34  65  43  45  49  4  2  83  62  24  54  11  44  31  7  75  25  42  28  46
   3  74  35  78  21  51  15  63  28  13  19  61  58  62  81  69  46  57  38  9  22  17  43  32  23  83  79  26  2  70  48  87  31  34  72  54  12  68  55  53  1  82  66  56  71  4  16  73  80  10  47  6  29  84  86  59  25  52  77  18  76  85  30  44  60  39  49  41  75  11  5  33  50  36  37  45  8  7  27  67  24  65  40  14  64  20  42
   3  76  83  30  71  58  26  31  32  12  64  37  48  20  16  13  55  53  72  17  66  15  35  80  40  11  69  10  79  68  4  47  6  23  2  14  77  25  38  61  86  28  22  8  73  42  63  1  29  67  82  70  21  5  39  43  51  78  52  34  56  49  41  44  50  81  7  9  27  59  24  33  87  54  45  85  75  74  57  19  65  60  36  46  62  18  84
   3  80  27  8  65  72  51  25  14  47  37  67  66  69  60  87  6  71  54  16  41  55  13  50  28  5  74  45  43  49  31  85  12  53  19  32  82  21  26  11  56  10  59  1  86  9  62  81  24  17  38  64  75  42  52  22  23  20  29  2  83  18  35  73  48  34  76  39  61  84  15  44  46  40  58  4  77  36  70  57  7  68  63  78  33  79  30
   3  83  16  2  13  51  48  55  11  36  81  15  25  79  37  69  22  58  18  42  45  65  19  59  73  74  5  75  50  46  20  24  61  4  54  30  56  86  66  17  8  77  71  64  80  7  35  53  23  52  31  14  47  6  72  44  49  84  9  43  70  60  68  63  32  87  76  82  67  28  1  57  34  85  40  39  26  78  62  27  29  41  12  10  33  21  38
   4  5  27  14  51  12  86  77  16  42  31  61  82  60  40  87  84  68  56  30  2  37  32  17  24  20  29  41  72  23  21  80  83  18  35  34  39  67  50  75  38  15  48  8  1  9  73  63  79  49  62  10  52  76  6  44  26  69  71  81  22  54  11  45  13  59  65  46  25  78  47  3  85  58  33  53  64  28  43  57  19  74  66  70  36  55  7
   4  12  7  50  68  60  72  51  47  85  14  70  37  83  19  44  34  18  58  62  2  13  33  43  75  29  16  21  30  28  63  25  32  79  54  57  56  36  24  77  22  76  27  48  8  38  53  1  17  10  11  81  59  65  87  61  80  26  9  69  45  39  66  15  74  35  5  46  23  52  49  40  84  41  64  78  3  55  86  71  73  42  31  82  20  6  67
   4  12  51  50  68  60  72  7  3  41  14  70  81  39  63  44  34  18  58  62  2  57  77  87  31  73  16  65  30  28  19  69  32  35  54  13  56  36  24  33  22  76  71  48  8  38  9  45  61  10  55  37  15  21  43  17  80  26  53  25  1  83  66  59  74  79  49  46  67  52  5  40  84  85  64  78  47  11  86  27  29  42  75  82  20  6  23
   4  12  73  6  68  60  72  29  25  19  58  26  59  61  85  44  78  62  14  18  46  35  55  21  53  51  16  43  74  28  41  47  32  57  10  79  56  36  24  11  66  76  5  48  8  82  75  23  39  54  77  15  37  87  65  83  80  70  31  3  67  17  22  81  30  13  27  2  1  52  71  40  84  63  64  34  69  33  42  49  7  86  9  38  20  50  45
   4  18  39  1  73  38  61  49  22  81  30  50  43  45  64  23  19  2  17  29  32  9  16  83  58  34  78  70  20  11  66  21  56  26  59  54  65  6  3  44  84  69  13  40  14  71  87  48  8  12  72  62  68  36  67  33  79  25  35  86  7  52  77  15  37  31  55  53  42  28  46  51  5  75  74  82  63  27  57  85  10  76  24  41  80  60  47
   4  26  70  86  52  28  1  3  9  58  35  69  21  78  23  33  64  51  83  57  15  73  82  44  25  17  32  10  36  54  59  67  71  61  45  62  50  43  37  65  47  2  81  80  22  60  46  5  6  41  77  30  42  87  38  63  84  20  31  34  85  11  48  8  75  7  66  49  16  13  55  53  72  68  40  29  24  76  56  79  18  74  39  14  27  12  19
   4  26  70  86  52  28  45  47  53  58  79  25  65  78  67  77  64  7  39  13  59  29  82  44  69  61  32  10  36  54  15  23  27  17  1  62  50  87  81  21  3  2  37  80  22  60  46  49  6  85  33  30  42  43  38  19  84  20  75  34  41  55  48  8  31  51  66  5  16  57  11  9  72  68  40  73  24  76  56  35  18  74  83  14  71  12  63
   4  27  5  58  29  12  42  11  16  86  9  83  38  60  40  65  84  68  56  74  46  59  32  39  24  20  51  63  72  1  43  80  61  62  13  78  17  45  6  53  82  81  48  8  23  31  7  41  57  71  18  54  52  76  50  44  70  3  49  15  66  10  77  67  35  37  87  2  47  34  25  69  19  14  55  75  64  28  21  79  85  30  22  26  36  33  73
   4  49  71  14  7  12  86  33  16  42  75  17  82  60  40  43  84  68  56  30  2  81  32  61  24  20  73  85  72  67  65  80  39  18  79  34  83  23  50  31  38  59  48  8  45  53  29  19  35  5  62  10  52  76  6  44  26  25  27  37  22  54  55  1  57  15  21  46  69  78  3  47  41  58  77  9  64  28  87  13  63  74  66  70  36  11  51
   4  62  17  23  7  82  83  71  66  15  74  6  21  67  64  1  85  46  39  51  32  31  16  61  14  78  34  26  20  77  22  43  56  70  37  10  87  50  69  44  84  3  35  40  58  49  65  48  8  12  72  18  68  36  45  55  57  47  13  42  73  52  11  81  59  9  33  75  86  28  2  29  27  53  30  38  41  5  79  19  54  76  24  63  80  60  25
   4  62  61  67  51  82  39  27  66  59  74  6  65  23  64  45  41  46  83  7  32  75  16  17  14  78  34  26  20  33  22  87  56  70  81  10  43  50  25  44  84  47  79  40  58  5  21  48  8  12  72  18  68  36  1  11  13  3  57  42  29  52  55  37  15  53  77  31  86  28  2  73  71  9  30  38  85  49  35  63  54  76  24  19  80  60  69
   4  70  26  42  52  28  67  25  75  14  57  47  87  34  45  11  64  73  17  35  37  51  38  44  3  83  32  54  36  10  81  1  5  39  23  18  6  65  15  43  69  46  59  80  66  60  2  71  50  19  55  74  86  21  82  85  84  20  53  78  63  33  48  8  9  29  22  27  16  79  77  31  72  68  40  7  24  76  56  13  62  30  61  58  49  12  41
   4  71  49  58  73  12  42  55  16  86  53  39  38  60  40  21  84  68  56  74  46  15  32  83  24  20  7  19  72  45  87  80  17  62  57  78  61  1  6  9  82  37  48  8  67  75  51  85  13  27  18  54  52  76  50  44  70  47  5  59  66  10  33  23  79  81  43  2  3  34  69  25  63  14  11  31  64  28  65  35  41  30  22  26  36  77  29
   5  4  67  78  49  10  2  19  81  84  75  17  71  52  12  25  40  41  45  53  42  83  27  32  79  55  80  26  59  36  73  43  63  51  69  54  37  21  76  9  38  20  60  56  87  74  31  29  35  7  50  6  48  57  8  15  72  62  24  18  11  13  64  44  66  61  47  85  16  39  65  77  3  70  28  1  86  34  58  23  33  68  46  14  30  82  22
   5  6  29  42  35  85  25  17  76  51  61  43  38  74  47  27  18  7  34  15  66  87  13  24  9  21  73  14  62  58  80  57  81  86  32  2  20  84  33  59  31  78  22  64  1  36  56  63  16  46  49  10  19  52  26  69  71  28  11  30  68  83  50  44  12  65  23  39  37  77  67  55  54  60  3  75  72  41  45  53  40  79  8  82  48  4  70
   5  6  31  63  60  7  78  72  48  4  73  50  28  12  17  35  30  87  8  46  56  19  80  11  52  38  55  26  66  20  47  29  45  84  24  67  69  33  53  61  59  83  58  16  1  57  64  9  32  43  22  51  39  42  34  49  10  14  3  82  54  68  25  15  27  85  65  86  79  13  75  23  36  62  21  74  40  2  77  44  81  41  37  71  70  76  18
   5  12  16  83  40  68  46  39  51  1  61  78  6  81  23  41  18  76  70  15  77  37  47  69  55  28  85  26  73  27  29  11  9  60  84  74  32  20  72  80  13  45  82  8  7  71  52  44  49  10  35  2  25  14  64  79  22  33  4  58  42  86  38  65  56  59  24  63  43  62  17  53  48  31  57  54  50  3  66  67  87  34  19  75  21  30  36
   5  21  56  62  51  85  80  33  77  60  47  25  71  73  3  27  66  38  30  70  75  79  61  69  63  6  67  37  54  18  4  40  43  36  2  50  64  26  22  87  72  11  1  48  16  41  29  59  9  28  81  82  49  10  32  44  23  52  15  13  58  12  84  17  24  57  68  78  53  76  31  7  86  83  8  65  14  42  74  45  19  39  20  46  55  35  34
   5  25  13  70  43  60  46  33  84  34  30  41  42  36  3  83  22  76  55  62  65  9  61  85  37  12  59  29  73  27  77  48  56  2  39  82  7  71  66  23  4  75  35  40  20  45  47  51  79  69  78  50  80  28  67  44  58  81  24  53  68  6  16  49  10  31  72  54  32  38  57  15  8  26  17  1  63  52  87  21  19  18  74  86  14  11  64
   5  30  16  34  80  73  69  85  7  79  42  39  3  18  55  47  76  35  74  75  60  83  27  32  9  17  71  70  6  26  15  21  8  78  49  10  24  68  40  31  64  38  86  56  25  4  57  51  87  54  37  50  28  84  41  81  14  52  59  62  2  63  82  44  66  61  65  19  45  33  13  11  46  36  48  23  53  29  72  1  12  43  77  58  67  20  22
   5  30  56  51  72  35  22  8  19  20  82  74  50  60  15  87  6  83  37  54  47  7  61  55  43  14  23  42  4  12  17  57  24  68  33  71  53  77  9  41  86  63  2  80  25  21  67  45  36  39  38  79  64  34  13  69  52  70  85  58  62  76  40  75  16  73  48  78  84  65  11  27  66  46  59  18  49  10  32  44  81  29  1  3  31  28  26
   5  35  37  49  32  19  30  7  47  20  36  43  85  70  69  63  27  78  28  84  64  33  25  66  45  8  53  56  74  4  29  1  11  71  75  10  65  39  61  15  6  41  73  87  82  52  50  38  55  68  57  80  40  67  51  44  2  17  18  24  60  9  59  3  23  54  62  21  42  79  34  31  13  83  58  86  76  16  12  77  22  48  26  72  81  46  14
   5  45  57  65  39  46  80  21  63  82  54  42  52  11  13  83  32  26  79  69  78  25  23  71  28  74  8  14  73  37  41  33  48  49  10  6  36  86  30  16  34  50  55  72  40  20  77  44  43  84  19  62  51  75  59  29  22  3  24  38  17  68  7  35  60  47  85  61  56  76  67  15  18  1  27  2  87  12  66  9  53  4  70  81  58  31  64
   5  50  66  38  24  86  56  49  10  33  32  34  41  63  74  40  16  52  53  2  55  13  46  81  14  17  78  3  85  70  59  83  58  87  25  15  72  54  68  23  73  82  4  48  45  76  20  11  9  36  7  79  42  57  69  47  64  28  84  43  71  51  1  21  27  35  30  18  22  62  67  44  31  61  80  26  65  19  37  29  77  60  39  6  75  12  8
   5  61  8  49  10  55  39  44  54  84  7  30  17  20  34  1  32  82  9  42  23  85  62  81  37  65  59  38  3  12  11  71  67  4  43  29  22  73  53  31  52  50  87  16  56  76  47  83  74  63  69  45  28  46  78  51  48  18  66  70  60  35  64  77  27  19  14  2  26  68  75  13  15  58  24  6  40  86  25  72  36  21  33  41  57  79  80
   5  68  21  50  1  38  14  81  24  20  48  3  80  4  56  51  33  59  32  87  22  25  29  16  8  77  27  46  73  84  36  49  10  9  62  82  11  71  34  43  26  76  66  72  63  70  17  31  19  53  78  58  35  67  65  13  85  42  28  86  64  23  39  44  54  47  41  15  45  69  40  55  57  2  75  83  37  6  7  61  79  12  60  18  74  30  52
   5  77  76  50  22  78  1  3  81  20  8  63  11  54  23  65  21  18  43  58  59  17  47  7  33  26  66  83  13  87  6  44  42  4  12  70  82  35  69  45  27  19  51  56  72  61  2  41  86  73  53  62  25  38  9  32  15  29  64  67  71  52  80  75  48  39  14  34  40  36  60  37  16  68  46  31  85  30  24  55  74  84  49  10  57  79  28
   5  84  12  9  35  36  25  53  43  51  8  18  66  83  28  67  30  4  2  61  40  39  80  87  81  20  75  6  72  57  3  33  86  68  22  78  37  52  1  32  15  7  76  56  79  13  24  44  16  70  58  14  49  10  31  69  42  11  29  54  38  74  50  59  55  17  21  45  77  82  23  63  27  85  71  26  19  65  60  73  48  62  64  41  47  34  46
   6  20  41  21  7  27  39  44  48  70  79  38  61  58  22  13  77  15  60  18  72  71  24  85  16  4  82  54  67  50  12  43  3  62  8  25  2  9  76  51  29  59  87  32  14  1  74  23  63  11  19  57  55  36  80  47  31  84  28  30  73  10  37  33  75  49  65  26  83  53  42  81  17  68  86  78  46  52  45  56  66  69  64  5  40  34  35
   6  20  85  65  51  71  83  44  48  70  35  38  17  58  22  57  33  59  60  18  72  27  24  41  16  4  82  54  23  50  12  87  47  62  8  69  2  53  76  7  73  15  43  32  14  45  74  67  19  55  63  13  11  36  80  3  75  84  28  30  29  10  81  77  31  5  21  26  39  9  42  37  61  68  86  78  46  52  1  56  66  25  64  49  40  34  79
   6  28  72  2  56  3  16  41  73  45  64  63  87  68  70  11  7  33  17  75  51  37  84  44  42  31  36  78  55  20  35  65  50  12  23  26  13  14  24  67  40  76  29  8  22  62  19  39  77  60  52  58  48  30  61  69  32  10  38  54  5  81  85  80  25  59  66  83  18  27  82  79  43  34  46  15  9  71  4  53  21  1  47  74  49  86  57
   6  28  72  2  56  47  16  85  29  1  64  19  43  68  70  55  51  77  61  31  7  81  84  44  42  75  36  78  11  20  79  21  50  12  67  26  57  14  24  23  40  76  73  8  22  62  63  83  33  60  52  58  48  30  17  25  32  10  38  54  49  37  41  80  69  15  66  39  18  71  82  35  87  34  46  59  53  27  4  9  65  45  3  74  5  86  13
   6  45  33  34  76  25  37  83  70  54  18  71  48  69  10  9  65  60  43  50  12  23  56  47  20  28  62  67  57  4  17  44  16  38  63  30  79  36  87  13  75  15  8  24  39  77  80  49  66  46  32  14  78  84  5  64  68  86  82  35  61  58  81  51  3  1  21  2  26  74  22  85  29  31  41  7  73  52  11  55  40  59  53  42  72  27  19
   6  48  75  86  74  79  25  3  27  17  36  80  32  52  14  15  22  71  58  56  42  33  59  63  2  20  57  49  82  46  61  77  11  83  53  21  64  9  69  44  47  68  37  87  81  39  12  1  13  8  62  84  60  70  51  7  55  35  73  72  65  16  29  31  45  54  28  24  85  67  30  38  5  41  26  10  76  4  34  66  23  78  18  43  40  19  50
   6  52  22  70  14  20  27  37  23  61  85  58  53  84  33  32  28  87  71  50  12  39  81  45  60  54  72  31  43  73  74  7  9  79  13  67  76  4  48  3  69  36  11  56  46  18  86  55  47  38  57  83  64  77  42  75  1  35  40  63  51  68  21  41  24  17  25  10  66  29  5  44  80  78  82  34  8  19  16  65  2  30  59  62  49  26  15
   6  52  22  70  14  20  71  81  67  17  41  58  9  84  77  32  28  43  27  50  12  83  37  1  60  54  72  75  87  29  74  51  53  35  57  23  76  4  48  47  25  36  55  56  46  18  86  11  3  38  13  39  64  33  42  31  45  79  40  19  7  68  65  85  24  61  69  10  66  73  49  44  80  78  82  34  8  63  16  21  2  30  15  62  5  26  59
   6  53  38  39  33  69  31  81  48  68  37  45  86  18  70  25  28  10  29  4  65  55  26  22  46  80  54  32  75  84  30  87  12  17  76  78  66  49  62  73  7  47  74  1  83  36  51  50  56  20  58  8  41  21  52  44  3  71  19  64  61  79  60  85  24  34  63  67  43  9  35  57  14  5  59  2  77  72  13  11  23  40  27  16  82  42  15
   6  58  31  57  16  54  56  65  4  41  35  34  15  13  59  79  47  26  77  69  85  73  55  67  18  2  70  30  21  11  82  53  71  74  81  86  42  78  48  44  72  61  39  80  52  87  23  8  25  68  45  14  22  28  38  33  75  17  40  62  27  60  1  63  64  7  32  29  50  12  46  3  84  51  66  10  24  43  19  5  9  20  83  49  36  76  37
   6  58  75  13  16  54  56  21  4  85  79  34  59  57  15  35  3  26  33  25  41  29  11  23  18  2  70  30  65  55  82  9  27  74  37  86  42  78  48  44  72  17  83  80  52  43  67  8  69  68  1  14  22  28  38  77  31  61  40  62  71  60  45  19  64  51  32  73  50  12  46  47  84  7  66  10  24  87  63  49  53  20  39  5  36  76  81
   6  68  38  78  31  60  17  45  16  29  82  42  25  76  32  8  43  63  85  18  72  7  9  69  66  30  37  71  64  65  26  87  24  39  48  3  50  12  67  75  81  20  23  80  62  10  22  55  86  70  59  51  47  77  13  27  5  83  33  79  84  28  15  57  36  73  1  74  4  21  40  44  19  14  2  58  49  35  61  41  52  46  56  54  53  34  11
   6  68  38  78  75  60  61  1  16  73  82  42  69  76  32  8  87  19  41  18  72  51  53  25  66  30  81  27  64  21  26  43  24  83  48  47  50  12  23  31  37  20  67  80  62  10  22  11  86  70  15  7  3  33  57  71  49  39  77  35  84  28  59  13  36  29  45  74  4  65  40  44  63  14  2  58  5  79  17  85  52  46  56  54  9  34  55
   6  84  82  53  71  43  27  44  55  30  72  54  7  50  12  37  25  63  85  58  51  87  9  5  67  52  18  86  1  34  62  75  70  14  13  17  66  73  40  3  80  19  59  64  78  57  49  79  47  11  23  81  8  28  15  39  45  36  22  38  77  42  76  33  56  65  48  74  32  29  10  41  35  4  68  46  83  60  16  24  26  61  20  21  69  2  31
   7  15  64  51  14  77  37  44  58  12  45  42  59  28  30  19  80  62  83  6  85  31  34  43  87  3  65  18  57  52  33  29  41  76  25  23  66  67  39  61  20  70  69  40  8  36  13  81  86  53  79  63  4  82  74  1  32  78  22  10  84  49  72  55  73  9  2  38  54  60  17  71  21  46  16  26  56  50  35  48  68  47  11  75  27  5  24
   7  18  17  70  51  14  42  1  72  3  80  10  50  54  8  44  61  37  66  34  41  49  64  25  45  20  59  47  48  75  65  35  2  77  24  27  9  6  63  55  46  26  86  32  11  52  85  19  40  84  12  43  53  31  57  15  58  81  67  79  16  78  28  21  73  71  76  82  39  23  60  56  33  4  13  74  69  5  87  29  83  68  30  62  22  36  38
   7  26  23  6  49  31  35  59  36  1  15  25  18  86  13  73  78  45  30  21  22  69  71  16  83  47  67  2  34  46  24  27  43  50  80  38  28  12  11  65  61  74  66  72  19  68  8  53  40  82  51  14  9  20  54  79  29  4  33  42  60  81  70  44  52  3  85  37  87  55  41  77  58  84  57  17  48  75  63  39  56  5  64  62  32  76  10
   7  35  71  10  25  84  82  11  12  30  42  75  6  68  57  81  66  36  77  34  3  83  15  31  87  52  65  23  67  73  55  32  8  38  37  62  45  29  22  85  76  17  49  56  28  63  13  1  5  79  74  70  24  4  41  44  46  43  16  39  60  26  40  51  14  61  48  58  80  18  27  21  64  54  59  19  53  20  69  47  9  78  86  50  2  33  72
   7  40  76  2  75  9  26  85  28  71  37  8  33  36  15  73  23  17  59  32  43  55  60  25  3  68  58  39  83  42  62  11  12  5  54  67  65  79  70  44  48  20  38  1  82  49  13  87  14  80  63  4  61  18  52  81  56  53  74  16  66  72  30  57  46  34  29  64  86  21  31  50  6  47  27  78  77  84  35  22  24  10  19  45  41  69  51
   7  42  40  30  24  67  79  31  45  5  6  37  57  78  77  13  36  49  86  17  84  81  73  80  83  59  29  10  26  54  21  47  64  74  51  14  16  60  56  61  72  18  50  8  35  76  27  1  69  58  87  70  4  12  75  43  2  20  65  34  38  53  62  44  22  15  3  9  63  11  71  33  82  68  32  85  39  23  48  19  52  25  55  46  41  28  66
   7  52  40  81  56  60  82  37  1  19  15  74  26  43  85  75  78  36  10  21  55  87  13  79  77  4  31  54  67  73  23  33  83  84  12  86  80  28  48  24  71  63  62  64  45  29  20  44  51  14  49  38  35  2  72  5  66  11  76  46  6  50  18  3  8  65  16  53  25  34  59  39  32  61  27  58  70  57  22  41  69  30  9  17  47  42  68
   7  60  47  70  19  18  2  43  16  28  32  57  24  76  8  1  11  65  80  69  66  35  23  40  64  55  73  82  67  12  68  51  14  83  34  62  33  29  30  25  54  36  22  48  53  10  59  61  9  39  74  46  49  41  3  71  31  6  4  50  72  85  37  44  58  13  75  21  63  79  56  77  27  38  17  81  87  26  45  15  5  52  84  78  86  42  20
   7  63  27  3  37  82  24  47  53  62  58  6  20  33  71  81  80  54  5  79  74  35  85  29  4  86  64  2  67  87  75  11  32  51  14  26  68  50  42  40  30  70  77  48  56  28  55  44  25  12  9  34  1  17  65  23  66  57  16  18  59  60  45  49  84  13  31  15  8  36  41  21  78  19  73  38  69  52  22  83  39  76  10  43  46  61  72
   7  63  76  65  69  29  22  24  51  14  59  46  11  34  67  85  27  52  5  74  6  43  15  77  25  19  40  38  26  50  57  83  39  30  62  37  79  87  18  35  32  84  53  64  56  2  41  47  33  17  12  61  1  60  72  31  8  4  71  86  3  73  82  49  78  21  75  58  80  42  20  81  66  36  16  54  70  28  68  44  45  55  10  9  23  13  48
   7  69  64  58  66  9  8  51  14  30  37  15  28  53  26  49  29  4  1  18  75  47  85  31  34  84  22  3  21  12  57  44  65  70  11  46  32  20  5  61  40  23  35  72  62  77  33  81  52  6  45  86  78  76  10  16  56  38  74  83  41  42  19  43  36  25  80  50  60  2  54  13  17  71  73  87  48  68  79  55  39  67  63  82  27  59  24
   7  70  22  18  16  50  8  51  14  11  80  30  75  53  86  56  40  20  39  38  77  71  82  43  2  59  74  57  31  10  65  81  46  69  35  21  48  58  60  85  67  62  76  32  63  36  28  33  83  68  45  5  6  27  79  13  72  4  12  25  29  1  19  47  73  49  42  78  66  34  41  44  61  15  24  54  3  9  87  23  55  84  37  26  17  52  64
   7  76  41  74  51  14  38  9  43  12  17  59  29  20  52  35  56  75  63  39  6  81  73  80  5  77  24  54  65  68  67  25  53  1  79  58  87  47  36  83  18  28  84  8  69  86  61  23  49  45  70  26  32  27  64  21  48  34  16  78  33  71  72  44  22  15  13  31  40  37  3  55  57  10  4  19  50  30  46  85  11  60  82  2  42  62  66
   7  86  52  2  19  74  5  35  30  11  87  62  8  45  60  16  13  12  51  14  57  47  34  83  66  75  73  65  85  50  32  9  59  37  39  61  55  26  53  29  41  46  56  72  79  4  22  33  80  76  40  69  70  3  48  21  67  20  78  81  24  49  63  15  77  25  58  38  10  82  18  44  23  31  17  6  54  1  43  71  64  68  36  42  27  84  28
   8  5  53  86  65  37  57  33  41  52  16  73  39  9  79  19  18  30  20  46  56  23  12  29  21  14  87  13  54  42  48  64  62  84  26  58  59  2  76  71  55  11  50  24  85  81  72  35  75  36  40  74  77  82  7  44  63  4  51  45  66  28  70  25  43  1  69  6  15  60  83  31  38  3  68  49  27  10  34  61  32  47  22  78  80  67  17
   8  9  33  13  79  62  39  57  63  34  47  26  22  55  40  87  21  58  19  49  12  5  17  67  64  50  31  38  74  25  23  77  35  45  66  54  81  70  14  56  82  10  48  32  1  4  29  44  43  52  16  30  83  15  46  41  28  71  73  78  24  84  51  7  86  27  75  65  76  68  72  3  85  53  61  18  80  20  2  37  60  36  6  69  42  59  11
   8  11  54  30  34  82  67  37  15  12  23  73  9  50  56  39  25  46  48  70  64  63  26  57  24  86  36  85  80  17  10  44  51  20  32  42  62  21  47  27  87  29  52  16  3  19  28  7  66  79  71  2  31  58  40  72  77  35  49  5  83  84  61  45  53  41  81  38  55  4  22  75  43  76  74  1  78  18  60  33  14  68  59  6  69  65  13
   8  12  9  50  61  60  55  7  15  41  43  70  80  39  53  44  1  18  66  62  74  57  49  87  67  73  5  65  84  28  64  69  47  35  86  13  29  36  75  33  20  76  23  48  4  38  51  45  68  10  72  37  3  21  14  17  81  26  63  25  34  83  58  59  2  79  77  46  31  52  16  40  30  85  19  78  32  11  54  27  56  42  24  82  22  6  71
   8  12  31  6  83  60  33  73  81  63  21  26  80  17  75  44  23  62  22  18  30  79  71  65  45  7  27  87  84  28  64  3  25  13  42  35  51  36  53  55  20  76  1  48  4  82  29  67  68  54  72  59  69  43  58  39  15  70  41  47  78  61  14  37  46  57  11  2  9  52  16  40  74  19  85  34  32  77  10  5  56  86  24  38  66  50  49
   8  12  53  50  17  60  11  51  59  85  87  70  80  83  9  44  45  18  66  62  74  13  5  43  23  29  49  21  84  28  64  25  3  79  86  57  73  36  31  77  20  76  67  48  4  38  7  1  68  10  72  81  47  65  14  61  37  26  19  69  34  39  58  15  2  35  33  46  75  52  16  40  30  41  63  78  32  55  54  71  56  42  24  82  22  6  27
   8  15  13  51  86  77  79  44  4  12  74  42  32  28  22  19  84  62  72  6  73  31  2  43  54  3  17  18  21  52  16  29  56  76  35  23  68  67  11  61  27  70  24  40  7  36  64  81  14  53  37  63  58  82  45  1  59  78  30  10  80  49  83  55  85  9  34  38  87  60  65  71  57  46  33  26  41  50  25  48  66  47  39  75  20  5  69
   8  17  16  46  25  57  24  34  54  20  33  39  65  63  32  14  42  67  62  74  28  1  41  4  47  51  73  35  71  87  40  37  22  15  50  11  75  56  70  5  82  53  36  80  9  38  49  26  12  31  55  6  59  66  81  84  43  27  79  29  7  3  48  85  45  72  30  18  23  86  58  76  19  21  83  77  64  10  78  68  13  69  2  60  61  52  44
   8  19  10  61  6  28  41  85  66  84  59  58  79  29  82  83  7  4  40  9  1  43  68  47  27  36  53  46  80  87  22  49  39  63  71  38  23  60  15  44  33  52  16  64  11  42  18  24  78  30  76  86  26  13  72  77  45  17  5  54  56  34  20  35  51  21  62  65  3  50  48  31  25  55  12  74  70  2  67  81  32  14  75  37  69  73  57
   8  31  9  25  33  45  52  16  41  46  48  38  64  74  7  53  35  20  18  42  30  3  83  77  24  75  28  62  66  26  40  59  54  86  60  21  85  47  58  27  63  12  32  72  23  82  36  79  13  81  22  37  67  84  43  39  11  76  19  6  51  1  29  73  70  69  87  2  57  50  56  65  10  68  49  14  15  4  78  44  71  55  34  17  80  5  61
   8  31  55  35  57  18  17  79  41  78  25  70  66  33  40  65  43  14  85  71  12  27  39  45  64  6  9  82  30  47  1  11  13  67  22  10  15  26  58  56  38  54  48  32  23  4  51  44  21  52  16  74  61  81  2  63  28  49  7  34  24  84  29  73  42  5  53  87  76  68  72  69  19  75  83  62  80  20  46  59  60  36  50  3  86  37  77
   8  37  79  73  42  55  13  44  4  12  30  86  32  28  66  41  84  18  72  50  51  53  46  65  10  25  83  62  87  52  16  7  56  76  57  45  68  1  33  39  49  26  24  40  29  36  64  59  58  31  15  85  14  38  23  67  81  34  74  54  80  27  17  77  63  75  78  82  21  60  43  5  35  2  11  70  19  6  3  48  22  69  61  9  20  71  47
   8  39  16  2  47  79  24  78  10  20  55  17  87  41  32  58  86  45  18  30  28  23  63  4  25  29  7  13  49  65  40  59  66  81  6  77  53  56  26  27  38  75  36  80  31  82  71  70  12  9  33  50  37  22  15  84  21  5  57  51  73  69  48  19  67  72  74  62  1  42  14  76  85  43  61  11  64  54  34  68  35  3  46  60  83  52  44
   8  41  54  39  50  28  19  63  22  84  81  14  13  7  38  17  29  4  40  75  67  65  68  69  49  36  31  2  80  21  66  27  61  85  5  82  45  60  37  44  11  52  16  64  33  86  62  24  34  74  76  42  70  79  72  55  23  83  71  10  56  78  20  57  73  87  18  43  25  6  48  53  3  77  12  30  26  46  1  59  32  58  9  15  47  51  35
   8  49  9  86  21  81  13  77  85  52  16  29  83  53  35  63  18  30  20  46  56  67  12  73  65  14  43  57  54  42  48  64  62  84  26  58  15  2  76  27  11  55  50  24  41  37  72  79  31  36  40  74  33  82  51  44  19  4  7  1  66  28  70  69  87  45  25  6  59  60  39  75  38  47  68  5  71  10  34  17  32  3  22  78  80  23  61
   8  53  75  3  11  23  52  16  19  2  48  82  64  30  29  31  57  20  62  86  74  25  17  55  24  9  28  18  22  70  40  81  10  42  60  87  63  69  14  49  85  12  32  72  45  38  36  13  79  59  66  15  1  84  65  61  33  76  41  50  73  67  7  51  26  47  21  46  35  6  56  43  54  68  27  58  37  4  34  44  5  77  78  83  80  71  39
   8  53  77  57  35  62  83  13  19  34  3  26  22  11  40  43  65  58  63  5  12  49  61  23  64  50  75  38  74  69  67  33  79  1  66  54  37  70  14  56  82  10  48  32  45  4  73  44  87  52  16  30  39  59  46  85  28  27  29  78  24  84  7  51  86  71  31  21  76  68  72  47  41  9  17  18  80  20  2  81  60  36  6  25  42  15  55
   8  55  54  30  34  82  23  81  59  12  67  29  53  50  56  83  69  46  48  70  64  19  26  13  24  86  36  41  80  61  10  44  7  20  32  42  62  65  3  71  43  73  52  16  47  63  28  51  66  35  27  2  75  58  40  72  33  79  5  49  39  84  17  1  9  85  37  38  11  4  22  31  87  76  74  45  78  18  60  77  14  68  15  6  25  21  57
   8  59  57  7  86  33  35  44  4  12  74  42  32  28  22  63  84  62  72  6  29  75  2  87  54  47  61  18  65  52  16  73  56  76  79  67  68  23  55  17  71  70  24  40  51  36  64  37  14  9  81  19  58  82  1  45  15  78  30  10  80  5  39  11  41  53  34  38  43  60  21  27  13  46  77  26  85  50  69  48  66  3  83  31  20  49  25
   8  61  16  46  69  13  24  34  54  20  77  83  21  19  32  14  42  23  62  74  28  45  85  4  3  7  29  79  27  43  40  81  22  59  50  55  31  56  70  49  82  9  36  80  53  38  5  26  12  75  11  6  15  66  37  84  87  71  35  73  51  47  48  41  1  72  30  18  67  86  58  76  63  65  39  33  64  10  78  68  57  25  2  60  17  52  44
   8  63  10  17  6  28  85  41  66  84  15  58  35  73  82  39  51  4  40  53  45  87  68  3  71  36  9  46  80  43  22  5  83  19  27  38  67  60  59  44  77  52  16  64  55  42  18  24  78  30  76  86  26  57  72  33  1  61  49  54  56  34  20  79  7  65  62  21  47  50  48  75  69  11  12  74  70  2  23  37  32  14  31  81  25  29  13
   8  75  11  79  13  18  61  35  85  78  69  70  66  77  40  21  87  14  41  27  12  71  83  1  64  6  53  82  30  3  45  55  57  23  22  10  59  26  58  56  38  54  48  32  67  4  7  44  65  52  16  74  17  37  2  19  28  5  51  34  24  84  73  29  42  49  9  43  76  68  72  25  63  31  39  62  80  20  46  15  60  36  50  47  86  81  33
   8  83  16  2  3  35  24  78  10  20  11  61  43  85  32  58  86  1  18  30  28  67  19  4  69  73  51  57  5  21  40  15  66  37  6  33  9  56  26  71  38  31  36  80  75  82  27  70  12  53  77  50  81  22  59  84  65  49  13  7  29  25  48  63  23  72  74  62  45  42  14  76  41  87  17  55  64  54  34  68  79  47  46  60  39  52  44
   8  85  54  83  50  28  63  19  22  84  37  14  57  51  38  61  73  4  40  31  23  21  68  25  5  36  75  2  80  65  66  71  17  41  49  82  1  60  81  44  55  52  16  64  77  86  62  24  34  74  76  42  70  35  72  11  67  39  27  10  56  78  20  13  29  43  18  87  69  6  48  9  47  33  12  30  26  46  45  15  32  58  53  59  3  7  79
   9  2  66  86  8  14  48  53  18  77  40  26  21  43  10  72  64  76  25  74  11  41  30  5  78  13  70  23  65  38  71  79  34  51  45  27  24  62  52  59  61  42  60  16  81  84  36  55  69  12  83  19  58  85  1  67  80  68  28  7  75  39  37  73  31  63  54  50  22  6  15  44  3  57  56  82  29  87  49  17  33  20  35  46  47  4  32
   9  10  4  78  37  70  19  45  26  77  49  42  48  83  52  8  67  28  53  18  23  73  6  69  22  21  31  71  59  14  16  87  13  35  25  3  33  46  43  75  15  34  72  80  1  68  66  55  40  60  64  51  2  29  24  27  61  76  50  79  56  63  81  57  11  7  62  74  38  30  86  44  17  65  47  58  82  39  5  41  32  12  84  54  85  20  36
   9  28  4  69  63  12  45  25  7  39  32  50  66  79  68  15  54  60  74  57  72  35  56  51  5  36  47  46  24  85  23  77  14  52  22  70  49  76  37  40  27  83  84  48  19  41  8  44  64  38  34  78  53  18  3  1  58  55  17  62  86  10  2  71  11  13  73  81  33  42  59  43  31  65  75  82  87  29  20  61  16  6  80  21  67  26  30
   9  33  84  2  22  70  37  23  5  36  32  43  55  62  59  29  73  50  7  34  71  13  67  83  77  82  66  79  41  51  46  44  58  60  4  38  42  63  1  81  31  87  39  48  24  57  74  21  14  61  25  6  45  86  69  40  27  17  80  15  75  76  56  47  16  35  78  26  72  12  20  49  64  52  30  3  65  54  8  11  10  28  53  18  85  19  68
   9  46  3  43  20  83  70  24  16  60  61  2  68  4  13  63  54  51  32  30  48  87  56  55  76  86  11  82  66  36  67  17  81  28  8  15  1  77  25  57  71  79  34  64  37  85  80  69  40  7  22  39  35  58  26  53  18  78  23  42  62  52  45  27  31  65  29  14  19  41  47  59  12  6  73  10  72  74  33  44  5  21  49  75  38  84  50
   9  46  17  58  63  65  45  13  84  39  57  7  86  10  67  31  50  83  26  27  66  51  41  8  69  73  61  78  6  34  56  85  5  14  40  74  36  28  77  71  3  70  22  80  37  12  48  43  64  30  53  18  87  76  82  1  75  68  55  54  52  79  2  44  4  29  59  35  49  33  15  11  62  20  23  47  24  21  81  25  72  19  32  42  16  60  38
   9  52  73  2  37  86  78  5  8  36  16  23  56  60  48  39  77  71  40  51  22  45  17  64  32  33  31  30  61  28  12  53  18  69  6  42  55  75  26  7  82  84  66  24  43  38  13  3  87  25  70  34  63  15  29  41  65  58  68  14  80  59  35  44  62  67  21  27  81  1  72  11  85  74  47  79  49  46  83  57  19  4  20  50  10  54  76
   9  57  32  53  18  11  35  44  62  28  83  54  13  36  26  37  40  42  69  58  59  65  6  5  49  29  71  86  23  4  55  75  15  60  7  17  22  61  25  3  76  2  51  64  48  84  67  79  10  43  1  81  68  30  70  39  16  50  66  38  20  63  80  33  31  87  78  74  82  52  47  41  27  34  8  46  72  14  45  24  12  73  77  21  85  19  56
   9  86  47  2  53  18  54  39  80  29  40  38  14  82  48  44  3  35  22  6  15  63  32  7  83  76  13  73  24  21  71  45  78  11  56  85  87  58  81  33  34  46  10  16  77  4  59  37  64  20  28  5  43  65  23  57  62  79  61  1  8  50  36  27  31  41  60  30  25  17  52  72  55  68  67  70  51  19  49  75  69  12  26  42  66  84  74
   10  4  39  35  41  45  65  44  80  58  73  34  43  38  66  51  11  25  12  30  32  1  40  83  56  36  78  2  53  54  20  13  5  74  72  71  62  15  68  85  19  69  57  24  82  31  6  9  17  77  61  7  33  60  16  49  81  52  76  50  63  46  3  55  37  23  79  14  21  59  70  47  87  84  26  42  18  28  75  64  22  27  48  67  8  86  29
   10  28  66  58  82  4  45  3  9  43  83  38  59  52  55  24  76  57  1  54  20  65  47  75  12  2  32  81  13  63  6  41  15  73  51  53  68  36  80  5  27  60  77  64  18  30  26  33  49  34  7  21  48  11  70  37  31  29  8  17  85  84  35  39  40  87  71  46  22  19  67  44  16  42  78  86  72  61  56  79  62  50  69  74  23  14  25
   10  38  37  51  56  2  64  35  36  83  73  86  69  7  25  29  5  14  55  71  39  19  77  9  30  62  58  50  79  33  78  15  45  6  3  26  70  42  80  44  32  87  21  16  28  13  53  72  27  84  31  82  66  76  34  11  81  43  8  74  1  12  75  61  48  85  24  63  54  20  18  49  52  41  22  46  40  57  17  23  59  4  65  67  60  68  47
   10  75  55  86  68  71  3  21  58  2  30  1  80  27  46  15  79  12  13  54  20  9  64  49  4  76  74  53  7  36  87  44  56  34  17  50  73  60  57  51  37  25  72  40  65  11  16  23  22  18  24  82  42  52  67  48  84  26  78  29  43  38  47  85  5  31  35  62  14  6  66  83  19  81  39  41  63  28  77  33  8  69  59  70  32  45  61
   10  76  32  62  64  49  56  83  19  31  48  61  13  84  58  33  85  11  43  81  41  47  52  44  70  37  60  42  77  4  73  35  54  20  53  14  7  82  40  9  8  68  63  72  66  74  17  21  55  12  28  38  80  50  87  71  24  46  34  2  23  3  39  16  27  25  22  65  30  1  78  29  57  86  18  69  59  45  36  15  79  75  5  6  67  26  51
   11  10  13  78  32  86  36  25  5  75  17  74  42  30  3  44  48  45  84  58  65  81  52  9  7  60  4  31  33  27  61  83  53  77  63  59  51  62  46  55  22  34  70  8  87  68  73  35  43  76  82  19  40  71  64  23  18  1  24  39  29  14  66  85  57  15  16  26  69  47  67  80  56  12  41  2  50  37  72  21  49  28  79  54  6  20  38
   11  19  18  61  78  28  76  85  26  84  72  58  45  29  5  83  56  4  20  9  51  43  62  47  3  36  48  46  25  87  12  49  70  63  67  38  32  60  75  44  69  52  57  64  8  42  10  24  6  30  41  86  66  13  59  77  79  17  82  54  7  34  40  35  1  21  68  65  27  50  53  31  80  55  22  74  39  2  71  81  23  14  15  37  33  73  16
   11  26  69  62  48  30  76  65  13  19  9  34  74  78  43  44  72  29  60  10  81  17  12  41  71  68  28  63  33  35  53  75  85  77  23  83  27  38  14  55  22  18  6  56  15  36  49  3  59  4  2  67  16  79  8  7  82  73  80  31  5  54  66  45  25  39  24  50  21  87  51  32  40  84  1  58  42  61  64  37  57  20  47  70  86  52  46
   11  42  37  46  64  62  28  17  21  51  1  82  18  38  83  44  8  13  36  50  9  41  60  73  47  76  52  7  33  43  45  67  29  77  71  19  3  14  70  55  22  2  30  16  31  4  25  59  75  20  10  27  80  87  40  79  58  57  48  23  69  6  66  5  81  63  32  74  61  39  35  72  24  68  49  26  34  85  56  53  65  12  15  86  78  84  54
   11  43  50  13  70  68  84  21  82  28  24  34  37  61  53  35  48  60  36  25  83  51  6  23  67  12  16  30  1  7  4  9  38  87  59  86  40  20  3  44  45  76  41  80  32  58  18  8  46  54  65  14  66  85  27  77  63  57  42  62  39  26  72  19  81  29  52  73  75  2  69  47  56  55  22  10  79  74  31  49  15  78  71  5  33  17  64
   11  58  5  30  80  6  68  57  29  83  81  42  50  86  35  44  32  85  12  2  25  65  20  17  23  84  76  39  33  51  37  59  61  77  31  43  67  78  38  55  22  74  54  64  47  60  1  27  3  36  18  75  56  7  72  63  34  41  16  15  45  46  66  53  49  87  40  10  13  79  19  24  8  52  9  82  26  21  48  69  73  4  71  14  70  28  62
   11  67  82  53  62  20  4  45  50  60  64  10  29  5  13  75  40  28  52  41  27  59  38  87  43  76  72  14  65  15  84  57  6  23  51  46  48  68  19  44  21  12  25  8  56  74  26  80  86  78  1  30  66  69  83  77  47  9  2  70  71  18  16  3  73  37  36  81  35  42  85  63  32  55  22  34  31  58  79  17  7  54  39  61  33  49  24
   11  74  61  14  8  38  20  9  37  27  73  2  82  46  75  44  56  69  76  42  41  1  68  49  87  4  12  71  33  59  29  51  5  77  79  67  43  54  6  55  22  58  78  24  63  28  65  83  19  52  26  35  32  15  16  47  10  25  72  7  21  86  66  13  17  23  48  34  53  31  3  64  80  36  57  50  18  45  40  85  81  84  39  30  62  60  70
   11  82  45  6  16  54  84  73  85  43  25  26  10  70  51  44  24  61  20  18  49  57  4  65  31  52  68  87  33  19  69  3  21  77  15  35  75  86  78  55  22  50  46  48  71  12  9  67  27  60  74  59  64  63  32  39  42  17  56  47  53  62  66  37  1  79  8  2  29  7  83  40  72  28  81  34  58  13  80  5  41  36  23  38  14  76  30
   11  83  74  21  86  76  68  61  58  52  32  82  53  85  45  43  64  36  4  81  19  35  30  71  27  60  80  62  49  79  20  1  14  39  75  78  24  12  59  44  5  28  73  48  72  26  2  40  54  6  17  70  66  29  3  77  7  65  34  46  63  42  8  51  9  13  84  57  67  10  37  15  16  55  22  50  87  18  23  25  31  38  47  69  33  41  56
   12  10  51  69  21  70  73  37  22  45  46  18  63  25  16  3  79  50  29  65  8  5  48  7  42  58  14  78  60  55  66  41  80  34  23  30  85  62  31  44  76  9  17  32  86  59  19  56  24  36  40  54  28  20  47  77  83  53  39  38  43  68  33  67  1  27  11  49  82  84  6  87  81  71  2  26  35  15  61  57  74  52  72  13  64  4  75
   12  15  81  42  65  36  82  55  48  38  5  7  70  4  32  85  76  28  80  2  6  23  8  51  72  60  87  35  40  69  63  64  73  54  17  14  29  25  62  49  26  45  56  24  3  27  43  13  61  59  10  30  68  52  18  44  78  31  37  67  66  74  33  47  39  1  19  50  75  58  53  9  79  86  11  71  16  84  41  83  57  46  22  34  20  77  21
   12  34  78  38  68  84  25  75  49  42  83  53  85  14  47  33  16  43  51  17  23  65  26  44  9  73  8  74  20  30  67  3  15  29  69  54  18  19  45  41  31  50  1  64  22  4  6  37  62  57  77  46  82  63  70  79  76  60  71  58  13  11  56  24  27  87  66  81  48  61  55  5  40  28  32  21  72  52  80  39  10  2  7  86  59  36  35
   12  36  21  62  28  4  40  65  53  79  42  34  23  73  57  44  14  54  86  10  6  39  11  41  49  87  48  63  2  84  13  75  8  61  74  83  80  20  72  55  66  52  81  56  24  26  71  3  51  30  33  67  1  19  85  7  64  78  27  31  47  29  22  45  46  17  15  50  69  68  59  32  76  35  16  58  9  77  82  37  43  38  5  70  60  18  25
   12  54  29  3  43  26  7  59  66  67  2  62  41  47  16  69  57  6  51  87  8  27  48  73  86  14  58  34  60  33  22  63  80  78  1  74  19  18  9  44  76  31  39  32  42  37  85  56  24  36  40  10  28  20  25  11  61  75  17  82  21  68  55  45  23  5  77  71  38  84  50  65  15  49  46  70  13  81  83  79  30  52  72  35  64  4  53
   12  59  37  42  21  36  82  11  48  38  49  51  70  4  32  41  76  28  80  2  6  67  8  7  72  60  43  79  40  25  19  64  29  54  61  14  73  69  62  5  26  1  56  24  47  71  87  57  17  15  10  30  68  52  18  44  78  75  81  23  66  74  77  3  83  45  63  50  31  58  9  53  35  86  55  27  16  84  85  39  13  46  22  34  20  33  65
   12  78  34  82  68  84  3  9  27  86  17  31  63  58  69  11  16  65  73  83  45  43  70  44  75  51  8  30  20  74  1  25  37  7  47  10  62  41  23  19  53  6  67  64  66  4  50  15  18  35  55  2  38  85  26  13  76  60  5  14  79  33  56  24  49  21  22  59  48  39  77  71  40  28  32  87  72  52  80  61  54  46  29  42  81  36  57
   12  78  34  82  68  84  47  53  71  86  61  75  19  58  25  55  16  21  29  39  1  87  70  44  31  7  8  30  20  74  45  69  81  51  3  10  62  85  67  63  9  6  23  64  66  4  50  59  18  79  11  2  38  41  26  57  76  60  49  14  35  77  56  24  5  65  22  15  48  83  33  27  40  28  32  43  72  52  80  17  54  46  73  42  37  36  13
   12  79  60  80  73  71  45  63  30  46  76  21  18  68  6  1  25  70  32  72  58  54  2  38  61  4  64  43  37  48  13  3  51  52  65  56  28  20  5  77  34  9  40  87  75  8  27  7  14  16  42  24  57  41  11  66  69  19  81  86  62  17  55  15  29  33  85  49  26  83  23  44  50  39  74  84  36  35  22  31  59  67  82  10  53  78  47
   13  9  61  8  74  17  46  25  31  42  77  67  19  20  7  87  26  18  33  16  59  34  3  50  62  84  65  45  38  40  14  85  52  36  66  32  29  68  6  11  35  79  41  1  76  80  28  81  15  72  43  64  58  47  12  22  70  69  82  2  63  71  56  73  30  55  86  39  27  5  24  44  51  49  75  4  37  53  23  57  60  21  83  78  54  10  48
   13  15  56  70  22  67  40  57  26  18  31  53  52  23  86  3  79  20  27  46  1  37  7  45  38  68  66  81  39  60  43  44  83  42  33  10  72  12  47  63  24  5  65  8  2  55  11  75  84  74  71  34  82  28  6  80  16  58  62  41  51  78  73  17  4  59  48  30  36  54  50  87  19  69  35  61  64  76  21  77  85  49  29  14  25  9  32
   13  28  51  62  57  26  58  67  17  60  19  9  79  12  84  65  16  1  29  85  74  75  35  48  47  55  32  50  83  76  49  59  23  27  21  70  61  37  4  41  46  52  68  40  15  34  63  5  3  71  42  86  72  25  56  39  64  38  80  82  11  69  8  44  66  53  87  45  24  31  81  77  43  6  20  73  30  18  10  7  33  36  14  54  78  2  22
   13  34  84  54  73  62  47  65  18  33  61  2  40  71  36  80  87  60  57  26  43  37  38  41  22  1  35  83  7  30  72  67  9  31  85  63  77  86  23  79  51  10  16  8  21  20  66  11  48  28  24  15  42  81  64  39  49  12  82  75  32  3  29  53  55  59  70  58  6  14  46  44  5  45  19  74  50  27  17  69  56  76  4  78  25  68  52
   13  42  66  46  80  30  40  57  26  33  48  18  1  23  34  16  24  12  85  58  55  69  14  17  54  9  62  43  45  6  83  75  10  15  65  39  64  70  36  7  49  2  28  72  29  4  52  11  41  76  71  47  74  25  21  87  8  20  60  59  79  27  73  37  35  3  78  82  22  38  51  44  63  53  32  50  81  67  61  5  77  68  31  86  19  84  56
   13  46  19  42  57  26  78  27  8  81  48  6  30  50  40  44  63  31  22  38  51  3  56  59  71  12  9  37  64  1  83  65  54  55  32  25  67  74  29  77  10  86  34  72  33  84  7  73  24  68  60  17  23  45  43  53  70  75  49  21  80  82  52  39  35  69  28  14  85  5  36  16  11  20  87  62  15  47  61  79  41  76  18  2  66  4  58
   13  77  4  42  22  62  73  43  17  52  56  23  11  70  7  81  37  82  59  10  83  9  87  71  33  50  66  75  69  15  86  44  74  28  84  6  2  3  21  29  35  67  27  40  64  53  58  1  30  49  85  38  65  46  41  48  39  5  8  51  79  12  32  19  72  31  54  18  16  76  68  61  24  36  14  63  45  78  80  55  34  60  57  26  25  47  20
   13  78  24  18  32  49  21  45  71  47  74  31  43  82  55  87  4  3  34  19  68  75  35  48  41  9  79  6  86  50  39  37  56  62  57  26  80  36  16  63  8  46  30  40  65  28  25  27  15  70  61  42  20  60  1  17  54  12  83  38  58  23  2  44  66  53  81  67  29  33  69  11  14  76  72  7  85  5  64  73  84  59  77  10  51  52  22
   13  78  40  27  64  3  22  56  67  52  2  34  42  68  39  15  86  75  61  70  87  71  53  55  59  54  7  74  28  84  9  25  80  36  33  79  85  77  41  1  30  23  58  32  65  37  51  29  76  31  46  47  8  18  69  21  12  6  45  10  38  4  16  19  24  49  72  62  60  81  11  35  66  14  83  82  57  26  48  44  17  5  73  43  63  20  50
   14  4  22  46  62  76  63  57  83  25  81  18  65  20  77  16  36  27  19  58  28  3  13  17  52  38  80  43  71  53  26  75  21  67  1  39  60  68  24  7  73  84  55  72  78  42  54  11  51  30  45  47  32  33  10  87  61  23  64  59  31  12  49  37  56  69  29  82  66  9  41  44  40  6  74  50  48  15  8  5  34  70  79  86  85  2  35
   14  12  30  6  43  52  69  17  8  9  74  10  29  60  16  48  71  59  81  42  80  75  21  73  66  70  57  19  32  5  2  27  56  3  24  7  58  28  39  87  13  76  83  40  86  82  22  11  54  46  79  31  51  33  1  63  41  47  77  67  20  36  35  45  84  53  61  26  68  49  64  44  15  62  34  18  85  23  25  37  4  78  72  38  65  50  55
   14  17  77  50  60  29  57  47  46  38  42  19  24  73  82  21  5  52  71  58  28  83  72  51  76  36  86  39  45  68  69  44  8  30  59  70  67  84  27  1  87  35  48  56  3  33  40  85  66  78  16  62  6  20  41  32  12  54  74  23  25  18  13  31  7  61  49  34  2  26  22  81  9  43  37  75  53  4  55  11  64  79  65  10  80  63  15
   14  18  43  45  8  38  72  5  68  37  23  50  35  1  79  67  51  2  33  73  81  53  11  39  42  34  46  70  49  55  74  65  19  26  13  54  10  6  24  44  80  25  3  40  4  27  83  48  29  12  17  62  22  36  30  77  87  69  64  86  63  52  61  59  32  75  16  9  58  28  78  7  20  31  66  82  56  71  15  41  21  76  47  85  84  60  57
   14  20  74  65  19  71  63  44  11  70  80  38  75  58  28  57  29  59  81  18  31  27  21  41  39  4  42  54  61  50  86  87  46  62  1  69  66  53  64  7  40  15  79  32  6  45  85  67  51  55  83  13  48  36  35  3  17  84  22  30  33  10  60  77  72  5  24  26  16  9  82  37  23  68  12  78  47  52  8  56  2  25  76  49  73  34  43
   14  36  80  34  72  7  8  37  53  17  32  59  27  12  46  55  75  77  69  87  31  57  20  44  10  43  84  6  11  76  23  5  58  28  83  2  1  62  56  39  64  60  9  48  22  86  15  3  33  52  4  18  24  70  25  73  16  82  30  38  41  13  81  40  29  79  66  47  42  63  74  67  71  50  78  35  21  19  68  65  49  61  51  26  85  54  45
   14  61  33  50  60  73  13  3  46  38  42  63  24  29  82  65  49  52  27  58  28  39  72  7  76  36  86  83  1  68  25  44  8  30  15  70  23  84  71  45  43  79  48  56  47  77  40  41  66  78  16  62  6  20  85  32  12  54  74  67  69  18  57  75  51  17  5  34  2  26  22  37  53  87  81  31  9  4  11  55  64  35  21  10  80  19  59
   14  76  37  49  75  63  3  44  24  46  67  30  25  18  22  1  33  35  52  42  80  19  56  81  8  68  74  38  39  58  28  71  7  86  48  29  34  21  60  31  9  79  27  16  62  61  26  83  59  55  15  45  11  84  40  51  43  20  36  70  53  82  57  77  87  85  5  2  47  65  10  13  69  12  54  6  78  4  17  72  66  73  32  41  64  50  23
   14  76  81  5  31  19  47  44  24  46  23  30  69  18  22  45  77  79  52  42  80  63  56  37  8  68  74  38  83  58  28  27  51  86  48  73  34  65  60  75  53  35  71  16  62  17  26  39  15  11  59  1  55  84  40  7  87  20  36  70  9  82  13  33  43  41  49  2  3  21  10  57  25  12  54  6  78  4  61  72  66  29  32  85  64  50  67
   15  7  24  59  30  77  29  44  74  76  21  2  51  60  14  3  8  70  27  38  69  79  10  67  23  19  1  26  9  36  33  37  25  12  41  87  66  43  71  5  68  62  85  48  80  52  53  73  46  13  31  47  84  50  58  65  56  54  22  34  4  17  16  55  81  57  42  6  78  28  49  39  45  86  72  18  32  82  75  40  20  63  11  35  83  61  64
   15  12  25  58  59  30  6  57  67  76  49  51  37  68  36  75  32  35  47  71  38  73  81  8  61  77  64  78  1  20  43  41  13  65  31  74  23  63  52  27  26  60  4  80  85  46  5  87  17  21  62  18  56  83  24  45  40  10  72  54  33  39  16  44  22  7  53  79  48  29  19  55  9  34  84  3  82  14  86  69  11  28  50  42  2  70  66
   15  18  5  13  4  21  58  40  56  12  43  62  84  36  51  17  2  85  24  50  80  57  64  33  68  26  77  78  22  60  53  87  47  76  72  25  31  11  71  7  1  73  86  48  3  83  16  27  8  41  66  65  29  38  14  59  30  42  9  70  74  28  75  45  81  79  19  82  61  39  49  69  20  10  63  46  32  6  55  44  67  35  23  37  34  52  54
   15  28  63  62  3  26  42  67  72  60  56  9  64  12  80  65  11  1  8  85  66  75  87  48  24  55  81  50  43  76  20  59  30  27  10  70  33  37  14  41  78  52  22  40  13  34  51  5  57  71  58  86  17  25  19  39  79  38  84  82  16  69  29  44  74  53  35  45  47  31  32  77  83  6  49  73  23  18  21  7  61  36  4  54  46  2  68
   15  36  48  73  32  28  50  29  65  3  7  58  18  67  69  35  54  52  34  45  55  23  53  31  77  84  79  78  43  81  87  33  27  4  76  46  8  60  40  64  39  47  70  24  21  37  68  44  59  30  17  6  75  42  16  61  66  11  12  86  38  82  26  19  80  1  72  13  41  10  51  71  56  5  83  74  62  9  22  25  85  14  57  49  63  2  20
   15  46  36  42  3  58  61  75  14  11  23  70  80  21  28  72  53  76  59  30  9  63  10  27  66  35  81  1  69  82  56  57  51  29  71  5  55  18  13  37  25  86  32  16  31  84  22  33  8  12  48  85  62  19  40  45  43  68  54  73  64  17  47  7  77  41  74  6  34  50  26  44  87  79  49  38  78  65  67  39  24  20  52  2  83  4  60
   15  47  83  19  29  50  64  63  13  70  74  38  68  33  39  73  8  78  61  31  58  75  69  37  84  46  24  42  43  23  35  11  56  59  30  18  20  82  2  48  14  62  77  40  32  60  55  44  41  76  57  10  65  49  1  87  66  9  72  26  51  28  21  17  4  53  79  7  80  52  25  45  54  3  81  6  85  36  22  27  71  12  34  67  86  5  16
   15  75  39  34  41  4  50  11  76  14  2  35  38  20  9  73  66  52  77  10  19  27  7  79  23  36  1  87  43  81  55  56  80  6  29  70  21  37  22  69  12  49  17  32  60  47  53  65  61  31  58  62  64  84  25  44  86  67  72  71  28  18  48  59  30  5  40  74  8  26  83  45  24  78  51  3  13  68  85  63  57  54  46  82  42  33  16
   15  76  36  27  17  20  75  71  41  65  24  54  22  73  84  25  2  12  6  7  32  29  64  85  67  60  49  18  40  83  9  11  82  28  66  58  23  68  3  8  45  21  52  80  61  39  72  44  48  34  86  42  59  30  5  31  38  33  87  74  26  46  62  1  77  51  63  47  55  70  69  13  81  79  37  78  57  19  4  43  56  10  16  35  53  14  50
   15  85  24  74  66  57  80  59  30  14  29  7  60  13  18  17  37  84  65  26  35  63  69  79  10  4  22  19  45  76  9  44  1  62  11  86  56  68  61  5  48  87  75  16  70  77  33  73  36  38  21  46  54  12  34  72  32  6  58  27  25  2  3  67  52  41  8  82  28  42  78  53  49  39  81  23  40  20  31  55  71  43  47  50  83  51  64
   16  11  86  38  2  10  35  85  63  68  79  25  73  34  24  23  17  70  8  30  40  71  74  81  48  62  28  5  72  1  42  44  3  84  64  18  14  53  39  43  31  69  60  32  83  27  12  47  66  15  87  26  7  50  80  56  77  59  65  21  67  36  45  13  29  49  41  54  55  52  22  51  75  20  82  57  46  58  76  33  6  4  19  78  61  9  37
   16  19  81  47  62  33  59  44  52  68  82  18  64  12  22  71  36  14  56  78  69  51  26  31  86  39  45  58  9  60  32  25  24  20  15  35  4  79  55  1  87  30  48  80  3  28  40  85  6  73  41  27  50  10  57  13  63  46  38  42  72  21  23  11  49  29  2  54  75  76  53  43  37  70  77  74  5  34  61  8  66  83  67  7  84  65  17
   16  49  86  23  34  12  27  71  22  36  41  6  37  47  54  1  69  52  80  51  35  9  4  61  65  28  7  26  72  53  66  43  45  5  21  10  13  76  85  44  11  60  32  40  33  62  14  48  2  82  20  18  30  15  56  55  79  67  87  42  24  46  84  81  25  31  58  75  17  78  8  29  83  77  68  38  74  70  57  19  64  50  73  63  39  3  59
   16  51  11  15  37  58  45  59  5  46  61  30  66  77  80  53  31  6  49  43  68  87  67  57  40  78  29  10  38  83  13  55  81  79  22  42  19  74  50  24  54  86  8  64  35  52  47  44  9  60  32  82  1  85  26  27  12  21  3  2  48  36  25  69  18  65  73  75  20  4  56  17  71  7  23  14  72  84  70  63  76  28  34  39  62  41  33
   16  63  37  3  62  77  15  44  52  68  82  18  64  12  22  27  36  14  56  78  25  7  26  75  86  83  1  58  53  60  32  69  24  20  59  79  4  35  11  45  43  30  48  80  47  28  40  41  6  29  85  71  50  10  13  57  19  46  38  42  72  65  67  55  5  73  2  54  31  76  9  87  81  70  33  74  49  34  17  8  66  39  23  51  84  21  61
   16  68  51  78  23  76  77  69  85  27  9  74  72  45  7  44  35  14  22  58  38  59  43  53  57  3  87  75  36  12  40  39  61  81  18  15  47  28  73  11  84  20  13  8  52  10  25  79  4  86  56  63  17  31  50  67  19  30  5  83  46  1  6  41  70  37  55  26  29  60  32  80  82  71  49  2  64  33  42  65  24  62  48  54  66  34  21
   16  77  42  82  46  54  13  19  41  68  57  47  7  78  24  1  39  26  8  74  40  49  30  15  48  18  28  27  72  23  86  44  69  84  64  62  58  75  17  21  9  3  60  32  61  5  12  25  22  81  65  70  73  6  80  56  11  37  87  43  45  36  67  35  51  71  63  10  33  52  66  29  53  20  38  79  2  14  76  55  50  4  85  34  83  31  59
   17  6  79  82  61  34  14  15  24  45  56  62  46  18  32  44  35  27  22  70  87  31  80  23  59  36  5  1  16  69  7  85  30  11  8  53  47  2  65  33  74  38  58  40  77  76  43  21  72  28  4  29  3  25  63  49  78  71  37  41  64  26  68  51  39  9  84  86  57  81  20  48  55  60  19  54  67  75  73  83  13  52  10  50  66  12  42
   17  14  32  15  16  31  22  80  47  68  50  58  82  28  51  67  38  71  73  78  19  59  49  11  23  30  43  2  84  76  5  53  64  20  77  83  57  33  13  69  46  3  42  8  85  1  87  65  52  27  6  75  24  10  9  41  36  62  25  74  70  12  48  79  72  37  40  54  4  45  55  39  66  86  7  26  61  34  56  44  29  81  21  63  35  60  18
   17  33  12  82  22  54  21  63  29  68  80  3  55  78  43  45  1  26  23  74  7  5  19  59  77  18  66  71  9  67  38  44  2  84  76  62  50  31  41  65  39  47  15  32  16  49  42  69  46  37  57  70  85  6  13  56  51  81  24  87  83  36  8  79  40  27  30  10  48  52  28  73  72  20  86  35  25  14  64  11  58  4  61  34  53  75  60
   17  38  81  2  31  25  85  5  12  15  49  23  6  58  19  39  26  59  10  51  66  67  9  64  13  1  37  30  70  74  8  53  29  46  56  42  68  4  77  7  35  54  22  24  21  52  32  3  72  86  61  34  47  36  18  41  83  60  55  14  20  71  82  44  76  45  43  27  73  33  87  11  78  28  63  79  16  69  65  57  48  75  80  50  40  84  62
   17  58  76  30  21  54  75  85  10  77  73  50  32  59  20  64  19  4  61  34  63  1  70  13  22  69  39  7  43  46  40  47  5  27  57  35  33  38  3  83  87  74  48  24  41  60  66  55  56  84  72  67  82  45  16  51  37  36  26  71  8  31  65  49  11  23  78  42  62  86  6  44  81  25  79  2  18  15  29  9  80  52  12  14  53  28  68
   18  60  79  19  65  37  73  44  56  34  17  26  51  86  66  83  11  1  4  54  40  81  72  35  48  12  70  74  69  62  36  85  53  10  24  31  6  71  52  21  43  45  41  8  42  47  46  25  57  77  13  39  33  20  64  9  49  76  84  2  87  30  67  55  5  15  63  78  29  27  38  23  7  28  82  58  50  68  3  80  22  75  16  59  32  14  61
   18  76  70  27  81  85  37  44  33  2  40  74  65  62  36  67  31  57  35  86  21  41  71  59  69  68  54  82  47  14  10  5  34  42  83  7  22  87  32  53  64  13  45  16  58  39  15  17  9  77  25  23  24  84  1  73  3  20  66  26  11  38  52  55  80  63  56  46  8  43  30  79  61  12  28  50  29  4  48  72  78  51  60  19  75  6  49
   19  7  67  2  5  52  34  55  20  6  26  15  54  84  29  69  66  60  33  42  71  87  3  59  35  28  13  75  31  85  11  24  72  78  25  30  9  41  22  17  68  21  45  64  76  83  73  53  1  51  50  14  40  36  61  44  62  79  56  43  12  58  8  63  38  65  80  82  16  74  23  57  48  46  47  39  81  4  49  27  37  86  70  10  18  77  32
   19  14  22  74  56  10  72  63  38  55  16  6  15  81  70  64  8  4  43  78  33  67  34  79  18  47  50  29  59  2  13  69  62  49  7  57  80  82  12  17  31  30  68  24  83  60  76  77  87  84  9  1  54  23  51  73  32  36  20  5  41  53  39  27  85  45  26  86  66  42  61  44  65  3  40  46  71  37  35  75  11  52  25  58  21  28  48
   19  26  72  53  80  45  66  48  37  76  30  70  14  52  57  49  58  69  35  82  73  9  3  33  5  18  17  54  68  28  47  23  56  12  55  41  43  11  87  15  10  81  78  40  7  27  61  83  84  25  74  1  32  6  67  51  4  2  59  62  42  60  64  21  8  31  24  50  20  71  77  85  22  34  13  86  63  38  16  44  79  75  39  29  65  36  46
   19  49  48  82  66  37  72  63  38  6  25  3  76  81  58  45  41  36  53  74  15  27  17  59  42  52  22  71  57  20  29  44  13  14  55  62  24  4  1  65  8  75  7  32  30  33  77  69  28  54  9  70  86  68  2  56  64  78  50  87  61  26  39  79  60  5  16  10  12  18  46  73  21  67  85  35  80  84  51  11  43  31  83  34  23  47  40
   19  68  61  50  63  38  78  37  79  20  21  47  41  4  28  7  64  15  83  43  54  69  85  16  1  33  40  46  13  84  31  5  81  53  51  82  35  27  60  87  74  76  52  72  49  70  65  75  45  9  14  58  24  23  48  57  80  42  56  86  77  67  32  44  22  3  73  59  8  25  71  11  29  2  36  39  10  6  62  17  55  12  34  18  26  30  66
   20  2  19  5  13  14  41  69  22  53  62  74  39  49  56  27  7  10  85  57  72  45  80  63  26  82  38  86  12  55  66  17  16  42  31  6  61  30  15  44  68  81  65  24  70  3  83  64  40  60  8  46  76  4  71  77  43  37  87  78  35  84  33  75  9  67  11  1  34  52  54  79  25  23  18  58  51  47  21  73  50  28  32  29  48  36  59
   20  60  13  30  76  36  8  57  37  7  26  42  31  41  73  44  38  46  70  2  54  87  11  17  1  79  80  39  18  52  29  59  72  21  50  43  16  4  32  55  66  28  25  64  40  58  23  27  19  6  33  75  9  83  61  63  48  86  67  15  71  85  22  53  62  65  47  10  5  84  3  24  68  51  56  82  81  77  34  69  35  78  45  14  12  74  49
   20  60  79  74  76  36  8  35  15  29  70  86  53  19  51  44  82  2  26  46  10  21  33  83  67  13  80  61  62  52  7  81  72  87  6  65  16  4  32  77  22  28  3  64  40  14  45  49  41  50  11  9  75  17  39  85  48  42  1  37  5  63  66  31  18  43  69  54  71  84  25  24  68  73  56  38  59  55  78  47  57  34  23  58  12  30  27
   21  4  53  34  57  54  6  41  48  84  8  83  72  52  24  3  33  19  64  31  22  17  69  32  16  77  43  70  25  36  28  65  42  73  14  10  11  87  2  75  74  20  66  56  71  30  1  7  27  29  46  50  59  35  9  37  5  18  12  62  40  79  23  44  86  39  49  63  13  61  80  55  81  26  51  67  85  78  47  45  15  68  76  58  82  38  60
   21  13  81  9  23  70  72  53  71  10  86  18  60  11  37  67  64  74  15  61  46  17  79  87  12  82  16  6  25  85  49  33  8  65  42  78  28  62  38  32  2  34  55  56  80  84  77  44  75  36  27  14  3  51  19  69  22  83  48  54  1  4  47  59  76  39  5  45  24  20  35  63  58  57  43  26  31  68  66  73  29  52  30  41  50  7  40
   21  38  32  2  72  25  61  5  47  15  18  23  83  58  55  39  20  59  82  51  76  67  43  64  73  1  87  30  78  74  63  53  16  46  65  42  48  4  80  7  40  54  62  24  17  52  81  3  31  86  85  34  12  36  49  41  6  60  19  14  26  71  10  44  66  45  9  27  13  33  37  11  70  28  8  79  29  69  56  57  68  75  77  50  35  84  22
   22  10  38  6  70  4  77  35  50  2  62  13  12  30  39  33  53  67  32  49  83  1  66  44  40  81  55  58  48  14  56  19  16  37  8  78  34  3  15  25  51  82  75  24  76  84  54  29  20  9  41  86  17  47  27  31  69  28  63  74  72  11  59  64  87  23  18  73  57  5  80  61  68  60  43  45  7  36  85  71  26  42  21  46  79  52  65
   22  18  86  46  38  60  33  63  2  74  6  41  4  54  35  77  25  15  40  53  79  37  66  44  72  5  11  34  16  78  48  87  64  49  32  70  26  23  27  45  39  42  47  8  84  28  62  17  36  69  21  14  13  67  31  3  1  68  43  10  24  55  71  80  51  59  50  61  85  9  56  57  52  20  7  81  83  12  65  75  82  58  73  30  19  76  29
   22  36  59  34  77  51  4  81  24  61  69  15  16  12  30  11  85  33  37  43  73  13  66  44  42  87  74  6  27  76  78  49  65  28  68  2  5  62  7  83  41  60  1  48  14  86  80  47  72  52  8  18  9  70  32  29  71  82  46  38  31  57  25  40  75  35  20  3  10  19  84  23  55  50  67  79  58  63  39  21  45  17  56  26  64  54  53
   22  84  79  50  33  31  68  13  56  25  73  35  8  28  70  55  81  77  57  71  53  1  66  44  10  27  26  14  63  60  6  85  5  36  12  34  41  86  75  47  37  52  61  24  62  54  40  51  80  4  48  42  21  46  16  9  19  74  78  30  43  45  29  64  87  23  76  7  82  15  20  83  11  58  39  67  18  59  3  49  17  69  72  2  32  38  65
   23  10  37  61  12  85  42  32  80  36  19  54  76  20  43  73  50  13  72  18  64  17  16  33  28  34  77  14  22  4  5  63  31  52  40  9  71  11  15  87  25  65  38  56  75  51  48  59  24  57  66  41  21  70  86  67  46  82  49  78  2  84  27  69  1  39  35  26  29  7  81  53  60  74  79  6  8  62  55  44  3  83  47  45  58  68  30
   23  31  36  25  13  45  22  16  67  46  43  38  11  74  19  53  51  20  29  42  70  3  87  77  57  75  56  62  10  26  49  59  15  86  78  21  71  47  34  27  80  12  61  72  8  82  9  79  33  81  52  37  41  84  48  39  64  76  7  6  35  1  18  73  30  69  83  2  24  50  28  65  66  68  40  14  54  4  60  44  85  55  58  17  63  5  32
   23  41  28  72  60  39  69  77  2  71  36  86  40  4  30  31  55  8  37  21  82  33  14  3  6  78  26  24  65  70  12  44  11  20  58  80  74  19  34  38  45  35  62  87  64  46  59  15  27  48  18  10  85  16  51  1  47  83  57  56  32  79  50  66  5  54  73  84  81  9  61  63  22  17  75  43  76  67  29  7  13  68  53  49  42  52  25
   24  7  48  50  31  39  72  14  74  60  55  73  63  57  8  42  38  69  10  46  84  47  79  12  9  21  87  61  81  41  32  67  66  1  62  77  5  80  34  59  70  27  20  64  71  26  15  78  36  49  33  18  45  22  23  76  85  37  17  43  65  53  56  35  3  40  2  54  25  82  86  52  13  19  29  11  16  30  58  28  83  75  6  4  51  68  44
   24  15  71  82  19  23  83  11  35  68  48  43  29  27  61  57  54  2  60  50  80  69  36  87  63  42  85  39  74  38  56  16  10  76  78  86  1  6  52  37  77  33  62  72  79  67  40  17  49  20  32  46  55  70  21  44  13  12  65  47  22  84  34  75  41  3  31  18  45  4  73  5  26  9  28  59  81  30  14  7  8  53  66  58  64  25  51
   24  23  61  43  38  77  39  44  12  36  2  82  8  84  22  35  76  54  40  62  65  71  50  19  30  75  73  10  85  68  48  21  80  52  83  47  28  3  11  29  59  78  72  32  87  20  16  1  86  5  45  79  42  26  69  25  67  14  46  74  64  81  51  55  13  49  58  70  63  4  41  15  17  6  33  34  57  18  9  56  66  31  7  27  60  37  53
   24  29  48  6  53  61  72  58  30  60  77  51  85  35  8  86  82  47  54  2  84  69  13  12  75  87  21  39  59  19  32  1  22  67  18  55  71  80  78  81  26  49  20  64  5  70  37  34  36  27  11  62  23  66  45  76  63  15  83  65  43  31  56  57  25  40  46  10  3  38  42  52  79  41  7  33  16  74  14  28  17  9  50  4  73  68  44
   24  36  5  18  73  4  11  43  67  13  63  78  64  51  49  44  69  10  66  54  2  61  37  19  47  21  81  85  76  84  16  9  75  39  38  17  65  20  71  77  60  52  3  56  12  70  87  25  28  74  40  1  31  41  86  29  45  34  35  53  58  7  42  23  50  83  33  6  27  68  48  32  46  57  79  14  8  55  30  15  80  82  72  26  22  62  59
   24  45  39  65  82  55  61  44  12  36  46  38  8  84  66  57  76  10  40  18  43  5  6  41  74  9  51  54  63  68  48  87  80  52  17  69  28  25  33  7  81  34  72  32  21  20  16  67  42  71  23  13  86  70  47  3  1  58  2  30  64  59  73  77  79  27  14  26  85  4  19  37  83  50  11  78  35  62  75  56  22  53  29  49  60  15  31
   24  47  29  16  61  49  70  11  3  17  37  2  41  84  31  57  56  80  38  67  83  55  15  85  7  10  27  64  66  18  13  44  12  68  59  8  75  69  35  50  46  53  63  1  65  42  60  73  28  40  19  78  86  72  52  87  48  5  58  32  33  9  51  22  6  34  74  4  82  79  62  25  23  71  76  45  77  21  30  81  14  20  54  39  43  36  26
   24  51  48  50  75  83  72  14  74  60  11  29  19  13  8  42  38  25  10  46  84  3  35  12  53  65  43  17  37  85  32  23  66  45  62  33  49  80  34  15  70  71  20  64  27  26  59  78  36  5  77  18  1  22  67  76  41  81  61  87  21  9  56  79  47  40  2  54  69  82  86  52  57  63  73  55  16  30  58  28  39  31  6  4  7  68  44
   24  73  48  6  9  17  72  58  30  60  33  7  41  79  8  86  82  3  54  2  84  25  57  12  31  43  65  83  15  63  32  45  22  23  18  11  27  80  78  37  26  5  20  64  49  70  81  34  36  71  55  62  67  66  1  76  19  59  39  21  87  75  56  13  69  40  46  10  47  38  42  52  35  85  51  77  16  74  14  28  61  53  50  4  29  68  44
   25  33  28  74  22  38  5  15  53  12  40  51  55  6  27  61  17  2  39  26  31  85  59  35  77  42  66  63  65  83  30  44  34  20  60  86  58  87  81  49  47  7  79  16  8  41  10  29  78  13  1  46  37  14  45  72  75  57  56  71  3  84  48  23  64  19  70  82  24  4  36  9  80  76  54  67  73  62  32  11  18  68  69  50  21  43  52
   25  37  65  86  39  36  54  77  68  82  62  29  34  4  15  63  22  28  11  46  61  45  41  73  9  60  31  57  13  47  33  64  16  10  19  58  35  3  66  27  20  23  87  24  12  49  59  79  43  81  38  74  48  52  71  44  26  53  32  1  76  30  80  69  50  67  8  6  72  14  21  75  40  42  85  5  51  84  83  17  7  2  18  78  70  55  56
   25  41  40  69  50  11  19  44  6  68  35  62  85  12  82  5  72  58  45  34  27  73  46  53  9  61  31  14  15  60  55  3  71  20  39  57  22  13  1  67  84  74  83  80  16  28  59  63  18  51  81  49  52  54  38  79  64  2  66  86  36  87  56  33  47  7  70  10  42  76  23  65  75  26  32  30  24  78  37  8  4  17  77  29  21  43  48
   26  60  18  74  61  84  59  63  40  23  62  6  35  36  80  64  25  53  31  78  48  45  83  79  22  42  87  29  72  3  54  69  16  37  32  57  70  52  41  17  43  28  85  24  34  14  66  77  50  10  65  1  13  55  71  73  7  81  11  5  12  4  21  27  68  67  19  86  76  47  56  44  9  2  38  46  51  49  15  75  20  82  8  58  39  30  33
   28  39  2  86  30  8  82  3  26  70  11  80  34  35  64  15  18  16  47  56  50  54  81  63  75  67  13  49  25  41  60  77  36  4  55  21  14  78  65  44  58  19  45  87  59  48  85  1  57  79  5  84  61  17  76  7  53  52  23  72  69  71  40  31  37  33  6  24  12  20  74  38  62  46  27  10  51  83  32  66  73  9  22  43  29  68  42
   28  84  49  86  36  68  64  5  65  67  10  50  83  53  45  44  62  38  54  82  14  3  55  37  85  27  24  59  34  20  1  87  48  25  26  47  40  76  80  11  66  4  13  72  56  2  19  7  31  70  77  39  61  15  81  75  32  6  63  43  51  9  22  17  78  69  35  58  73  12  79  16  60  23  8  18  21  33  74  57  71  30  41  46  52  42  29
   29  49  3  2  31  80  83  85  27  18  12  8  35  53  65  73  19  72  48  32  51  34  82  25  76  21  14  39  26  47  61  11  37  84  56  67  15  10  66  44  59  69  46  1  60  40  86  87  58  9  6  4  62  71  77  81  54  36  24  16  70  17  41  57  38  55  7  64  13  68  75  50  63  42  28  78  52  5  33  22  74  79  23  45  30  20  43
   30  84  22  86  70  12  3  53  71  85  29  26  45  68  33  72  52  39  47  74  60  63  9  5  36  6  8  23  83  57  18  79  1  87  21  27  28  20  64  59  37  4  11  16  54  2  78  55  15  14  65  19  56  77  34  67  49  43  24  7  35  76  61  73  32  41  81  50  66  13  69  44  48  38  58  82  40  51  80  17  10  62  75  46  25  42  31
