   1  27  31  11  29  10  45  59  56  61  53  51  20  68  64  6  25  33  34  58  4  35  38  21  7  28  39  16  5  37  24  66  42  55  62  26  54  49  48  32  41  23  17  47  67  52  40  8  18  43  60  30  63  15  44  19  12  14  57  36  2  46  3  9  69  22  13  50  65
   1  33  54  28  68  40  66  4  39  24  58  15  18  12  49  35  8  22  50  37  25  17  27  20  43  52  69  23  21  41  30  9  57  63  64  32  65  56  46  26  45  16  31  53  13  29  5  34  11  62  44  55  10  6  59  61  36  2  14  19  3  7  38  51  48  47  42  60  67
   1  35  14  59  18  44  55  31  45  64  50  22  27  66  49  52  10  28  25  17  8  62  69  65  33  20  15  32  26  51  4  19  40  7  54  34  24  30  42  46  48  11  21  53  23  12  43  63  36  2  37  67  6  5  29  3  61  13  68  39  47  60  41  57  58  56  38  16  9
   1  64  12  14  22  53  59  30  13  51  62  17  69  47  11  55  24  23  43  8  4  7  67  48  57  37  49  9  52  44  28  50  26  66  6  63  20  41  16  29  34  58  25  10  27  15  31  38  32  33  65  42  40  68  21  54  3  18  60  46  5  19  45  36  2  61  56  35  39
   2  1  60  44  66  49  57  64  19  48  14  12  55  11  63  31  28  23  9  39  62  67  18  42  51  65  29  17  27  47  16  56  41  68  58  69  43  59  20  52  33  24  37  4  61  53  30  10  6  54  25  40  46  50  13  32  7  35  38  3  45  21  15  8  26  5  22  34  36
   2  3  43  67  31  33  24  8  49  54  16  63  26  68  57  18  5  58  53  66  25  51  59  34  62  40  22  37  4  48  17  47  32  20  36  1  64  60  11  23  30  44  10  9  12  35  41  14  39  61  29  15  13  7  27  19  28  46  50  69  45  55  52  42  21  38  65  6  56
   2  7  46  50  21  11  29  3  22  19  45  39  32  67  47  63  1  48  69  31  34  40  55  18  52  13  64  59  66  53  25  54  9  58  16  5  43  35  23  68  28  38  60  26  12  65  49  51  62  6  61  57  27  36  37  4  56  10  33  24  44  42  15  14  41  17  30  8  20
   2  30  17  55  7  6  45  50  57  43  41  66  38  68  29  22  12  8  48  37  4  51  31  9  44  52  54  16  34  61  1  46  63  47  62  28  25  59  65  36  60  23  42  21  64  10  13  14  18  32  24  35  20  11  69  19  40  49  5  58  53  27  3  15  67  26  39  33  56
   2  32  4  56  34  47  6  64  58  57  36  13  49  18  8  63  66  52  60  9  59  5  38  42  15  26  51  46  20  27  10  19  65  33  68  30  54  45  62  55  11  16  61  50  7  3  40  24  44  25  17  31  28  43  53  14  48  1  22  23  29  41  12  69  21  39  67  37  35
   2  37  4  23  69  66  38  16  18  51  43  55  1  26  34  57  27  32  42  68  25  19  10  49  7  61  5  9  67  47  45  31  12  48  22  35  56  62  63  52  59  58  41  14  17  46  64  60  53  13  44  21  3  20  54  33  65  36  11  6  30  15  24  39  29  40  8  28  50
   2  58  55  35  33  10  26  43  67  62  23  38  46  27  11  57  39  41  5  68  37  4  32  54  66  21  48  22  36  24  60  64  3  69  18  56  47  25  8  29  28  1  14  44  6  51  16  45  65  13  7  30  15  20  31  34  40  19  61  17  9  42  12  53  63  52  59  49  50
   2  67  8  55  32  7  57  28  15  41  60  22  27  17  37  68  6  59  24  23  25  21  29  13  45  52  38  66  10  51  40  62  18  35  1  69  4  63  16  39  64  14  43  56  30  11  49  44  54  34  3  65  12  47  48  46  50  42  58  26  19  33  5  61  20  31  9  53  36
   2  68  44  45  52  16  65  7  55  41  6  35  49  64  61  30  22  10  15  38  12  20  60  1  17  8  39  48  31  34  40  13  51  33  46  66  47  42  32  59  19  69  23  25  67  14  36  29  54  43  53  11  56  27  21  57  5  24  28  26  3  58  9  63  62  18  50  37  4
   3  11  23  33  17  30  65  37  28  43  19  13  60  64  52  18  5  29  32  34  12  35  44  63  21  14  47  48  15  41  2  58  56  25  46  8  22  7  4  26  53  69  51  1  61  16  50  24  54  59  40  20  49  45  62  57  36  42  31  38  6  68  9  27  67  66  39  10  55
   3  29  22  14  64  50  58  12  47  2  34  45  54  36  7  35  24  66  10  41  5  51  11  60  59  16  67  69  63  53  20  27  31  49  52  26  55  28  68  8  65  48  23  19  39  17  15  32  33  46  62  25  30  18  37  43  38  6  42  57  9  21  44  13  4  1  56  40  61
   3  34  43  24  1  22  46  51  26  19  7  42  65  37  36  56  66  39  40  2  17  54  14  30  63  50  69  12  68  23  59  38  6  4  48  31  60  49  27  18  20  61  5  13  53  47  58  55  45  57  52  8  62  9  16  44  29  33  25  64  28  10  32  35  41  21  67  15  11
   3  35  42  37  54  62  25  23  65  52  10  66  11  58  7  16  30  14  5  51  24  46  67  55  29  60  45  26  8  13  12  57  50  21  22  32  2  20  56  68  4  33  63  19  69  36  59  49  38  6  41  61  18  15  17  9  43  39  64  47  1  40  53  31  34  28  44  48  27
   3  43  49  63  17  48  5  4  52  18  12  31  61  34  22  14  59  7  28  39  2  58  56  23  51  38  6  8  15  16  9  50  54  57  66  40  20  69  11  1  53  29  10  25  21  46  62  47  44  64  36  68  33  41  32  27  37  60  24  13  30  35  19  45  67  26  65  42  55
   3  52  36  42  66  19  37  20  39  13  46  51  67  1  33  25  2  69  59  24  12  21  61  4  31  41  7  27  16  62  14  10  8  58  18  49  60  53  48  17  32  34  5  30  11  45  23  44  26  29  55  56  50  64  63  22  9  54  40  68  15  57  65  38  6  43  28  35  47
   3  55  31  63  43  35  66  60  14  62  45  9  27  12  68  47  36  34  46  41  25  15  54  51  59  29  65  23  50  24  1  7  10  53  64  52  8  4  67  19  44  16  57  20  49  40  42  2  11  26  30  17  18  28  48  61  5  56  21  37  58  33  38  6  13  32  69  22  39
   3  62  27  61  30  52  57  42  16  23  2  65  18  17  20  11  38  28  58  39  25  67  12  35  37  31  49  66  15  26  64  21  8  47  1  68  9  44  10  41  19  14  29  55  48  69  6  53  54  51  60  33  43  13  32  46  4  59  36  34  40  22  5  56  45  7  50  63  24
   4  39  8  11  33  62  6  32  36  67  51  5  37  52  68  9  19  64  14  66  15  3  20  63  49  17  45  53  29  59  55  27  24  26  44  35  42  54  21  34  13  46  47  28  69  22  58  50  1  61  18  7  41  40  38  31  25  2  57  12  60  65  48  43  23  10  16  56  30
   4  41  51  29  27  31  48  16  63  38  32  21  52  66  9  36  45  46  1  62  15  67  13  68  54  10  44  39  8  26  69  59  64  40  2  37  58  50  57  11  60  18  20  53  24  35  47  28  43  17  23  65  61  49  19  3  56  22  30  33  55  5  34  14  7  6  25  12  42
   4  46  5  35  31  20  52  51  29  54  11  6  22  19  57  9  43  47  45  66  39  8  64  38  62  7  26  44  2  48  50  58  41  33  36  42  59  15  16  23  56  37  28  18  12  67  32  55  25  61  49  60  65  40  27  68  10  3  17  69  53  14  24  1  21  34  13  63  30
   4  49  22  30  7  57  23  41  44  3  55  43  64  29  59  21  37  26  33  27  68  10  5  36  34  61  58  13  62  1  15  38  53  46  32  45  51  35  11  66  56  6  50  52  24  25  63  67  54  12  17  9  19  2  39  8  42  20  31  48  18  14  65  28  47  69  60  16  40
   4  55  64  28  30  22  54  68  12  23  50  13  19  66  20  62  36  69  8  39  57  56  60  44  37  65  24  46  29  26  38  61  40  53  1  67  16  7  43  41  49  17  3  59  48  21  58  52  5  51  9  35  2  63  32  14  15  11  27  34  6  47  25  42  45  33  10  31  18
   4  64  8  42  68  59  12  58  46  9  2  61  63  36  16  21  62  34  50  53  13  45  6  14  65  52  67  22  40  19  20  3  25  31  66  60  38  55  54  5  57  32  17  30  49  41  10  48  18  15  69  27  56  51  1  28  26  37  44  11  23  47  24  33  7  43  29  39  35
   4  66  18  55  34  32  25  49  5  47  12  35  63  58  17  60  44  20  65  6  24  40  50  37  69  16  43  26  27  68  10  61  67  31  22  62  59  14  64  13  3  33  11  15  29  28  2  23  38  51  1  57  42  19  7  9  45  48  56  52  41  46  53  21  54  36  30  39  8
   5  14  25  52  29  55  3  35  60  61  48  50  39  19  64  47  31  66  2  58  18  59  54  22  7  15  20  23  1  37  57  33  40  10  62  9  38  30  53  32  65  16  12  6  67  11  42  46  4  43  56  49  13  28  44  68  17  27  24  36  34  8  45  26  69  21  63  51  41
   5  20  43  62  29  19  53  66  12  6  27  14  2  9  54  55  63  40  10  13  38  48  30  32  17  37  67  33  1  52  8  49  44  16  22  15  42  46  4  47  65  26  59  28  7  21  18  35  24  68  64  23  45  36  34  58  50  61  3  51  56  39  25  60  69  31  11  57  41
   5  25  40  10  24  16  68  52  60  27  50  69  33  6  47  26  56  28  37  66  65  21  11  14  59  35  18  29  51  48  64  45  31  43  32  20  55  46  42  3  53  8  44  38  39  41  15  2  23  1  19  57  62  9  7  13  17  30  58  12  22  61  54  49  34  67  4  36  63
   5  25  40  10  38  2  26  24  60  69  50  13  61  62  19  12  42  56  9  52  65  7  67  28  3  35  46  43  37  6  8  45  17  1  4  20  55  32  14  31  11  36  58  66  53  27  15  44  51  57  33  29  34  23  49  41  59  30  16  54  64  47  68  63  48  39  18  22  21
   5  25  40  10  52  58  54  66  60  41  50  27  19  48  61  68  28  14  51  38  65  63  53  42  17  35  4  57  23  34  22  45  3  29  46  20  55  18  56  59  39  64  2  24  67  13  15  16  9  43  47  1  6  37  21  69  31  30  44  26  36  33  12  7  62  11  32  8  49
   5  25  40  10  66  44  12  38  60  13  50  41  47  34  33  54  14  42  23  24  65  49  39  56  31  35  32  1  9  62  36  45  59  57  18  20  55  4  28  17  67  22  16  52  11  69  15  58  37  29  61  43  48  51  63  27  3  30  2  68  8  19  26  21  6  53  46  64  7
   5  28  25  24  43  55  31  35  60  47  6  50  53  33  8  19  17  52  44  16  46  3  68  64  49  15  20  51  57  9  29  61  40  10  34  23  66  30  11  4  65  2  54  62  39  67  14  32  18  1  42  63  41  56  58  26  59  69  38  22  48  36  45  12  13  7  21  37  27
   5  42  25  66  57  55  59  35  60  33  34  50  67  47  22  61  3  38  16  44  4  17  12  36  21  15  20  9  43  51  1  19  40  10  6  37  24  30  39  46  65  58  26  48  11  53  56  18  32  29  28  7  69  14  2  54  31  41  52  8  62  64  45  68  27  63  49  23  13
   6  3  40  62  58  7  31  52  57  4  42  36  25  33  49  23  14  69  27  47  46  61  54  56  13  55  17  51  11  1  48  28  53  64  34  67  59  37  60  16  29  2  41  12  43  19  20  30  18  22  5  50  68  10  39  26  21  35  44  9  65  63  45  24  8  15  66  32  38
   6  9  59  61  23  29  2  24  7  22  48  49  8  64  31  54  15  34  19  58  5  13  37  32  46  50  66  41  12  4  51  1  26  60  38  3  52  40  33  69  20  62  30  27  36  35  53  42  47  43  17  45  39  21  11  57  14  68  10  67  65  25  16  56  63  44  55  18  28
   6  20  51  25  21  18  65  10  31  59  53  58  44  64  17  66  36  24  4  41  12  13  23  27  62  16  22  48  32  43  3  68  49  1  46  14  5  37  55  38  40  69  56  63  52  30  39  42  54  26  2  35  60  33  67  57  50  7  15  34  19  11  9  45  61  8  47  29  28
   6  21  68  10  63  33  17  9  66  57  65  47  26  61  1  49  3  4  67  23  32  50  25  54  16  39  52  37  58  19  5  22  27  34  48  15  59  35  69  64  14  44  40  8  36  55  7  13  46  18  43  31  11  38  41  12  28  30  29  2  62  56  45  42  53  51  20  24  60
   6  26  12  28  32  1  18  52  34  31  38  39  7  54  24  49  58  16  40  27  37  15  44  56  45  8  13  68  60  11  30  57  55  29  64  20  22  65  46  25  33  48  43  10  21  9  50  2  62  5  51  23  14  59  19  42  4  3  66  69  17  53  36  67  63  47  61  41  35
   6  34  25  35  29  30  8  59  61  46  69  44  68  11  33  31  47  53  15  64  41  12  26  22  58  63  4  66  38  2  40  52  9  67  54  28  1  5  24  17  14  3  42  62  18  13  48  65  55  39  21  20  45  60  23  32  50  57  43  51  27  56  36  19  49  16  37  7  10
   6  64  62  65  16  48  55  21  25  53  18  35  7  52  43  20  66  30  45  44  36  60  40  3  51  24  47  4  23  32  50  39  13  29  68  58  1  56  26  37  57  67  69  5  61  42  38  17  22  59  19  33  28  11  63  31  15  2  14  8  9  34  27  49  46  54  10  41  12
   7  4  16  23  66  21  6  69  18  48  22  50  33  17  63  1  38  53  41  39  57  8  25  59  51  12  36  32  37  47  28  44  45  10  58  67  19  5  46  52  29  11  2  35  61  56  9  49  15  54  43  42  14  34  13  24  27  31  60  3  30  68  62  64  26  40  20  65  55
   7  24  26  33  46  21  36  29  38  8  62  20  23  67  63  41  18  3  1  59  27  48  45  39  61  2  6  52  47  37  28  54  25  60  68  17  9  65  66  32  69  31  12  35  51  56  19  49  55  44  13  42  14  64  43  4  57  11  10  53  40  58  22  34  16  30  50  5  15
   7  44  36  43  26  21  66  59  58  38  32  60  13  47  63  11  68  23  31  9  67  18  65  19  1  62  46  2  57  27  28  64  5  40  8  37  69  55  16  12  39  51  22  35  41  56  29  49  25  34  53  42  14  24  3  54  17  61  30  33  50  48  52  4  6  20  10  15  45
   7  54  6  13  16  21  46  39  68  18  52  10  43  37  63  31  58  33  11  19  17  38  5  9  41  22  66  12  27  57  28  34  65  30  48  47  29  15  26  2  59  61  62  35  1  56  69  49  45  64  3  42  14  4  53  44  67  51  40  23  20  8  32  24  36  50  60  55  25
   8  7  15  22  37  59  25  13  38  51  18  69  16  14  30  44  3  47  50  26  5  31  36  67  32  28  60  17  6  23  29  52  10  62  1  63  64  56  49  34  12  46  58  33  20  53  2  55  57  41  27  68  24  21  45  66  40  35  4  39  43  11  54  65  48  42  19  61  9
   8  22  45  35  27  40  34  67  23  38  57  12  44  3  9  53  51  59  55  62  43  16  58  6  54  49  52  18  4  26  30  46  47  31  2  14  13  65  32  11  42  39  56  36  24  29  64  5  15  17  63  50  25  10  19  66  20  41  69  33  1  28  48  37  7  68  61  21  60
   8  43  16  57  31  54  12  64  2  29  67  45  39  34  66  53  3  58  28  62  65  41  40  21  63  69  55  1  23  13  5  19  48  52  18  35  14  38  7  68  61  22  59  56  33  44  46  30  37  17  36  49  47  10  6  27  15  4  9  24  50  25  26  51  11  20  32  42  60
   8  47  67  23  19  27  26  32  21  6  64  7  34  62  53  2  55  22  37  54  65  29  61  66  38  20  18  43  16  52  33  13  58  10  4  39  46  30  9  57  50  36  40  1  48  35  59  56  51  69  11  25  17  63  3  41  42  44  60  31  5  45  68  28  49  12  15  24  14
   8  50  33  45  63  24  5  60  53  67  59  54  12  62  11  18  48  32  52  43  16  29  19  1  36  68  6  64  66  69  39  44  7  13  38  42  65  61  15  4  30  57  28  49  46  40  17  56  2  58  26  35  10  9  31  41  20  21  55  22  37  3  47  25  23  34  51  27  14
   8  58  16  14  66  13  24  46  22  53  4  17  21  2  32  7  54  68  30  1  61  55  12  28  25  34  29  44  10  3  40  41  15  27  62  50  6  5  38  45  9  64  69  60  63  47  20  26  36  65  33  19  42  67  37  56  52  39  18  57  11  59  48  31  49  51  23  43  35
   8  63  44  60  49  9  11  47  18  41  5  51  58  23  13  7  39  52  31  19  66  20  45  2  68  17  46  61  54  37  65  6  1  22  64  55  67  35  57  62  42  12  30  34  48  15  21  29  38  24  69  53  3  4  43  16  14  40  27  26  36  28  25  56  59  33  50  32  10
   9  17  66  42  52  10  34  36  1  6  32  65  22  38  21  35  2  58  30  53  15  13  33  40  37  48  61  67  49  19  60  11  23  7  16  8  25  14  64  24  55  4  69  57  47  51  45  26  29  68  46  5  20  54  41  59  44  18  56  31  27  63  62  39  12  3  28  50  43
   9  25  23  49  59  35  58  40  42  46  65  27  11  36  64  1  38  32  68  53  5  45  22  13  37  17  55  69  10  2  3  21  30  19  52  16  24  12  61  57  62  48  31  60  7  50  56  6  33  8  20  51  54  14  4  43  15  28  63  41  34  29  44  18  39  26  67  66  47
   9  32  59  2  3  66  68  13  8  57  21  56  55  41  38  28  58  47  50  6  51  22  42  20  49  10  67  36  64  69  37  44  18  12  4  23  40  7  11  54  60  43  15  39  19  1  34  25  65  31  16  24  46  27  48  62  17  29  5  52  14  30  26  35  53  63  61  45  33
   9  59  7  49  51  4  15  12  16  54  36  23  43  32  66  42  37  21  14  47  6  34  28  69  13  44  18  24  45  48  27  10  22  31  58  50  60  67  33  3  19  17  30  5  63  68  46  1  62  52  38  64  29  53  26  11  41  40  2  39  20  35  57  65  61  8  55  56  25
   10  4  50  61  3  42  25  56  22  12  69  40  28  2  1  18  31  11  13  38  66  43  7  15  6  48  30  54  14  34  29  35  39  55  8  64  57  62  65  9  68  47  32  59  26  44  45  20  52  33  17  24  53  49  41  51  16  37  5  27  46  19  67  23  63  60  58  21  36
   10  18  50  47  31  14  25  42  64  54  13  40  56  44  57  46  17  67  41  66  52  1  49  15  62  6  30  68  28  48  43  35  53  55  36  8  29  34  65  23  26  19  4  3  12  58  45  20  24  61  59  38  11  63  27  37  2  9  5  69  32  33  39  51  21  60  16  7  22
   10  21  51  58  7  47  8  28  41  23  29  1  50  46  9  60  45  20  63  67  55  65  34  69  4  6  56  59  42  31  52  5  43  14  12  11  37  66  40  16  24  38  32  49  44  36  68  26  13  22  15  39  61  3  19  53  54  2  27  18  33  17  64  30  57  35  25  62  48
   10  49  52  14  22  39  13  11  60  31  67  37  62  53  25  1  21  28  34  29  45  8  27  23  50  63  64  4  54  36  51  3  43  57  69  59  20  17  55  47  30  56  58  9  38  2  32  7  16  44  68  48  41  35  40  24  61  42  46  19  6  5  65  15  33  18  66  26  12
   11  8  41  18  27  34  52  47  2  23  49  14  5  19  62  42  32  3  30  54  39  58  28  40  21  20  43  44  16  61  53  46  22  38  36  67  10  63  29  66  50  37  65  1  31  9  26  15  25  69  4  6  64  33  12  68  13  51  45  48  56  60  24  35  57  7  59  55  17
   11  17  61  51  39  40  5  19  56  41  23  1  10  48  4  66  65  13  24  8  44  35  68  21  7  28  9  36  55  57  54  26  42  45  52  6  34  49  38  2  31  43  47  27  37  12  20  18  58  53  30  50  63  25  64  69  62  14  67  46  22  16  33  29  59  32  3  60  15
   11  35  14  19  58  64  45  61  5  4  60  32  17  26  49  12  40  28  65  47  18  52  59  15  13  10  25  2  6  1  44  69  20  7  34  24  54  50  42  16  38  51  21  23  43  62  53  63  46  22  57  37  66  55  39  33  41  3  48  9  27  30  31  67  8  56  68  36  29
   11  60  56  61  34  23  24  21  59  47  42  16  8  33  17  48  10  55  2  6  53  62  5  57  69  39  3  58  45  68  18  28  65  46  22  49  1  37  30  13  63  9  27  66  29  20  41  31  25  51  50  36  64  35  7  26  4  15  44  52  67  32  38  40  54  14  12  19  43
   12  53  13  17  11  23  4  48  49  44  26  63  16  58  27  38  65  68  3  46  45  61  39  64  22  30  62  47  24  8  67  37  52  50  6  41  34  10  31  33  40  54  60  19  2  35  1  14  59  51  69  55  43  7  57  9  28  66  20  29  25  15  32  42  21  18  5  36  56
   12  68  15  35  23  60  16  13  17  22  33  18  66  57  31  27  59  1  65  58  47  24  52  44  46  21  8  62  6  4  10  34  53  29  38  56  37  45  48  69  28  41  14  54  36  61  26  25  5  43  7  40  55  50  11  64  30  9  51  67  19  42  2  3  63  32  39  49  20
   13  5  41  63  23  35  6  50  14  12  55  39  47  52  38  17  16  54  36  61  15  65  24  11  69  9  25  53  30  34  51  7  20  43  44  62  58  64  57  59  4  46  37  40  49  10  42  32  1  66  60  27  8  28  68  31  45  56  21  67  18  3  48  26  33  22  19  2  29
   13  9  2  14  44  30  18  52  17  32  54  55  24  16  7  35  34  6  20  61  45  11  1  50  69  46  57  19  63  43  40  47  41  49  62  66  5  28  38  58  25  68  53  59  29  27  65  22  3  36  12  15  60  8  67  23  48  26  42  37  39  21  4  33  64  51  56  10  31
   13  20  28  53  2  59  22  63  57  11  56  38  54  39  1  44  50  65  66  58  69  16  25  61  37  27  29  24  15  4  34  14  45  48  26  7  33  31  10  9  49  17  51  8  47  30  23  43  55  3  40  68  12  35  21  18  62  5  52  36  41  6  64  60  32  42  46  67  19
   13  35  42  67  24  12  15  53  25  62  20  6  1  18  7  46  60  14  45  11  34  36  57  5  9  50  55  66  58  33  52  37  30  21  2  22  32  40  56  38  64  3  63  59  19  16  69  49  48  26  61  31  8  65  27  39  23  29  44  17  51  10  43  41  54  28  4  68  47
   13  62  16  42  6  59  67  40  29  33  36  11  57  51  3  15  32  19  69  34  52  21  31  64  41  61  7  47  46  12  14  20  58  18  8  49  50  43  68  27  22  54  45  60  1  55  53  4  66  9  5  56  30  44  63  2  39  24  10  38  65  37  25  48  26  23  28  35  17
   14  4  55  2  49  28  58  25  65  11  10  54  42  1  53  63  67  45  31  29  61  56  39  35  8  41  30  6  20  27  19  40  66  59  24  60  68  43  23  32  26  13  38  50  18  46  51  69  5  44  47  62  15  12  3  22  64  7  34  36  21  52  16  57  9  33  17  37  48
   14  44  45  22  49  28  8  65  15  51  40  34  42  11  23  63  37  5  61  39  41  56  9  35  18  31  50  66  10  17  69  20  26  19  54  30  48  53  43  2  6  3  68  60  58  16  1  59  55  64  27  52  25  62  33  32  4  7  24  46  21  12  36  67  29  13  47  57  38
   14  57  61  64  33  45  37  53  47  62  15  21  50  1  11  19  60  35  16  68  12  56  67  30  66  49  28  27  40  24  55  51  5  42  18  43  7  54  59  29  46  34  36  58  6  41  9  69  26  13  32  52  8  38  31  22  2  44  39  17  3  10  65  4  63  25  23  20  48
   14  67  41  4  13  5  57  23  27  52  25  21  60  11  51  69  30  35  36  48  62  56  37  50  26  49  28  17  20  54  45  1  55  42  58  53  7  34  19  39  16  24  46  8  66  31  29  59  6  3  2  12  18  68  61  32  22  64  9  47  33  40  15  44  63  65  43  10  38
   15  5  50  30  2  48  64  16  40  11  10  67  29  18  1  8  28  14  41  58  55  63  33  42  37  35  54  17  13  4  52  65  23  59  26  60  25  68  56  9  19  24  62  44  47  53  45  6  69  3  57  31  46  27  21  39  51  20  34  36  66  43  22  7  32  61  12  38  49
   15  42  5  16  17  25  9  35  40  43  4  10  47  57  52  1  23  58  6  34  54  37  22  66  21  45  60  69  3  41  31  29  50  30  46  27  44  20  19  26  55  48  36  18  61  33  56  68  12  59  28  7  39  14  62  64  51  11  2  38  32  24  65  8  67  63  49  13  53
   15  60  59  46  17  57  19  58  36  18  11  42  6  27  22  25  49  50  30  39  44  4  20  26  51  41  61  29  3  16  24  7  62  48  66  45  56  68  12  1  55  8  37  14  21  63  54  35  2  64  52  69  65  38  32  34  10  43  9  13  28  47  5  40  67  23  33  31  53
   16  21  18  50  63  53  57  59  36  47  45  67  46  11  61  49  43  34  27  3  62  40  55  4  66  69  22  17  38  39  25  12  37  44  58  5  29  35  9  54  14  24  60  68  26  65  7  23  6  48  33  1  41  8  51  32  28  10  19  52  2  56  15  42  13  31  30  64  20
   16  28  49  68  48  13  5  62  2  39  15  44  6  46  45  61  18  67  64  41  54  59  50  52  20  35  8  14  60  34  24  42  38  31  1  55  43  22  3  23  58  66  9  69  32  56  27  65  25  26  10  53  4  7  30  17  12  21  19  51  36  63  57  11  37  47  29  33  40
   16  44  55  35  19  10  68  29  11  6  9  24  18  41  53  1  67  13  5  54  51  32  46  12  38  63  34  36  8  52  60  22  59  27  4  28  61  25  64  57  14  43  42  2  48  23  58  45  65  69  21  30  15  20  3  62  40  47  33  31  37  56  26  39  49  66  17  7  50
   16  51  32  9  27  38  24  58  4  23  29  55  43  68  62  1  41  46  56  54  25  47  10  7  21  33  5  37  11  61  45  3  26  34  36  35  28  6  49  66  17  44  13  42  31  18  22  60  39  69  2  63  59  20  12  19  65  8  53  48  30  15  52  67  57  40  64  14  50
   17  10  42  37  8  61  18  7  53  9  14  12  6  51  39  36  60  15  54  22  31  64  65  69  43  3  11  26  25  16  66  56  5  52  34  63  27  19  40  1  21  33  29  32  13  50  57  67  45  47  20  62  48  35  49  2  38  55  68  4  59  24  46  30  58  28  44  23  41
   17  38  64  28  24  61  23  20  11  27  4  9  53  29  47  25  58  41  31  66  68  49  19  46  59  69  63  13  44  48  56  10  22  2  32  21  60  67  62  3  18  6  5  30  39  45  37  16  54  1  55  14  50  36  7  8  51  26  40  12  15  43  65  52  34  57  42  35  33
   18  52  46  55  48  4  25  63  5  19  54  35  21  16  59  60  58  20  65  62  38  40  50  9  13  2  1  12  69  26  10  47  39  17  64  34  3  28  8  41  31  61  67  15  43  56  44  51  66  37  57  29  14  33  49  23  45  6  42  24  27  32  11  7  68  22  30  53  36
   21  57  68  26  25  3  16  18  62  36  32  15  67  4  38  5  60  63  58  19  13  23  30  42  22  8  55  24  52  29  20  35  10  28  69  48  12  1  43  44  66  53  51  7  33  37  54  2  65  31  64  9  6  11  50  56  46  39  27  47  61  14  45  17  40  49  34  59  41
   22  2  44  56  24  27  66  4  8  67  46  3  49  58  18  63  26  12  30  29  19  55  68  42  25  6  1  16  10  17  40  69  15  13  48  50  34  5  52  45  51  36  41  60  7  33  20  54  64  65  47  61  28  53  23  14  38  11  32  43  39  31  62  59  21  9  37  57  35
   22  48  64  5  12  36  15  7  45  31  66  35  49  4  41  50  32  40  25  68  62  10  30  11  47  18  9  38  61  24  20  3  1  13  16  26  27  42  2  19  69  59  43  65  37  14  46  39  34  53  23  51  56  17  21  67  55  54  28  6  33  8  29  63  52  58  60  57  44
