   1  2  9  6  11  7  5  4  10  13  8  12  3
   1  4  8  13  3  10  9  11  7  2  12  5  6
   1  5  12  9  7  8  4  10  2  13  3  6  11
   1  8  5  10  6  4  3  9  12  7  11  13  2
   1  8  9  12  10  5  13  7  11  4  6  3  2
   1  8  11  6  10  12  13  7  4  9  5  3  2
   1  10  3  9  6  5  7  12  4  2  13  8  11
   1  12  5  6  4  8  13  3  10  9  11  7  2
   2  1  8  9  12  10  5  13  7  11  4  6  3
   2  5  12  11  13  9  4  1  7  8  6  10  3
   2  9  6  11  7  5  4  10  13  8  12  1  3
   2  11  10  12  8  3  13  6  7  5  9  1  4
   2  12  10  11  4  1  9  5  7  6  13  3  8
   3  11  6  4  7  8  13  2  1  10  12  5  9
