   1  2  7  4  29  14  10  8  15  27  26  28  11  20  6  16  19  30  5  23  13  21  3  25  18  22  17  9  24  12
   1  2  11  4  23  22  24  8  29  15  18  13  10  17  25  16  21  27  12  30  9  5  28  26  6  20  14  3  7  19
   1  2  12  4  26  24  5  8  22  21  23  17  30  10  7  16  6  13  18  11  27  15  19  3  9  29  25  20  28  14
   1  3  9  27  19  26  16  17  20  29  25  13  8  24  10  30  28  22  4  12  5  15  14  11  2  6  18  23  7  21
   1  7  20  13  21  26  23  19  9  27  18  2  30  29  10  25  14  15  17  3  12  24  4  8  11  6  28  5  22  16
   1  7  30  13  11  6  3  19  29  17  8  12  20  9  10  25  24  5  27  23  2  14  4  18  21  26  28  15  22  16
   1  11  28  29  9  6  4  13  19  23  5  24  16  21  14  30  20  3  2  22  25  27  18  12  8  26  7  15  10  17
   1  13  14  25  21  26  5  7  27  3  30  8  24  17  4  19  2  9  23  15  18  12  22  20  11  6  10  29  28  16
   1  13  14  27  10  6  16  22  7  29  5  3  8  11  19  30  18  17  4  21  25  15  9  24  2  26  28  23  20  12
   1  13  24  25  11  6  15  7  17  23  20  18  14  27  4  19  12  29  3  5  8  2  22  30  21  26  10  9  28  16
   1  19  8  7  21  26  17  25  15  9  12  14  18  5  28  13  20  3  29  27  24  30  10  2  11  6  22  23  4  16
   1  23  14  12  18  26  30  20  25  11  10  4  16  3  21  13  22  5  19  8  15  17  2  28  9  6  29  24  27  7
   2  3  20  30  14  21  16  24  5  23  19  13  4  6  9  29  28  11  1  17  10  15  7  26  8  12  18  27  25  22
   2  4  14  8  27  28  20  16  30  23  21  25  22  9  12  1  7  29  10  15  26  11  6  19  5  13  3  18  17  24
   2  4  15  8  7  30  6  16  25  14  26  29  11  12  18  1  23  19  3  28  13  21  9  27  17  22  20  24  10  5
   2  4  17  8  14  3  30  16  19  28  9  6  5  29  13  1  24  7  15  25  20  18  22  12  23  10  11  27  21  26
   2  4  22  8  15  13  17  16  27  30  5  26  20  3  19  1  11  23  24  29  18  10  25  21  12  9  28  6  14  7
   2  4  24  8  21  17  10  16  13  11  15  3  29  20  14  1  12  26  5  22  23  30  7  6  18  27  19  9  25  28
   2  4  25  8  13  19  27  16  11  26  6  7  24  23  20  1  28  22  29  21  3  12  10  14  30  17  5  15  18  9
   2  6  18  23  7  21  1  3  9  27  19  26  16  17  20  29  25  13  8  24  10  30  28  22  4  12  5  15  14  11
   2  8  1  14  12  7  4  20  30  18  9  13  21  10  11  26  25  6  28  24  3  15  5  19  22  27  29  16  23  17
   2  8  21  14  22  27  24  20  10  28  19  3  1  30  11  26  15  16  18  4  13  25  5  9  12  7  29  6  23  17
   2  11  14  15  5  12  4  22  28  30  10  24  8  13  25  29  20  17  16  26  19  27  9  3  1  21  7  23  18  6
   2  13  7  30  9  12  16  11  25  23  10  3  4  26  14  29  18  24  1  22  19  15  20  6  8  21  28  27  5  17
   2  14  15  26  22  27  6  8  28  4  1  9  25  18  5  20  3  10  24  16  19  13  23  21  12  7  11  30  29  17
   2  14  25  26  12  7  16  8  18  24  21  19  15  28  5  20  13  30  4  6  9  3  23  1  22  27  11  10  29  17
   2  17  5  27  28  21  8  6  20  15  19  22  1  24  18  29  14  26  4  3  10  23  25  11  16  12  9  30  7  13
   2  20  9  8  22  27  18  26  16  10  13  15  19  6  29  14  21  4  30  28  25  1  11  3  12  7  23  24  5  17
   2  20  19  8  12  7  28  26  6  30  3  25  9  16  29  14  1  24  10  18  15  21  11  13  22  27  23  4  5  17
   2  22  25  27  18  12  8  26  7  15  10  17  1  11  28  29  9  6  4  13  19  23  5  24  16  21  14  30  20  3
   2  24  9  15  25  21  4  17  18  30  19  11  8  3  5  29  7  22  16  6  10  27  14  13  1  12  20  23  28  26
   2  26  3  20  22  27  30  14  4  16  25  21  13  24  23  8  9  28  6  10  1  19  29  15  12  7  5  18  11  17
   2  26  13  20  12  7  10  14  24  6  15  1  3  4  23  8  19  18  16  30  21  9  29  25  22  27  5  28  11  17
   2  26  28  23  20  12  1  13  14  27  10  6  16  22  7  29  5  3  8  11  19  30  18  17  4  21  25  15  9  24
   3  4  26  14  29  18  24  1  22  19  15  20  6  8  21  28  27  5  17  2  13  7  30  9  12  16  11  25  23  10
   3  5  29  7  22  16  6  10  27  14  13  1  12  20  23  28  26  2  24  9  15  25  21  4  17  18  30  19  11  8
   3  6  2  12  7  4  10  24  25  14  23  8  30  20  13  17  1  19  5  28  27  15  22  16  18  29  11  9  21  26
   3  6  5  12  16  10  15  24  4  1  7  20  28  30  21  17  18  8  23  2  19  14  26  9  27  25  13  29  22  11
   3  6  7  12  26  14  9  24  22  21  8  28  1  18  27  17  19  13  20  11  4  16  29  25  10  2  30  5  15  23
   3  6  10  12  21  20  14  24  13  11  29  9  23  28  4  17  5  26  7  22  30  27  2  18  19  15  1  25  16  8
   3  6  21  12  25  11  30  24  14  19  16  22  2  29  18  17  26  28  15  7  8  1  9  13  23  4  20  27  10  5
   3  8  11  19  30  18  17  4  21  25  15  9  24  2  26  28  23  20  12  1  13  14  27  10  6  16  22  7  29  5
   3  9  2  15  13  8  5  21  1  19  10  14  22  11  12  27  26  7  29  25  4  16  6  20  23  28  30  17  24  18
   3  9  22  15  23  28  25  21  11  29  20  4  2  1  12  27  16  17  19  5  14  26  6  10  13  8  30  7  24  18
   3  10  23  25  11  16  12  9  30  7  13  2  17  5  27  28  21  8  6  20  15  19  22  1  24  18  29  14  26  4
   3  21  10  9  23  28  19  27  17  11  14  16  20  7  30  15  22  5  1  29  26  2  12  4  13  8  24  25  6  18
   3  21  20  9  13  8  29  27  7  1  4  26  10  17  30  15  2  25  11  19  16  22  12  14  23  28  24  5  6  18
   3  27  4  21  23  28  1  15  5  17  26  22  14  25  24  9  10  29  7  11  2  20  30  16  13  8  6  19  12  18
   3  27  14  21  13  8  11  15  25  7  16  2  4  5  24  9  20  19  17  1  22  10  30  26  23  28  6  29  12  18
   4  3  10  23  25  11  16  12  9  30  7  13  2  17  5  27  28  21  8  6  20  15  19  22  1  24  18  29  14  26
   4  6  9  29  28  11  1  17  10  15  7  26  8  12  18  27  25  22  2  3  20  30  14  21  16  24  5  23  19  13
   4  8  3  16  28  6  29  1  7  25  18  12  10  27  26  2  17  14  30  19  9  5  13  24  15  20  22  23  11  21
   4  8  13  16  30  26  3  1  23  29  10  21  9  6  7  2  22  15  17  27  5  20  19  11  24  18  25  12  28  14
   4  8  17  16  11  3  20  1  26  22  30  6  27  9  28  2  24  21  10  13  15  29  14  12  5  23  7  18  19  25
   4  8  28  16  23  25  9  1  29  15  11  19  13  18  24  2  14  27  20  30  21  22  12  7  10  26  6  5  3  17
   4  10  3  16  14  9  6  22  2  20  11  15  23  12  13  28  27  8  30  26  5  17  7  21  24  29  1  18  25  19
   4  10  23  16  24  29  26  22  12  30  21  5  3  2  13  28  17  18  20  6  15  27  7  11  14  9  1  8  25  19
   4  13  19  23  5  24  16  21  14  30  20  3  2  22  25  27  18  12  8  26  7  15  10  17  1  11  28  29  9  6
   4  22  11  10  24  29  20  28  18  12  15  17  21  8  1  16  23  6  2  30  27  3  13  5  14  9  25  26  7  19
   4  22  21  10  14  9  30  28  8  2  5  27  11  18  1  16  3  26  12  20  17  23  13  15  24  29  25  6  7  19
   4  28  5  22  24  29  2  16  6  18  27  23  15  26  25  10  11  30  8  12  3  21  1  17  14  9  7  20  13  19
   5  10  16  20  17  1  21  9  12  3  15  2  29  11  19  18  8  24  26  6  23  30  25  4  13  27  28  22  14  7
   5  11  4  17  15  10  7  23  3  21  12  16  24  13  14  29  28  9  1  27  6  18  8  22  25  30  2  19  26  20
   5  11  24  17  25  30  27  23  13  1  22  6  4  3  14  29  18  19  21  7  16  28  8  12  15  10  2  9  26  20
   5  12  4  22  28  30  10  24  8  13  25  29  20  17  16  26  19  27  9  3  1  21  7  23  18  6  2  11  14  15
   5  17  18  29  25  30  9  11  1  7  4  12  28  21  8  23  6  13  27  19  22  16  26  24  15  10  14  3  2  20
   5  17  28  29  15  10  19  11  21  27  24  22  18  1  8  23  16  3  7  9  12  6  26  4  25  30  14  13  2  20
   5  23  12  11  25  30  21  29  19  13  16  18  22  9  2  17  24  7  3  1  28  4  14  6  15  10  26  27  8  20
   5  23  19  13  4  6  9  29  28  11  1  17  10  15  7  26  8  12  18  27  25  22  2  3  20  30  14  21  16  24
   5  24  16  21  14  30  20  3  2  22  25  27  18  12  8  26  7  15  10  17  1  11  28  29  9  6  4  13  19  23
   5  29  6  23  25  30  3  17  7  19  28  24  16  27  26  11  12  1  9  13  4  22  2  18  15  10  8  21  14  20
   6  10  27  14  13  1  12  20  23  28  26  2  24  9  15  25  21  4  17  18  30  19  11  8  3  5  29  7  22  16
   6  12  4  24  14  8  20  17  19  28  15  16  29  9  26  3  2  7  10  25  23  30  13  1  5  27  22  18  11  21
   6  12  11  24  19  22  29  17  28  7  1  13  4  27  5  3  21  25  30  14  16  2  18  26  15  8  9  23  20  10
   6  20  15  19  22  1  24  18  29  14  26  4  3  10  23  25  11  16  12  9  30  7  13  2  17  5  27  28  21  8
   7  13  6  19  17  12  9  25  5  23  14  18  26  15  16  1  30  11  3  29  8  20  10  24  27  2  4  21  28  22
   7  13  26  19  27  2  29  25  15  3  24  8  6  5  16  1  20  21  23  9  18  30  10  14  17  12  4  11  28  22
   7  25  14  13  27  2  23  1  21  15  18  20  24  11  4  19  26  9  5  3  30  6  16  8  17  12  28  29  10  22
   7  25  24  13  17  12  3  1  11  5  8  30  14  21  4  19  6  29  15  23  20  26  16  18  27  2  28  9  10  22
   7  29  5  3  8  11  19  30  18  17  4  21  25  15  9  24  2  26  28  23  20  12  1  13  14  27  10  6  16  22
   8  2  9  26  28  3  6  20  10  22  1  27  19  30  29  14  15  4  12  16  7  25  5  21  18  13  11  24  17  23
   8  20  21  2  28  3  12  14  4  10  7  15  1  24  11  26  9  16  30  22  25  19  29  27  18  13  17  6  5  23
   11  22  5  13  23  10  2  26  29  15  19  20  14  4  6  21  18  27  1  30  25  7  3  9  16  28  17  8  24  12
   12  24  20  17  2  9  29  3  16  4  28  18  19  27  22  6  10  1  30  8  14  25  11  5  15  7  21  23  26  13
   13  26  2  21  29  4  9  11  15  27  12  8  17  18  7  22  1  30  20  23  6  24  19  16  10  3  25  5  28  14
