   2  6  14  30  62  43  5  12  26  54  27  56  31  64  47  13  28  58  35  72  63  45  9  20  42  3  8  18  38  78  75  69  57  33  68  55  29  60  39  80  79  77  73  65  49  17  36  74  67  53  25  52  23  48  15  32  66  51  21  44  7  16  34  70  59  37  76  71  61  41  1  4  10  22  46  11  24  50  19  40
   4  74  30  47  37  5  49  59  80  1  41  15  40  6  28  43  34  13  26  78  29  23  62  71  75  12  61  42  7  60  36  19  33  51  67  66  77  3  46  24  10  69  54  56  11  45  9  38  65  14  76  63  55  53  35  31  57  16  52  58  27  39  32  64  48  20  50  73  70  8  79  2  44  68  21  22  17  72  18  25
   5  44  59  34  4  52  77  31  33  29  30  53  50  63  21  15  69  78  70  9  27  37  14  19  3  76  6  71  58  64  2  32  18  67  47  36  55  16  60  74  23  39  72  75  79  25  1  68  66  45  62  7  48  26  8  43  17  80  40  28  65  12  38  11  49  42  13  20  54  22  46  10  61  24  35  57  56  51  41  73
   6  42  33  50  75  5  34  65  21  31  20  69  56  61  51  30  44  39  16  29  2  68  64  1  41  3  9  73  23  22  19  4  80  25  27  48  72  76  77  70  78  35  7  53  14  37  63  26  46  17  79  47  13  28  11  52  55  62  8  59  40  32  66  54  24  57  43  18  60  38  36  12  49  58  74  10  45  67  15  71
   7  4  13  38  33  64  20  48  14  27  50  31  45  74  8  67  65  36  66  53  63  55  61  43  42  35  69  9  80  40  28  73  37  39  1  77  60  68  18  30  21  79  34  51  10  76  49  54  19  22  26  5  12  72  17  32  6  56  41  2  59  16  78  15  11  62  52  3  23  58  44  70  24  25  46  57  75  47  71  29
   8  73  7  67  72  27  37  66  25  68  40  4  11  1  41  55  51  44  26  39  61  62  53  47  49  17  74  24  28  56  54  69  6  30  10  78  48  36  59  15  46  64  75  19  80  77  58  45  70  18  52  21  42  5  22  14  13  60  33  9  57  2  38  23  79  50  3  12  71  31  34  29  35  43  63  20  32  76  65  16
   11  14  57  42  73  67  62  24  72  30  69  43  44  17  77  65  29  49  8  80  40  66  1  48  63  18  2  23  25  70  12  74  27  76  68  20  16  15  4  32  55  3  28  10  64  39  58  37  41  59  50  79  5  56  6  75  9  47  53  7  34  45  26  38  71  78  61  54  52  22  19  33  46  51  60  36  13  35  21  31
   11  76  68  48  17  62  16  13  39  41  1  57  8  74  21  7  5  66  37  33  15  43  77  26  36  24  47  63  44  69  64  78  20  59  67  25  19  54  9  80  10  56  22  29  72  65  27  4  73  79  55  75  60  38  51  42  12  61  34  53  58  6  28  31  46  18  35  3  30  71  70  45  49  14  52  2  23  32  50  40
   12  10  69  41  60  67  27  68  39  36  31  15  73  59  51  54  21  20  28  76  16  22  56  65  61  8  75  77  55  5  74  4  9  79  47  30  63  11  72  33  13  57  50  40  80  53  6  24  35  71  62  25  46  2  78  23  37  26  43  44  19  34  58  32  52  1  38  3  42  70  14  66  48  29  45  49  18  64  7  17
   14  38  25  23  33  9  11  48  65  73  35  40  66  54  57  6  51  70  64  5  53  28  79  47  18  77  24  17  44  72  3  55  75  29  78  31  49  74  4  34  13  10  76  67  41  1  56  45  2  80  61  43  59  39  71  27  68  26  60  21  7  22  12  58  36  42  63  46  50  15  16  8  62  69  20  19  30  52  37  32
   18  65  72  12  62  23  64  30  33  24  36  38  49  47  22  21  75  52  79  6  27  43  35  68  16  4  8  14  3  31  15  77  48  63  13  51  41  1  32  76  17  53  78  73  20  55  25  39  44  45  2  80  59  40  37  74  26  19  70  34  10  50  58  71  57  67  54  28  11  66  60  42  61  5  29  46  9  69  7  56
