   1  3  17  5  2  19  20  7  11  4  10  21  15  22  18  9  8  13  16  6  14  12
   1  5  11  9  14  15  6  13  21  18  8  19  7  10  2  17  4  3  20  22  16  12
   1  5  12  17  11  3  20  10  13  2  15  21  19  16  9  4  6  7  22  8  18  14
   1  7  3  21  9  17  4  5  12  15  13  22  16  20  2  14  6  19  18  11  8  10
   1  7  5  13  4  11  14  19  9  10  6  17  21  20  8  3  22  15  2  16  18  12
   1  9  21  17  16  7  22  3  19  2  4  15  13  8  14  11  18  5  6  10  20  12
   1  11  6  20  13  5  9  7  8  19  2  22  12  17  3  10  18  14  16  15  4  21
   1  11  22  21  13  18  15  10  16  6  19  5  12  14  17  4  2  20  8  9  3  7
   1  13  9  3  18  21  16  15  17  8  22  11  19  6  4  5  10  7  14  20  2  12
   1  14  12  7  6  15  3  19  13  21  18  22  9  11  16  17  8  20  4  10  2  5
   1  14  18  8  22  7  6  4  9  16  19  21  15  2  13  10  20  3  11  17  12  5
   1  16  13  11  17  8  19  22  12  7  21  15  20  5  9  18  14  2  10  3  4  6
   1  17  13  14  8  21  12  20  18  7  4  22  6  10  9  15  2  11  3  5  16  19
   1  17  21  15  16  4  22  20  7  10  12  19  5  18  8  14  9  6  11  3  2  13
   1  19  12  7  13  21  4  14  11  22  9  3  5  8  15  20  18  17  2  16  6  10
   1  19  13  15  10  9  18  11  3  6  16  5  17  14  22  7  20  21  4  2  8  12
   2  4  18  6  3  20  21  8  12  5  11  22  16  1  19  10  9  14  17  7  15  13
   2  5  1  14  12  7  6  15  3  19  13  21  18  22  9  11  16  17  8  20  4  10
   2  6  12  10  15  16  7  14  22  19  9  20  8  11  3  18  5  4  21  1  17  13
   2  7  13  11  4  14  3  22  8  5  6  21  16  10  12  19  9  20  1  15  18  17
   2  8  6  14  5  12  15  20  10  11  7  18  22  21  9  4  1  16  3  17  19  13
   2  10  4  20  8  17  16  11  9  22  18  21  13  19  3  15  6  7  12  14  1  5
   2  10  22  18  17  8  1  4  20  3  5  16  14  9  15  12  19  6  7  11  21  13
   2  11  3  5  16  19  1  17  13  14  8  21  12  20  18  7  4  22  6  10  9  15
   2  12  16  22  7  4  9  10  8  17  3  14  6  19  21  20  15  18  11  5  1  13
   2  14  6  19  18  11  8  10  1  7  3  21  9  17  4  5  12  15  13  22  16  20
   2  14  10  4  19  22  17  16  18  9  1  12  20  7  5  6  11  8  15  21  3  13
   2  15  9  10  6  22  4  7  18  20  12  21  8  14  13  17  1  19  16  5  3  11
   2  16  4  8  9  18  3  22  6  1  21  10  12  17  11  14  7  20  19  15  5  13
   2  17  18  15  1  20  9  19  12  10  16  21  6  5  8  22  3  14  4  11  13  7
   2  18  20  12  21  14  11  6  16  15  19  8  4  5  17  22  3  10  1  9  7  13
   2  20  12  1  4  6  13  22  15  19  5  10  8  9  3  16  11  17  7  21  18  14
   2  20  14  16  11  10  19  12  4  7  17  6  18  15  1  8  21  22  5  3  9  13
   2  20  16  22  13  15  12  5  4  17  9  21  3  7  1  10  8  11  18  19  6  14
   3  5  16  19  1  17  13  14  8  21  12  20  18  7  4  22  6  10  9  15  2  11
   3  5  19  7  4  21  22  9  13  6  12  1  17  2  20  11  10  15  18  8  16  14
   3  7  1  11  22  21  13  18  15  10  16  6  19  5  12  14  17  4  2  20  8  9
   3  7  13  11  16  17  8  15  1  20  10  21  9  12  4  19  6  5  22  2  18  14
   3  9  7  15  6  13  16  21  11  12  8  19  1  22  10  5  2  17  4  18  20  14
   3  10  18  14  16  15  4  21  1  11  6  20  13  5  9  7  8  19  2  22  12  17
   3  11  2  15  9  10  6  22  4  7  18  20  12  21  8  14  13  17  1  19  16  5
   3  13  17  1  8  5  10  11  9  18  4  15  7  20  22  21  16  19  12  6  2  14
   3  15  6  7  12  14  1  5  2  10  4  20  8  17  16  11  9  22  18  21  13  19
   3  17  5  9  10  19  4  1  7  2  22  11  13  18  12  15  8  21  20  16  6  14
   3  17  12  22  2  19  8  7  9  5  13  20  6  11  1  21  4  15  16  14  18  10
   3  19  13  21  18  22  9  11  16  17  8  20  4  10  2  5  1  14  12  7  6  15
   3  19  21  13  22  15  12  7  17  16  20  9  5  6  18  1  4  11  2  10  8  14
   3  21  13  2  5  7  14  1  16  20  6  11  9  10  4  17  12  18  8  22  19  15
   3  21  15  17  12  11  20  13  5  8  18  7  19  16  2  9  22  1  6  4  10  14
   4  2  10  22  3  8  7  20  16  1  17  6  12  5  9  18  19  14  11  21  13  15
   4  5  12  15  13  22  16  20  2  14  6  19  18  11  8  10  1  7  3  21  9  17
   4  6  20  8  5  22  1  10  14  7  13  2  18  3  21  12  11  16  19  9  17  15
   4  8  14  12  17  18  9  16  2  21  11  22  10  13  5  20  7  6  1  3  19  15
   4  10  8  16  7  14  17  22  12  13  9  20  2  1  11  6  3  18  5  19  21  15
   4  14  18  2  9  6  11  12  10  19  5  16  8  21  1  22  17  20  13  7  3  15
   4  17  9  21  3  7  1  10  8  11  18  19  6  14  2  20  16  22  13  15  12  5
   4  18  6  10  11  20  5  2  8  3  1  12  14  19  13  16  9  22  21  17  7  15
   5  2  16  6  12  7  20  14  15  13  18  4  8  1  10  17  19  22  11  3  21  9
   5  7  21  9  6  1  2  11  15  8  14  3  19  4  22  13  12  17  20  10  18  16
   5  9  7  8  19  2  22  12  17  3  10  18  14  16  15  4  21  1  11  6  20  13
   5  9  15  13  18  19  10  17  3  22  12  1  11  14  6  21  8  7  2  4  20  16
   5  13  3  21  20  11  4  7  1  6  8  19  17  12  18  15  22  9  10  14  2  16
   5  13  20  6  11  1  21  4  15  16  14  18  10  3  17  12  22  2  19  8  7  9
   5  15  19  3  10  7  12  13  11  20  6  17  9  22  2  1  18  21  14  8  4  16
   5  16  4  8  14  21  18  1  2  22  9  17  6  20  11  13  12  7  10  3  19  15
   6  2  18  20  15  14  1  16  8  11  21  10  22  19  5  12  3  4  9  7  13  17
   7  16  6  19  15  17  21  18  1  12  13  5  8  2  10  22  20  11  4  3  9  14
