   1  2  4  8  16  32  27  17  34  31  25  13  26  15  30  23  9  18  36  35  33  29  21  5  10  20  3  6  12  24  11  22  7  14  28  19
   1  5  25  14  33  17  11  18  16  6  30  2  10  13  28  29  34  22  36  32  12  23  4  20  26  19  21  31  7  35  27  24  9  8  3  15
   1  6  23  11  8  28  17  16  9  13  7  33  20  22  30  21  36  14  32  18  3  12  4  2  15  25  31  27  34  35  10  26  29  5  24  19
   1  8  3  15  18  10  9  22  5  25  31  17  6  16  20  29  14  12  30  32  11  2  34  24  35  13  7  23  4  27  28  36  33  21  26  19
   1  13  21  14  34  35  11  32  9  6  4  15  10  19  25  29  7  17  36  24  16  23  3  2  26  5  28  31  33  22  27  18  12  8  30  20
   1  14  15  27  12  28  21  4  29  25  31  5  36  34  26  17  20  6  24  2  35  8  16  18  23  13  7  11  22  3  10  30  9  33  32  19
   1  15  3  8  9  24  27  35  7  31  21  19  26  20  4  23  12  32  36  22  34  29  28  13  10  2  30  6  16  18  11  17  33  14  25  5
   1  17  30  29  12  19  27  15  33  6  28  32  26  35  3  14  16  13  36  20  7  8  25  18  10  22  4  31  9  5  11  2  34  23  21  24
   1  18  11  35  32  28  5  16  21  13  7  9  8  22  6  33  12  2  20  30  15  24  4  26  27  25  31  3  34  23  10  14  17  29  36  19
   1  19  28  14  7  22  11  24  12  6  3  20  10  5  21  29  33  35  36  18  9  23  30  15  26  13  25  31  34  17  27  32  16  8  4  2
   1  20  27  3  6  10  33  22  17  25  31  29  30  16  32  5  26  36  18  8  23  14  34  12  11  13  7  35  4  15  28  24  21  9  2  19
   1  28  32  18  20  26  31  8  36  29  16  35  15  22  13  11  23  4  30  5  25  14  17  27  21  6  24  2  10  19  7  3  34  33  12  9
   1  30  35  23  20  28  29  16  33  13  7  21  32  22  18  9  24  26  8  6  27  36  4  14  3  25  31  15  34  11  10  2  5  17  12  19
   2  1  12  36  15  11  6  35  22  14  8  10  27  5  25  34  31  21  3  13  16  7  23  9  28  26  32  4  17  24  29  33  18  30  19  20
   2  3  23  16  24  36  17  7  29  25  19  10  15  4  6  9  32  11  35  34  14  21  13  1  20  30  8  12  18  27  22  33  31  28  5  26
   2  3  28  4  25  29  34  5  18  26  32  30  13  35  15  6  9  19  1  27  24  33  17  31  12  14  8  36  23  16  11  7  22  10  21  20
   2  7  6  21  18  26  17  4  14  12  5  36  15  34  8  28  24  10  35  30  31  16  19  11  20  33  23  25  32  1  22  3  29  9  13  27
   2  7  24  12  9  29  18  17  10  14  8  34  21  23  31  22  1  15  33  19  4  13  5  3  16  26  32  28  35  36  11  27  30  6  25  20
   2  9  4  16  19  11  10  23  6  26  32  18  7  17  21  30  15  13  31  33  12  3  35  25  36  14  8  24  5  28  29  1  34  22  27  20
   2  10  13  28  29  34  22  36  32  12  23  4  20  26  19  21  31  7  35  27  24  9  8  3  15  1  5  25  14  33  17  11  18  16  6  30
   2  11  5  9  31  4  22  10  18  25  8  7  20  36  13  16  14  3  35  26  32  28  6  33  15  27  19  12  29  30  17  1  24  21  23  34
   2  13  36  24  3  11  30  35  34  14  8  22  15  5  1  10  7  9  27  25  28  19  23  33  4  26  32  16  17  12  29  21  6  18  31  20
   2  15  16  28  13  29  22  5  30  26  32  6  1  35  27  18  21  7  25  3  36  9  17  19  24  14  8  12  23  4  11  31  10  34  33  20
   2  19  12  36  33  29  6  17  22  14  8  10  9  23  7  34  13  3  21  31  16  25  5  27  28  26  32  4  35  24  11  15  18  30  1  20
   2  21  28  4  7  11  34  23  18  26  32  30  31  17  33  6  27  1  19  9  24  15  35  13  12  14  8  36  5  16  29  25  22  10  3  20
   2  25  24  12  27  11  18  35  10  14  8  34  3  5  13  22  19  33  15  1  4  31  23  21  16  26  32  28  17  36  29  9  30  6  7  20
   2  26  5  28  31  33  22  27  18  12  8  30  20  1  13  21  14  34  35  11  32  9  6  4  15  10  19  25  29  7  17  36  24  16  23  3
   2  27  4  16  1  29  10  5  6  26  32  18  25  35  3  30  33  31  13  15  12  21  17  7  36  14  8  24  23  28  11  19  34  22  9  20
   2  27  13  9  29  3  22  1  32  25  23  33  20  11  19  16  31  30  35  10  24  28  8  34  15  36  5  12  14  4  17  26  18  21  6  7
   2  29  33  19  21  27  32  9  1  30  17  36  16  23  14  12  24  5  31  6  26  15  18  28  22  7  25  3  11  20  8  4  35  34  13  10
   2  30  6  16  18  11  17  33  14  25  5  1  15  3  8  9  24  27  35  7  31  21  19  26  20  4  23  12  32  36  22  34  29  28  13  10
   2  31  36  24  21  29  30  17  34  14  8  22  33  23  19  10  25  27  9  7  28  1  5  15  4  26  32  16  35  12  11  3  6  18  13  20
   2  33  16  28  31  11  22  23  30  26  32  6  19  17  9  18  3  25  7  21  36  27  35  1  24  14  8  12  5  4  29  13  10  34  15  20
   2  34  23  21  24  1  17  30  29  12  19  27  15  33  6  28  32  26  35  3  14  16  13  36  20  7  8  25  18  10  22  4  31  9  5  11
   3  2  13  1  16  12  7  36  23  15  9  11  28  6  26  35  32  22  4  14  17  8  24  10  29  27  33  5  18  25  30  34  19  31  20  21
   3  2  26  5  28  31  33  22  27  18  12  8  30  20  1  13  21  14  34  35  11  32  9  6  4  15  10  19  25  29  7  17  36  24  16  23
   3  4  29  5  26  30  35  6  19  27  33  31  14  36  16  7  10  20  2  28  25  34  18  32  13  15  9  1  24  17  12  8  23  11  22  21
   3  6  12  24  11  22  7  14  28  19  1  2  4  8  16  32  27  17  34  31  25  13  26  15  30  23  9  18  36  35  33  29  21  5  10  20
   3  8  25  13  10  30  19  18  11  15  9  35  22  24  32  23  2  16  34  20  5  14  6  4  17  27  33  29  36  1  12  28  31  7  26  21
   3  10  5  17  20  12  11  24  7  27  33  19  8  18  22  31  16  14  32  34  13  4  36  26  1  15  9  25  6  29  30  2  35  23  28  21
   3  14  1  25  4  12  31  36  35  15  9  23  16  6  2  11  8  10  28  26  29  20  24  34  5  27  33  17  18  13  30  22  7  19  32  21
   3  16  17  29  14  30  23  6  31  27  33  7  2  36  28  19  22  8  26  4  1  10  18  20  25  15  9  13  24  5  12  32  11  35  34  21
   3  17  10  32  21  8  33  2  36  19  9  14  30  22  26  24  25  6  34  20  27  5  16  29  4  35  1  18  28  23  7  15  11  13  12  31
   3  20  10  5  21  29  33  35  36  18  9  23  30  15  26  13  25  31  34  17  27  32  16  8  4  2  1  19  28  14  7  22  11  24  12  6
   3  20  13  1  34  30  7  18  23  15  9  11  10  24  8  35  14  4  22  32  17  26  6  28  29  27  33  5  36  25  12  16  19  31  2  21
   3  22  1  32  25  23  33  20  11  19  16  31  30  35  10  24  28  8  34  15  36  5  12  14  4  17  26  18  21  6  7  2  27  13  9  29
   3  22  29  5  8  12  35  24  19  27  33  31  32  18  34  7  28  2  20  10  25  16  36  14  13  15  9  1  6  17  30  26  23  11  4  21
   3  26  25  13  28  12  19  36  11  15  9  35  4  6  14  23  20  34  16  2  5  32  24  22  17  27  33  29  18  1  30  10  31  7  8  21
   3  28  5  17  2  30  11  6  7  27  33  19  26  36  4  31  34  32  14  16  13  22  18  8  1  15  9  25  24  29  12  20  35  23  10  21
   3  31  12  13  11  15  7  23  28  18  1  35  4  29  16  5  27  20  34  6  25  24  26  22  30  14  9  19  36  2  33  8  21  32  10  17
   3  34  17  29  32  12  23  24  31  27  33  7  20  18  10  19  4  26  8  22  1  28  36  2  25  15  9  13  6  5  30  14  11  35  16  21
   3  35  26  32  28  6  33  15  27  19  12  29  30  17  1  24  21  23  34  2  11  5  9  31  4  22  10  18  25  8  7  20  36  13  16  14
   4  3  14  2  17  13  8  1  24  16  10  12  29  7  27  36  33  23  5  15  18  9  25  11  30  28  34  6  19  26  31  35  20  32  21  22
   4  5  30  6  27  31  36  7  20  28  34  32  15  1  17  8  11  21  3  29  26  35  19  33  14  16  10  2  25  18  13  9  24  12  23  22
   4  6  9  32  11  35  34  14  21  13  1  20  30  8  12  18  27  22  33  31  28  5  26  2  3  23  16  24  36  17  7  29  25  19  10  15
   4  9  26  14  11  31  20  19  12  16  10  36  23  25  33  24  3  17  35  21  6  15  7  5  18  28  34  30  1  2  13  29  32  8  27  22
   4  11  6  18  21  13  12  25  8  28  34  20  9  19  23  32  17  15  33  35  14  5  1  27  2  16  10  26  7  30  31  3  36  24  29  22
   4  14  12  5  36  15  34  8  28  24  10  35  30  31  16  19  11  20  33  23  25  32  1  22  3  29  9  13  27  2  7  6  21  18  26  17
   4  15  2  26  5  13  32  1  36  16  10  24  17  7  3  12  9  11  29  27  30  21  25  35  6  28  34  18  19  14  31  23  8  20  33  22
   4  15  10  19  25  29  7  17  36  24  16  23  3  2  26  5  28  31  33  22  27  18  12  8  30  20  1  13  21  14  34  35  11  32  9  6
   4  20  26  19  21  31  7  35  27  24  9  8  3  15  1  5  25  14  33  17  11  18  16  6  30  2  10  13  28  29  34  22  36  32  12  23
   4  21  14  2  35  31  8  19  24  16  10  12  11  25  9  36  15  5  23  33  18  27  7  29  30  28  34  6  1  26  13  17  20  32  3  22
   4  22  10  18  25  8  7  20  36  13  16  14  3  35  26  32  28  6  33  15  27  19  12  29  30  17  1  24  21  23  34  2  11  5  9  31
   4  23  12  32  36  22  34  29  28  13  10  2  30  6  16  18  11  17  33  14  25  5  1  15  3  8  9  24  27  35  7  31  21  19  26  20
   4  23  30  6  9  13  36  25  20  28  34  32  33  19  35  8  29  3  21  11  26  17  1  15  14  16  10  2  7  18  31  27  24  12  5  22
   4  27  26  14  29  13  20  1  12  16  10  36  5  7  15  24  21  35  17  3  6  33  25  23  18  28  34  30  19  2  31  11  32  8  9  22
   4  31  9  5  11  2  34  23  21  24  1  17  30  29  12  19  27  15  33  6  28  32  26  35  3  14  16  13  36  20  7  8  25  18  10  22
   4  33  2  26  23  31  32  19  36  16  10  24  35  25  21  12  27  29  11  9  30  3  7  17  6  28  34  18  1  14  13  5  8  20  15  22
   5  4  15  3  18  14  9  2  25  17  11  13  30  8  28  1  34  24  6  16  19  10  26  12  31  29  35  7  20  27  32  36  21  33  22  23
   5  6  31  7  28  32  1  8  21  29  35  33  16  2  18  9  12  22  4  30  27  36  20  34  15  17  11  3  26  19  14  10  25  13  24  23
   5  9  31  4  22  10  18  25  8  7  20  36  13  16  14  3  35  26  32  28  6  33  15  27  19  12  29  30  17  1  24  21  23  34  2  11
   5  10  27  15  12  32  21  20  13  17  11  1  24  26  34  25  4  18  36  22  7  16  8  6  19  29  35  31  2  3  14  30  33  9  28  23
   5  11  2  34  23  21  24  1  17  30  29  12  19  27  15  33  6  28  32  26  35  3  14  16  13  36  20  7  8  25  18  10  22  4  31  9
   5  16  3  27  6  14  33  2  1  17  11  25  18  8  4  13  10  12  30  28  31  22  26  36  7  29  35  19  20  15  32  24  9  21  34  23
   5  16  29  4  35  1  18  28  23  7  15  11  13  12  31  3  17  10  32  21  8  33  2  36  19  9  14  30  22  26  24  25  6  34  20  27
   5  21  29  33  35  36  18  9  23  30  15  26  13  25  31  34  17  27  32  16  8  4  2  1  19  28  14  7  22  11  24  12  6  3  20  10
   5  22  15  3  36  32  9  20  25  17  11  13  12  26  10  1  16  6  24  34  19  28  8  30  31  29  35  7  2  27  14  18  21  33  4  23
   5  24  31  7  10  14  1  26  21  29  35  33  34  20  36  9  30  4  22  12  27  18  2  16  15  17  11  3  8  19  32  28  25  13  6  23
   5  26  2  3  23  16  24  36  17  7  29  25  19  10  15  4  6  9  32  11  35  34  14  21  13  1  20  30  8  12  18  27  22  33  31  28
   5  28  27  15  30  14  21  2  13  17  11  1  6  8  16  25  22  36  18  4  7  34  26  24  19  29  35  31  20  3  32  12  33  9  10  23
   5  28  31  33  22  27  18  12  8  30  20  1  13  21  14  34  35  11  32  9  6  4  15  10  19  25  29  7  17  36  24  16  23  3  2  26
   5  34  3  27  24  32  33  20  1  17  11  25  36  26  22  13  28  30  12  10  31  4  8  18  7  29  35  19  2  15  14  6  9  21  16  23
   6  3  20  10  5  21  29  33  35  36  18  9  23  30  15  26  13  25  31  34  17  27  32  16  8  4  2  1  19  28  14  7  22  11  24  12
   6  4  15  10  19  25  29  7  17  36  24  16  23  3  2  26  5  28  31  33  22  27  18  12  8  30  20  1  13  21  14  34  35  11  32  9
   6  7  2  27  13  9  29  3  22  1  32  25  23  33  20  11  19  16  31  30  35  10  24  28  8  34  15  36  5  12  14  4  17  26  18  21
   6  7  32  8  29  33  2  9  22  30  36  34  17  3  19  10  13  23  5  31  28  1  21  35  16  18  12  4  27  20  15  11  26  14  25  24
   6  11  28  16  13  33  22  21  14  18  12  2  25  27  35  26  5  19  1  23  8  17  9  7  20  30  36  32  3  4  15  31  34  10  29  24
   6  13  8  20  23  15  14  27  10  30  36  22  11  21  25  34  19  17  35  1  16  7  3  29  4  18  12  28  9  32  33  5  2  26  31  24
   6  16  18  11  17  33  14  25  5  1  15  3  8  9  24  27  35  7  31  21  19  26  20  4  23  12  32  36  22  34  29  28  13  10  2  30
   6  17  4  28  7  15  34  3  2  18  12  26  19  9  5  14  11  13  31  29  32  23  27  1  8  30  36  20  21  16  33  25  10  22  35  24
   6  21  18  26  17  4  14  12  5  36  15  34  8  28  24  10  35  30  31  16  19  11  20  33  23  25  32  1  22  3  29  9  13  27  2  7
   6  25  32  8  11  15  2  27  22  30  36  34  35  21  1  10  31  5  23  13  28  19  3  17  16  18  12  4  9  20  33  29  26  14  7  24
   6  29  28  16  31  15  22  3  14  18  12  2  7  9  17  26  23  1  19  5  8  35  27  25  20  30  36  32  21  4  33  13  34  10  11  24
   6  30  2  10  13  28  29  34  22  36  32  12  23  4  20  26  19  21  31  7  35  27  24  9  8  3  15  1  5  25  14  33  17  11  18  16
   6  31  8  20  5  33  14  9  10  30  36  22  29  3  7  34  1  35  17  19  16  25  21  11  4  18  12  28  27  32  15  23  2  26  13  24
   6  33  15  27  19  12  29  30  17  1  24  21  23  34  2  11  5  9  31  4  22  10  18  25  8  7  20  36  13  16  14  3  35  26  32  28
   6  34  20  27  5  16  29  4  35  1  18  28  23  7  15  11  13  12  31  3  17  10  32  21  8  33  2  36  19  9  14  30  22  26  24  25
   6  35  4  28  25  33  34  21  2  18  12  26  1  27  23  14  29  31  13  11  32  5  9  19  8  30  36  20  3  16  15  7  10  22  17  24
   7  6  17  5  20  16  11  4  27  19  13  15  32  10  30  3  36  26  8  18  21  12  28  14  33  31  1  9  22  29  34  2  23  35  24  25
   7  8  33  9  30  34  3  10  23  31  1  35  18  4  20  11  14  24  6  32  29  2  22  36  17  19  13  5  28  21  16  12  27  15  26  25
   7  12  29  17  14  34  23  22  15  19  13  3  26  28  36  27  6  20  2  24  9  18  10  8  21  31  1  33  4  5  16  32  35  11  30  25
   7  14  9  21  24  16  15  28  11  31  1  23  12  22  26  35  20  18  36  2  17  8  4  30  5  19  13  29  10  33  34  6  3  27  32  25
   7  24  17  5  2  34  11  22  27  19  13  15  14  28  12  3  18  8  26  36  21  30  10  32  33  31  1  9  4  29  16  20  23  35  6  25
   7  26  33  9  12  16  3  28  23  31  1  35  36  22  2  11  32  6  24  14  29  20  4  18  17  19  13  5  10  21  34  30  27  15  8  25
   7  30  29  17  32  16  23  4  15  19  13  3  8  10  18  27  24  2  20  6  9  36  28  26  21  31  1  33  22  5  34  14  35  11  12  25
   7  32  9  21  6  34  15  10  11  31  1  23  30  4  8  35  2  36  18  20  17  26  22  12  5  19  13  29  28  33  16  24  3  27  14  25
   8  9  34  10  31  35  4  11  24  32  2  36  19  5  21  12  15  25  7  33  30  3  23  1  18  20  14  6  29  22  17  13  28  16  27  26
   8  15  10  22  25  17  16  29  12  32  2  24  13  23  27  36  21  19  1  3  18  9  5  31  6  20  14  30  11  34  35  7  4  28  33  26
   8  27  34  10  13  17  4  29  24  32  2  36  1  23  3  12  33  7  25  15  30  21  5  19  18  20  14  6  11  22  35  31  28  16  9  26
   8  33  10  22  7  35  16  11  12  32  2  24  31  5  9  36  3  1  19  21  18  27  23  13  6  20  14  30  29  34  17  25  4  28  15  26
   11  5  27  23  15  28  4  30  31  3  34  24  26  25  33  8  17  12  36  6  10  21  1  18  7  35  2  20  13  16  22  9  32  29  14  19
