   1  3  7  15  12  6  13  8  17  16  14  10  2  5  11  4  9
   1  5  11  9  4  17  7  16  13  14  8  10  15  2  12  3  6
   1  7  15  11  8  10  2  5  17  6  4  13  12  16  3  14  9
   1  10  11  14  6  16  12  17  15  9  8  5  13  3  7  2  4
   1  10  12  9  14  5  11  15  16  8  7  3  13  6  17  4  2
   1  10  13  17  11  3  15  14  7  9  6  2  8  16  4  5  12
   1  11  15  7  12  13  16  6  3  5  14  10  8  2  9  4  17
   1  12  14  15  6  16  11  4  7  3  9  13  2  10  8  5  17
   2  1  15  7  5  11  4  16  13  17  6  14  9  12  3  8  10
   2  6  3  13  14  1  9  5  11  4  7  16  10  8  15  17  12
   2  8  7  4  14  6  1  5  17  15  9  10  13  3  11  16  12
   2  11  8  6  16  17  12  3  14  10  13  15  5  4  9  1  7
   2  12  8  13  11  5  4  1  9  16  3  15  17  6  7  10  14
   2  13  3  16  11  9  15  14  17  8  1  5  10  12  6  7  4
   2  13  4  16  17  10  8  5  9  15  7  12  11  1  3  6  14
   2  15  13  10  14  3  12  17  16  6  8  11  7  1  9  4  5
   2  16  15  6  9  10  12  7  17  14  8  13  1  5  3  11  4
   3  7  13  11  6  2  9  1  15  16  10  12  17  4  14  5  8
   3  12  6  2  17  9  10  14  4  11  16  13  15  1  7  5  8
   3  12  9  7  17  1  13  4  15  11  14  16  6  5  10  2  8
   4  3  7  10  17  8  6  14  1  15  16  12  9  2  11  13  5
   4  5  15  17  7  13  12  3  16  2  14  9  1  6  10  8  11
   4  12  15  17  10  11  9  1  13  8  5  14  2  16  3  7  6
   6  13  3  4  14  8  17  2  1  7  9  5  16  11  15  12  10
