   1  5  18  15  9  7  21  6  14  17  16  4  10  11  13  8  19  12  2  20  3
   1  6  15  13  14  11  10  17  21  12  2  5  7  18  4  20  16  8  3  9  19
   1  14  8  4  21  10  19  11  18  16  20  13  12  2  7  17  3  5  6  9  15
   2  3  17  10  5  14  8  6  13  4  12  1  7  19  18  21  9  11  15  20  16
   2  8  10  17  21  15  1  20  19  11  16  6  9  5  3  12  13  4  14  7  18
   2  8  17  11  19  15  16  1  5  7  18  6  3  20  12  10  13  4  9  21  14
   2  13  4  20  21  16  15  3  1  8  14  11  7  12  5  9  17  19  6  18  10
   2  16  4  1  18  19  6  10  3  9  20  14  21  17  8  7  12  15  5  13  11
   2  19  8  7  9  5  13  20  6  11  1  21  4  15  16  14  18  10  3  17  12
   3  11  13  1  14  6  17  10  16  21  18  8  12  15  9  7  2  20  19  4  5
   3  14  4  11  13  7  2  17  18  15  1  20  9  19  12  10  16  21  6  5  8
   3  15  10  1  5  21  19  18  20  7  4  12  8  11  17  2  13  14  6  16  9
   3  18  1  17  20  11  8  7  19  14  6  15  21  10  12  16  4  2  9  5  13
   3  20  7  12  10  13  1  9  16  18  2  17  14  6  19  8  4  5  21  11  15
   4  7  18  20  12  21  8  14  13  17  1  19  16  5  3  11  2  15  9  10  6
   4  16  20  1  9  19  13  18  5  11  10  12  7  21  17  2  15  8  6  3  14
   5  3  2  9  1  13  17  8  4  19  14  20  6  11  21  18  7  16  10  12  15
   5  7  17  16  10  18  8  14  3  21  4  2  9  1  20  11  6  15  19  12  13
   6  2  20  8  16  3  4  11  14  12  21  15  19  1  13  5  18  17  10  7  9
   6  17  12  16  19  4  1  9  3  2  20  11  21  14  15  5  7  13  18  10  8
