   1  4  41  13  6  16  35  37  21  18  22  2  34  32  10  25  26  8  31  14  27  3  9  17  24  12  28  39  30  29  38  23  15  20  7  19  40  36  11  5  33
   2  8  21  30  13  20  7  24  28  10  25  37  34  3  29  14  16  26  12  1  15  6  22  41  36  39  17  38  32  40  33  23  4  5  35  11  9  31  27  19  18
   2  8  26  37  27  40  36  24  31  9  29  3  11  35  21  22  25  34  18  13  41  39  33  15  4  14  1  5  17  10  32  12  38  30  6  20  19  16  7  23  28
   2  14  21  29  6  38  35  24  28  19  18  1  30  26  11  32  27  20  31  41  39  12  15  17  37  13  5  33  8  34  22  36  16  25  7  23  4  40  3  9  10
   2  18  13  6  3  11  7  28  33  23  4  19  5  34  14  25  26  1  32  17  9  16  30  40  22  20  8  27  39  10  36  12  21  15  35  38  29  31  37  41  24
   2  19  14  39  16  40  7  38  31  22  12  25  11  10  21  29  9  23  4  30  15  17  20  26  41  6  27  3  33  34  8  5  1  37  35  13  18  28  32  24  36
   2  27  9  8  26  13  35  5  20  24  38  32  10  15  1  11  41  37  3  36  33  25  23  4  39  40  19  22  6  17  12  29  14  30  7  16  18  31  21  28  34
   3  11  6  23  14  7  9  22  26  36  17  16  10  34  12  40  25  41  29  18  39  8  20  4  19  33  13  31  37  38  15  5  1  30  28  35  2  27  32  24  21
   3  17  29  30  10  31  7  26  9  11  20  23  18  15  28  24  6  41  39  27  33  14  13  2  38  1  34  8  40  32  16  36  21  25  35  4  12  19  5  22  37
   3  23  14  17  22  10  35  41  13  28  5  1  30  27  21  31  2  11  4  25  9  20  36  38  24  6  33  34  32  40  39  15  37  18  7  19  26  16  8  12  29
   3  25  6  37  28  35  9  8  40  36  31  2  38  20  12  26  11  13  1  18  39  22  34  32  5  33  41  17  23  10  15  19  29  30  14  7  16  27  4  24  21
   3  31  1  30  38  17  35  40  9  25  34  37  18  15  14  24  6  13  39  27  33  28  41  16  10  29  20  22  26  4  2  36  21  11  7  32  12  5  19  8  23
   4  16  21  18  5  40  35  6  14  20  29  11  26  27  37  28  32  10  24  23  9  12  2  19  30  15  13  34  22  38  3  25  8  31  7  1  39  41  33  17  36
   4  17  28  15  32  38  35  34  41  2  24  29  1  20  21  37  39  25  8  18  9  13  40  10  19  12  33  27  3  26  16  31  23  11  7  5  36  14  22  6  30
   4  24  38  22  28  15  36  12  21  23  33  40  32  35  7  39  27  10  11  16  41  37  17  3  19  13  26  5  29  20  18  8  1  9  6  34  2  14  31  30  25
   4  28  21  37  12  34  7  6  14  17  36  23  18  10  1  22  33  40  41  19  15  24  9  13  11  5  31  3  16  26  2  30  32  29  35  25  8  38  27  39  20
   4  33  39  16  10  5  7  31  40  6  34  22  20  9  23  1  19  11  27  30  3  29  25  8  15  38  17  2  12  13  24  37  28  18  35  32  36  41  21  14  26
   5  18  26  10  32  25  7  6  31  33  27  4  20  16  39  30  36  8  12  2  3  13  34  41  38  1  21  9  24  19  11  28  37  23  35  22  40  29  14  17  15
   6  5  25  13  23  20  35  9  21  24  30  34  15  33  2  26  16  10  18  4  39  41  8  37  38  1  14  40  17  31  22  11  3  28  7  29  27  12  19  36  32
   6  11  9  29  3  13  7  25  20  31  39  32  34  22  1  27  12  37  26  30  33  5  18  4  38  28  19  15  2  17  41  8  14  36  35  16  23  24  21  40  10
   6  18  38  28  24  1  35  19  13  23  20  22  9  39  15  36  29  2  8  11  27  12  10  5  33  41  21  4  17  31  30  34  25  32  7  16  40  3  14  37  26
   8  3  15  32  20  31  35  41  38  12  26  2  40  39  25  23  17  1  33  18  27  37  29  16  9  34  13  4  24  5  6  11  14  36  7  22  30  19  21  28  10
   8  32  21  36  31  38  7  12  28  40  37  1  10  33  11  14  22  20  6  25  39  24  4  17  18  9  5  26  2  34  27  29  16  41  35  23  15  19  3  13  30
   9  13  28  37  38  2  7  25  11  14  1  17  6  39  21  23  34  19  26  5  27  4  24  16  30  18  15  32  40  8  33  3  41  12  35  29  22  20  10  36  31
   9  19  18  13  28  35  27  38  22  24  37  20  2  32  36  8  5  25  31  12  33  10  4  26  29  15  11  23  41  16  3  1  17  6  14  7  34  39  40  30  21
   10  11  28  27  38  32  35  22  29  26  18  41  13  8  21  19  3  31  20  24  33  1  16  4  37  30  9  15  39  2  40  25  5  17  7  23  6  14  34  36  12
   11  14  7  9  33  20  36  13  38  37  25  10  2  35  1  23  29  15  19  24  41  30  27  34  32  8  21  5  28  3  4  16  31  39  6  40  18  12  26  22  17
