   1  2  4  8  16  32  3  6  12  24  48  35  9  18  36  11  22  44  27  54  47  33  5  10  20  40  19  38  15  30  60  59  57  53  45  29  58  55  49  37  13  26  52  43  25  50  39  17  34  7  14  28  56  51  41  21  42  23  46  31
   1  6  36  33  15  29  52  7  42  8  48  44  20  59  49  50  56  31  3  18  47  38  45  26  34  21  4  24  22  10  60  55  25  28  46  32  9  54  19  53  13  17  41  2  12  11  5  30  58  43  14  23  16  35  27  40  57  37  39  51
   1  7  49  38  22  32  41  43  57  33  48  31  34  55  19  11  16  51  52  59  47  24  46  17  58  40  36  8  56  26  60  54  12  23  39  29  20  18  4  28  13  30  27  6  42  50  45  10  9  2  14  37  15  44  3  21  25  53  5  35
   1  8  43  15  35  50  44  22  25  42  46  57  41  51  17  29  30  32  3  49  26  53  40  4  9  48  7  58  6  24  54  36  28  37  18  39  34  10  23  56  19  33  2  60  59  47  21  11  27  16  12  55  52  14  20  5  45  13  38  31
   1  10  39  24  57  21  27  26  16  38  14  18  58  31  5  50  12  59  41  44  13  8  19  7  9  29  46  33  25  6  60  51  22  37  4  40  34  35  45  23  47  43  3  30  56  11  49  2  20  17  48  53  42  54  52  32  15  28  36  55
   1  12  7  23  3  18  60  34  13  14  46  29  21  11  9  45  38  24  47  25  6  57  28  40  5  32  19  22  26  20  50  56  52  49  2  35  10  58  27  36  55  17  54  8  15  39  41  51  59  16  44  43  4  30  48  33  53  37  42  31
   1  14  19  27  47  32  38  40  37  60  16  45  41  51  5  53  12  50  39  13  56  29  22  58  33  54  55  4  36  18  48  6  34  25  24  3  28  52  59  26  43  9  20  42  23  35  21  11  15  46  30  7  10  8  2  17  57  49  44  31
   1  17  45  33  12  21  52  30  22  8  14  55  20  35  46  50  57  54  3  51  13  38  36  2  34  29  5  24  42  43  60  44  16  28  49  40  9  31  39  53  47  6  41  26  15  11  4  7  58  10  48  23  25  59  27  32  56  37  19  18
   1  18  19  37  56  32  27  59  25  23  48  10  58  7  4  11  15  26  41  6  47  53  39  31  9  40  49  28  16  44  60  43  42  24  5  29  34  2  36  38  13  51  3  54  57  50  46  35  20  55  14  8  22  30  52  21  12  33  45  17
   1  18  43  35  15  60  54  52  25  32  16  17  21  11  57  9  20  42  23  49  36  33  10  34  29  38  7  28  56  14  44  26  58  37  8  59  4  40  3  6  19  53  12  50  39  27  41  51  47  46  2  55  22  24  30  45  5  13  48  31
   1  20  55  39  59  14  32  58  49  18  46  33  41  51  53  17  54  8  15  37  26  5  4  52  57  60  43  10  6  12  42  36  40  13  30  27  22  34  35  56  7  45  38  24  47  23  21  11  3  16  48  19  28  2  44  29  9  25  50  31
   1  26  5  8  25  40  3  17  15  24  14  59  9  51  45  11  42  55  27  31  13  33  4  43  20  32  39  38  12  7  60  35  56  53  36  21  58  44  46  37  47  2  52  10  16  50  19  6  34  30  48  28  57  18  41  29  22  23  49  54
   1  30  46  38  42  40  41  10  56  33  14  54  34  44  39  11  25  18  52  35  13  24  49  6  58  32  45  8  57  2  60  31  15  23  19  21  20  51  5  28  47  7  27  17  22  50  36  43  9  26  48  37  12  55  3  29  16  53  4  59
   1  31  46  23  42  21  41  51  56  28  14  7  34  17  39  50  25  43  52  26  13  37  49  55  58  29  45  53  57  59  60  30  15  38  19  40  20  10  5  33  47  54  27  44  22  11  36  18  9  35  48  24  12  6  3  32  16  8  4  2
   1  32  7  3  23  38  20  34  13  54  46  9  41  51  29  5  18  44  27  25  26  17  28  40  45  12  19  22  6  60  30  36  52  49  42  15  10  58  47  56  55  57  14  48  35  59  21  11  39  16  24  43  4  50  8  53  33  37  2  31
   1  44  45  28  12  40  52  31  22  53  14  6  20  26  46  11  57  7  3  10  13  23  36  59  34  32  5  37  42  18  60  17  16  33  49  21  9  30  39  8  47  55  41  35  15  50  4  54  58  51  48  38  25  2  27  29  56  24  19  43
   2  1  31  46  23  42  21  41  51  56  28  14  7  34  17  39  50  25  43  52  26  13  37  49  55  58  29  45  53  57  59  60  30  15  38  19  40  20  10  5  33  47  54  27  44  22  11  36  18  9  35  48  24  12  6  3  32  16  8  4
   2  3  8  4  24  9  51  5  14  25  17  10  42  52  30  6  49  15  28  26  57  18  59  11  46  43  20  53  37  31  1  7  23  50  13  16  41  29  48  27  56  58  45  19  36  60  22  12  40  47  55  44  35  21  39  54  34  38  33  32
   2  9  10  45  50  42  6  27  30  13  28  4  18  20  29  39  23  12  54  60  26  56  8  36  40  58  17  46  24  47  59  52  51  16  11  19  55  34  31  48  33  57  43  41  32  22  38  49  7  1  35  5  53  25  21  3  44  15  37  14
   2  9  44  16  36  51  45  23  26  43  47  58  42  52  18  30  31  33  4  50  27  54  41  5  10  49  8  59  7  25  55  37  29  38  19  40  35  11  24  57  20  34  3  1  60  48  22  12  28  17  13  56  53  15  21  6  46  14  39  32
   2  12  11  5  30  58  43  14  23  16  35  27  40  57  37  39  51  1  6  36  33  15  29  52  7  42  8  48  44  20  59  49  50  56  31  3  18  47  38  45  26  34  21  4  24  22  10  60  55  25  28  46  32  9  54  19  53  13  17  41
   2  13  8  24  4  19  1  35  14  15  47  30  22  12  10  46  39  25  48  26  7  58  29  41  6  33  20  23  27  21  51  57  53  50  3  36  11  59  28  37  56  18  55  9  16  40  42  52  60  17  45  44  5  31  49  34  54  38  43  32
   2  14  37  15  44  3  21  25  53  5  35  1  7  49  38  22  32  41  43  57  33  48  31  34  55  19  11  16  51  52  59  47  24  46  17  58  40  36  8  56  26  60  54  12  23  39  29  20  18  4  28  13  30  27  6  42  50  45  10  9
   2  15  20  28  48  33  39  41  38  1  17  46  42  52  6  54  13  51  40  14  57  30  23  59  34  55  56  5  37  19  49  7  35  26  25  4  29  53  60  27  44  10  21  43  24  36  22  12  16  47  31  8  11  9  3  18  58  50  45  32
   2  19  44  36  16  1  55  53  26  33  17  18  22  12  58  10  21  43  24  50  37  34  11  35  30  39  8  29  57  15  45  27  59  38  9  60  5  41  4  7  20  54  13  51  40  28  42  52  48  47  3  56  23  25  31  46  6  14  49  32
   2  20  17  48  53  42  54  52  32  15  28  36  55  1  10  39  24  57  21  27  26  16  38  14  18  58  31  5  50  12  59  41  44  13  8  19  7  9  29  46  33  25  6  60  51  22  37  4  40  34  35  45  23  47  43  3  30  56  11  49
   2  21  56  40  60  15  33  59  50  19  47  34  42  52  54  18  55  9  16  38  27  6  5  53  58  1  44  11  7  13  43  37  41  14  31  28  23  35  36  57  8  46  39  25  48  24  22  12  4  17  49  20  29  3  45  30  10  26  51  32
   2  25  20  48  28  43  49  11  38  51  47  6  22  12  46  34  3  1  60  14  7  10  53  29  54  45  56  35  27  9  39  57  5  26  15  24  59  23  40  37  44  30  31  33  4  16  42  52  36  17  21  8  41  19  13  58  18  50  55  32
   2  25  38  48  51  58  54  4  50  15  35  41  55  47  8  39  30  9  21  49  33  16  17  60  18  42  37  5  32  34  59  36  23  13  10  3  7  57  11  46  26  20  6  14  53  22  31  52  40  12  28  45  44  1  43  19  24  56  29  27
   2  27  29  56  24  19  43  1  44  45  28  12  40  52  31  22  53  14  6  20  26  46  11  57  7  3  10  13  23  36  59  34  32  5  37  42  18  60  17  16  33  49  21  9  30  39  8  47  55  41  35  15  50  4  54  58  51  48  38  25
   2  31  56  60  40  25  43  29  50  9  17  54  22  12  34  58  45  19  36  38  37  46  35  23  18  51  44  41  57  3  33  27  11  14  21  48  53  5  16  7  8  6  49  15  28  4  42  52  24  47  39  20  59  13  55  10  30  26  1  32
   2  33  8  4  24  39  21  35  14  55  47  10  42  52  30  6  19  45  28  26  27  18  29  41  46  13  20  23  7  1  31  37  53  50  43  16  11  59  48  57  56  58  15  49  36  60  22  12  40  17  25  44  5  51  9  54  34  38  3  32
   2  34  29  5  24  42  43  60  44  16  28  49  40  9  31  39  53  47  6  41  26  15  11  4  7  58  10  48  23  25  59  27  32  56  37  19  18  1  17  45  33  12  21  52  30  22  8  14  55  20  35  46  50  57  54  3  51  13  38  36
   2  36  38  13  51  3  54  57  50  46  35  20  55  14  8  22  30  52  21  12  33  45  17  1  18  19  37  56  32  27  59  25  23  48  10  58  7  4  11  15  26  41  6  47  53  39  31  9  40  49  28  16  44  60  43  42  24  5  29  34
   2  39  44  16  36  21  15  53  26  13  17  58  42  52  18  30  1  3  4  50  57  54  11  35  10  19  8  29  37  55  25  7  59  38  49  40  5  41  24  27  20  34  33  31  60  48  22  12  28  47  43  56  23  45  51  6  46  14  9  32
   2  41  17  13  53  19  54  9  32  46  28  25  55  60  10  22  24  4  21  34  26  45  38  47  18  3  31  56  50  49  59  20  44  48  8  42  7  52  29  15  33  36  6  1  51  39  37  57  40  27  35  16  23  14  43  58  30  5  11  12
   2  43  8  24  4  49  31  5  14  45  17  30  22  12  10  46  9  55  48  26  37  58  59  11  6  3  20  53  57  51  21  27  23  50  33  36  41  29  28  7  56  18  25  39  16  40  42  52  60  47  15  44  35  1  19  34  54  38  13  32
   2  45  20  28  48  3  9  11  38  31  47  46  42  52  6  54  43  21  40  14  27  30  53  29  34  25  56  35  7  49  19  37  5  26  55  4  59  23  60  57  44  10  51  13  24  36  22  12  16  17  1  8  41  39  33  18  58  50  15  32
   2  47  37  46  44  58  21  36  53  56  35  60  7  12  38  39  32  20  43  4  33  13  31  27  55  42  11  45  51  9  59  14  24  15  17  3  40  25  8  5  26  1  54  49  23  22  29  41  18  57  28  48  30  34  6  19  50  16  10  52
   2  49  11  56  30  3  43  47  23  45  35  34  40  4  37  22  51  60  6  25  33  46  29  9  7  19  8  13  44  41  59  12  50  5  31  58  18  14  38  16  26  27  21  57  24  39  10  1  55  36  28  15  32  52  54  42  53  48  17  20
   2  49  44  36  16  31  25  23  26  3  47  18  22  12  58  10  51  13  24  50  7  34  41  5  30  9  8  59  27  45  15  57  29  38  39  60  35  11  4  37  20  54  43  21  40  28  42  52  48  17  33  56  53  55  1  46  6  14  19  32
   2  51  56  40  60  45  3  29  50  49  17  34  42  52  54  18  25  39  16  38  57  6  35  23  58  31  44  41  37  43  13  7  11  14  1  28  53  5  36  27  8  46  9  55  48  24  22  12  4  47  19  20  59  33  15  30  10  26  21  32
   2  52  10  16  50  19  6  34  30  48  28  57  18  41  29  22  23  49  54  1  26  5  8  25  40  3  17  15  24  14  59  9  51  45  11  42  55  27  31  13  33  4  43  20  32  39  38  12  7  60  35  56  53  36  21  58  44  46  37  47
   2  55  20  48  28  13  19  41  38  21  17  6  22  12  46  34  33  31  60  14  37  10  23  59  54  15  56  5  57  39  9  27  35  26  45  24  29  53  40  7  44  30  1  3  4  16  42  52  36  47  51  8  11  49  43  58  18  50  25  32
   3  2  57  1  41  56  14  60  51  40  48  55  23  13  35  59  16  50  37  39  8  47  6  54  19  22  45  12  28  34  4  58  42  15  52  49  24  36  17  38  9  7  20  46  29  5  43  53  25  18  10  21  30  44  26  11  31  27  32  33
   3  4  9  5  25  10  52  6  15  26  18  11  43  53  31  7  50  16  29  27  58  19  60  12  47  44  21  54  38  32  2  8  24  51  14  17  42  30  49  28  57  59  46  20  37  1  23  13  41  48  56  45  36  22  40  55  35  39  34  33
   3  6  12  24  48  35  9  18  36  11  22  44  27  54  47  33  5  10  20  40  19  38  15  30  60  59  57  53  45  29  58  55  49  37  13  26  52  43  25  50  39  17  34  7  14  28  56  51  41  21  42  23  46  31  1  2  4  8  16  32
   3  7  57  11  46  26  20  6  14  53  22  31  52  40  12  28  45  44  1  43  19  24  56  29  27  2  25  38  48  51  58  54  4  50  15  35  41  55  47  8  39  30  9  21  49  33  16  17  60  18  42  37  5  32  34  59  36  23  13  10
   3  10  13  23  36  59  34  32  5  37  42  18  60  17  16  33  49  21  9  30  39  8  47  55  41  35  15  50  4  54  58  51  48  38  25  2  27  29  56  24  19  43  1  44  45  28  12  40  52  31  22  53  14  6  20  26  46  11  57  7
   3  10  45  17  37  52  46  24  27  44  48  59  43  53  19  31  32  34  5  51  28  55  42  6  11  50  9  60  8  26  56  38  30  39  20  41  36  12  25  58  21  35  4  2  1  49  23  13  29  18  14  57  54  16  22  7  47  15  40  33
   3  14  9  25  5  20  2  36  15  16  48  31  23  13  11  47  40  26  49  27  8  59  30  42  7  34  21  24  28  22  52  58  54  51  4  37  12  60  29  38  57  19  56  10  17  41  43  53  1  18  46  45  6  32  50  35  55  39  44  33
   3  16  21  29  49  34  40  42  39  2  18  47  43  53  7  55  14  52  41  15  58  31  24  60  35  56  57  6  38  20  50  8  36  27  26  5  30  54  1  28  45  11  22  44  25  37  23  13  17  48  32  9  12  10  4  19  59  51  46  33
   3  17  15  24  14  59  9  51  45  11  42  55  27  31  13  33  4  43  20  32  39  38  12  7  60  35  56  53  36  21  58  44  46  37  47  2  52  10  16  50  19  6  34  30  48  28  57  18  41  29  22  23  49  54  1  26  5  8  25  40
   3  18  47  38  45  26  34  21  4  24  22  10  60  55  25  28  46  32  9  54  19  53  13  17  41  2  12  11  5  30  58  43  14  23  16  35  27  40  57  37  39  51  1  6  36  33  15  29  52  7  42  8  48  44  20  59  49  50  56  31
   3  20  45  37  17  2  56  54  27  34  18  19  23  13  59  11  22  44  25  51  38  35  12  36  31  40  9  30  58  16  46  28  60  39  10  1  6  42  5  8  21  55  14  52  41  29  43  53  49  48  4  57  24  26  32  47  7  15  50  33
   3  21  25  53  5  35  1  7  49  38  22  32  41  43  57  33  48  31  34  55  19  11  16  51  52  59  47  24  46  17  58  40  36  8  56  26  60  54  12  23  39  29  20  18  4  28  13  30  27  6  42  50  45  10  9  2  14  37  15  44
   3  22  57  41  1  16  34  60  51  20  48  35  43  53  55  19  56  10  17  39  28  7  6  54  59  2  45  12  8  14  44  38  42  15  32  29  24  36  37  58  9  47  40  26  49  25  23  13  5  18  50  21  30  4  46  31  11  27  52  33
   3  26  21  49  29  44  50  12  39  52  48  7  23  13  47  35  4  2  1  15  8  11  54  30  55  46  57  36  28  10  40  58  6  27  16  25  60  24  41  38  45  31  32  34  5  17  43  53  37  18  22  9  42  20  14  59  19  51  56  33
   3  29  16  53  4  59  1  30  46  38  42  40  41  10  56  33  14  54  34  44  39  11  25  18  52  35  13  24  49  6  58  32  45  8  57  2  60  31  15  23  19  21  20  51  5  28  47  7  27  17  22  50  36  43  9  26  48  37  12  55
   3  30  56  11  49  2  20  17  48  53  42  54  52  32  15  28  36  55  1  10  39  24  57  21  27  26  16  38  14  18  58  31  5  50  12  59  41  44  13  8  19  7  9  29  46  33  25  6  60  51  22  37  4  40  34  35  45  23  47  43
   3  31  56  50  49  59  20  44  48  8  42  7  52  29  15  33  36  6  1  51  39  37  57  40  27  35  16  23  14  43  58  30  5  11  12  2  41  17  13  53  19  54  9  32  46  28  25  55  60  10  22  24  4  21  34  26  45  38  47  18
   3  32  16  8  4  2  1  31  46  23  42  21  41  51  56  28  14  7  34  17  39  50  25  43  52  26  13  37  49  55  58  29  45  53  57  59  60  30  15  38  19  40  20  10  5  33  47  54  27  44  22  11  36  18  9  35  48  24  12  6
   3  32  57  1  41  26  44  30  51  10  18  55  23  13  35  59  46  20  37  39  38  47  36  24  19  52  45  42  58  4  34  28  12  15  22  49  54  6  17  8  9  7  50  16  29  5  43  53  25  48  40  21  60  14  56  11  31  27  2  33
   3  34  9  5  25  40  22  36  15  56  48  11  43  53  31  7  20  46  29  27  28  19  30  42  47  14  21  24  8  2  32  38  54  51  44  17  12  60  49  58  57  59  16  50  37  1  23  13  41  18  26  45  6  52  10  55  35  39  4  33
   3  40  25  8  5  26  1  54  49  23  22  29  41  18  57  28  48  30  34  6  19  50  16  10  52  2  47  37  46  44  58  21  36  53  56  35  60  7  12  38  39  32  20  43  4  33  13  31  27  55  42  11  45  51  9  59  14  24  15  17
   3  40  45  17  37  22  16  54  27  14  18  59  43  53  19  31  2  4  5  51  58  55  12  36  11  20  9  30  38  56  26  8  60  39  50  41  6  42  25  28  21  35  34  32  1  49  23  13  29  48  44  57  24  46  52  7  47  15  10  33
   3  43  47  23  45  35  34  40  4  37  22  51  60  6  25  33  46  29  9  7  19  8  13  44  41  59  12  50  5  31  58  18  14  38  16  26  27  21  57  24  39  10  1  55  36  28  15  32  52  54  42  53  48  17  20  2  49  11  56  30
   3  44  9  25  5  50  32  6  15  46  18  31  23  13  11  47  10  56  49  27  38  59  60  12  7  4  21  54  58  52  22  28  24  51  34  37  42  30  29  8  57  19  26  40  17  41  43  53  1  48  16  45  36  2  20  35  55  39  14  33
   3  44  15  37  14  2  9  10  45  50  42  6  27  30  13  28  4  18  20  29  39  23  12  54  60  26  56  8  36  40  58  17  46  24  47  59  52  51  16  11  19  55  34  31  48  33  57  43  41  32  22  38  49  7  1  35  5  53  25  21
   3  46  21  29  49  4  10  12  39  32  48  47  43  53  7  55  44  22  41  15  28  31  54  30  35  26  57  36  8  50  20  38  6  27  56  5  60  24  1  58  45  11  52  14  25  37  23  13  17  18  2  9  42  40  34  19  59  51  16  33
   3  50  45  37  17  32  26  24  27  4  48  19  23  13  59  11  52  14  25  51  8  35  42  6  31  10  9  60  28  46  16  58  30  39  40  1  36  12  5  38  21  55  44  22  41  29  43  53  49  18  34  57  54  56  2  47  7  15  20  33
   3  51  13  38  36  2  34  29  5  24  42  43  60  44  16  28  49  40  9  31  39  53  47  6  41  26  15  11  4  7  58  10  48  23  25  59  27  32  56  37  19  18  1  17  45  33  12  21  52  30  22  8  14  55  20  35  46  50  57  54
   3  52  57  41  1  46  4  30  51  50  18  35  43  53  55  19  26  40  17  39  58  7  36  24  59  32  45  42  38  44  14  8  12  15  2  29  54  6  37  28  9  47  10  56  49  25  23  13  5  48  20  21  60  34  16  31  11  27  22  33
   3  54  57  50  46  35  20  55  14  8  22  30  52  21  12  33  45  17  1  18  19  37  56  32  27  59  25  23  48  10  58  7  4  11  15  26  41  6  47  53  39  31  9  40  49  28  16  44  60  43  42  24  5  29  34  2  36  38  13  51
   3  55  12  37  48  26  9  43  36  50  22  17  27  7  47  28  5  51  20  21  19  23  15  31  60  2  57  8  45  32  58  6  49  24  13  35  52  18  25  11  39  44  34  54  14  33  56  10  41  40  42  38  46  30  1  59  4  53  16  29
   3  56  21  49  29  14  20  42  39  22  18  7  23  13  47  35  34  32  1  15  38  11  24  60  55  16  57  6  58  40  10  28  36  27  46  25  30  54  41  8  45  31  2  4  5  17  43  53  37  48  52  9  12  50  44  59  19  51  26  33
   4  3  58  2  42  57  15  1  52  41  49  56  24  14  36  60  17  51  38  40  9  48  7  55  20  23  46  13  29  35  5  59  43  16  53  50  25  37  18  39  10  8  21  47  30  6  44  54  26  19  11  22  31  45  27  12  32  28  33  34
   4  5  10  6  26  11  53  7  16  27  19  12  44  54  32  8  51  17  30  28  59  20  1  13  48  45  22  55  39  33  3  9  25  52  15  18  43  31  50  29  58  60  47  21  38  2  24  14  42  49  57  46  37  23  41  56  36  40  35  34
   4  7  58  10  48  23  25  59  27  32  56  37  19  18  1  17  45  33  12  21  52  30  22  8  14  55  20  35  46  50  57  54  3  51  13  38  36  2  34  29  5  24  42  43  60  44  16  28  49  40  9  31  39  53  47  6  41  26  15  11
   4  10  53  22  12  45  20  46  34  26  13  29  51  42  8  31  33  7  27  54  19  28  36  60  55  41  25  23  24  18  30  1  57  5  9  16  37  56  3  47  44  40  17  58  43  11  14  59  35  49  32  21  39  52  6  48  15  50  2  38
   4  11  15  26  41  6  47  53  39  31  9  40  49  28  16  44  60  43  42  24  5  29  34  2  36  38  13  51  3  54  57  50  46  35  20  55  14  8  22  30  52  21  12  33  45  17  1  18  19  37  56  32  27  59  25  23  48  10  58  7
   4  11  46  18  38  53  47  25  28  45  49  60  44  54  20  32  33  35  6  52  29  56  43  7  12  51  10  1  9  27  57  39  31  40  21  42  37  13  26  59  22  36  5  3  2  50  24  14  30  19  15  58  55  17  23  8  48  16  41  34
   4  15  10  26  6  21  3  37  16  17  49  32  24  14  12  48  41  27  50  28  9  60  31  43  8  35  22  25  29  23  53  59  55  52  5  38  13  1  30  39  58  20  57  11  18  42  44  54  2  19  47  46  7  33  51  36  56  40  45  34
   4  17  22  30  50  35  41  43  40  3  19  48  44  54  8  56  15  53  42  16  59  32  25  1  36  57  58  7  39  21  51  9  37  28  27  6  31  55  2  29  46  12  23  45  26  38  24  14  18  49  33  10  13  11  5  20  60  52  47  34
   4  18  20  29  39  23  12  54  60  26  56  8  36  40  58  17  46  24  47  59  52  51  16  11  19  55  34  31  48  33  57  43  41  32  22  38  49  7  1  35  5  53  25  21  3  44  15  37  14  2  9  10  45  50  42  6  27  30  13  28
   4  21  34  26  45  38  47  18  3  31  56  50  49  59  20  44  48  8  42  7  52  29  15  33  36  6  1  51  39  37  57  40  27  35  16  23  14  43  58  30  5  11  12  2  41  17  13  53  19  54  9  32  46  28  25  55  60  10  22  24
   4  21  46  38  18  3  57  55  28  35  19  20  24  14  60  12  23  45  26  52  39  36  13  37  32  41  10  31  59  17  47  29  1  40  11  2  7  43  6  9  22  56  15  53  42  30  44  54  50  49  5  58  25  27  33  48  8  16  51  34
   4  23  58  42  2  17  35  1  52  21  49  36  44  54  56  20  57  11  18  40  29  8  7  55  60  3  46  13  9  15  45  39  43  16  33  30  25  37  38  59  10  48  41  27  50  26  24  14  6  19  51  22  31  5  47  32  12  28  53  34
   4  24  22  10  60  55  25  28  46  32  9  54  19  53  13  17  41  2  12  11  5  30  58  43  14  23  16  35  27  40  57  37  39  51  1  6  36  33  15  29  52  7  42  8  48  44  20  59  49  50  56  31  3  18  47  38  45  26  34  21
   4  27  22  50  30  45  51  13  40  53  49  8  24  14  48  36  5  3  2  16  9  12  55  31  56  47  58  37  29  11  41  59  7  28  17  26  1  25  42  39  46  32  33  35  6  18  44  54  38  19  23  10  43  21  15  60  20  52  57  34
   4  28  13  30  27  6  42  50  45  10  9  2  14  37  15  44  3  21  25  53  5  35  1  7  49  38  22  32  41  43  57  33  48  31  34  55  19  11  16  51  52  59  47  24  46  17  58  40  36  8  56  26  60  54  12  23  39  29  20  18
   4  33  13  31  27  55  42  11  45  51  9  59  14  24  15  17  3  40  25  8  5  26  1  54  49  23  22  29  41  18  57  28  48  30  34  6  19  50  16  10  52  2  47  37  46  44  58  21  36  53  56  35  60  7  12  38  39  32  20  43
   4  33  58  2  42  27  45  31  52  11  19  56  24  14  36  60  47  21  38  40  39  48  37  25  20  53  46  43  59  5  35  29  13  16  23  50  55  7  18  9  10  8  51  17  30  6  44  54  26  49  41  22  1  15  57  12  32  28  3  34
   4  35  10  6  26  41  23  37  16  57  49  12  44  54  32  8  21  47  30  28  29  20  31  43  48  15  22  25  9  3  33  39  55  52  45  18  13  1  50  59  58  60  17  51  38  2  24  14  42  19  27  46  7  53  11  56  36  40  5  34
   4  37  22  51  60  6  25  33  46  29  9  7  19  8  13  44  41  59  12  50  5  31  58  18  14  38  16  26  27  21  57  24  39  10  1  55  36  28  15  32  52  54  42  53  48  17  20  2  49  11  56  30  3  43  47  23  45  35  34  40
   4  41  46  18  38  23  17  55  28  15  19  60  44  54  20  32  3  5  6  52  59  56  13  37  12  21  10  31  39  57  27  9  1  40  51  42  7  43  26  29  22  36  35  33  2  50  24  14  30  49  45  58  25  47  53  8  48  16  11  34
   4  43  20  32  39  38  12  7  60  35  56  53  36  21  58  44  46  37  47  2  52  10  16  50  19  6  34  30  48  28  57  18  41  29  22  23  49  54  1  26  5  8  25  40  3  17  15  24  14  59  9  51  45  11  42  55  27  31  13  33
   4  45  10  26  6  51  33  7  16  47  19  32  24  14  12  48  11  57  50  28  39  60  1  13  8  5  22  55  59  53  23  29  25  52  35  38  43  31  30  9  58  20  27  41  18  42  44  54  2  49  17  46  37  3  21  36  56  40  15  34
   4  50  15  35  41  55  47  8  39  30  9  21  49  33  16  17  60  18  42  37  5  32  34  59  36  23  13  10  3  7  57  11  46  26  20  6  14  53  22  31  52  40  12  28  45  44  1  43  19  24  56  29  27  2  25  38  48  51  58  54
   4  51  46  38  18  33  27  25  28  5  49  20  24  14  60  12  53  15  26  52  9  36  43  7  32  11  10  1  29  47  17  59  31  40  41  2  37  13  6  39  22  56  45  23  42  30  44  54  50  19  35  58  55  57  3  48  8  16  21  34
   4  53  58  42  2  47  5  31  52  51  19  36  44  54  56  20  27  41  18  40  59  8  37  25  60  33  46  43  39  45  15  9  13  16  3  30  55  7  38  29  10  48  11  57  50  26  24  14  6  49  21  22  1  35  17  32  12  28  23  34
   4  54  58  51  48  38  25  2  27  29  56  24  19  43  1  44  45  28  12  40  52  31  22  53  14  6  20  26  46  11  57  7  3  10  13  23  36  59  34  32  5  37  42  18  60  17  16  33  49  21  9  30  39  8  47  55  41  35  15  50
   4  57  22  50  30  15  21  43  40  23  19  8  24  14  48  36  35  33  2  16  39  12  25  1  56  17  58  7  59  41  11  29  37  28  47  26  31  55  42  9  46  32  3  5  6  18  44  54  38  49  53  10  13  51  45  60  20  52  27  34
   5  4  59  3  43  58  16  2  53  42  50  57  25  15  37  1  18  52  39  41  10  49  8  56  21  24  47  14  30  36  6  60  44  17  54  51  26  38  19  40  11  9  22  48  31  7  45  55  27  20  12  23  32  46  28  13  33  29  34  35
   5  6  11  7  27  12  54  8  17  28  20  13  45  55  33  9  52  18  31  29  60  21  2  14  49  46  23  56  40  34  4  10  26  53  16  19  44  32  51  30  59  1  48  22  39  3  25  15  43  50  58  47  38  24  42  57  37  41  36  35
   5  10  20  40  19  38  15  30  60  59  57  53  45  29  58  55  49  37  13  26  52  43  25  50  39  17  34  7  14  28  56  51  41  21  42  23  46  31  1  2  4  8  16  32  3  6  12  24  48  35  9  18  36  11  22  44  27  54  47  33
   5  11  12  2  41  17  13  53  19  54  9  32  46  28  25  55  60  10  22  24  4  21  34  26  45  38  47  18  3  31  56  50  49  59  20  44  48  8  42  7  52  29  15  33  36  6  1  51  39  37  57  40  27  35  16  23  14  43  58  30
   5  12  47  19  39  54  48  26  29  46  50  1  45  55  21  33  34  36  7  53  30  57  44  8  13  52  11  2  10  28  58  40  32  41  22  43  38  14  27  60  23  37  6  4  3  51  25  15  31  20  16  59  56  18  24  9  49  17  42  35
   5  16  11  27  7  22  4  38  17  18  50  33  25  15  13  49  42  28  51  29  10  1  32  44  9  36  23  26  30  24  54  60  56  53  6  39  14  2  31  40  59  21  58  12  19  43  45  55  3  20  48  47  8  34  52  37  57  41  46  35
   5  22  47  39  19  4  58  56  29  36  20  21  25  15  1  13  24  46  27  53  40  37  14  38  33  42  11  32  60  18  48  30  2  41  12  3  8  44  7  10  23  57  16  54  43  31  45  55  51  50  6  59  26  28  34  49  9  17  52  35
   5  24  42  43  60  44  16  28  49  40  9  31  39  53  47  6  41  26  15  11  4  7  58  10  48  23  25  59  27  32  56  37  19  18  1  17  45  33  12  21  52  30  22  8  14  55  20  35  46  50  57  54  3  51  13  38  36  2  34  29
   5  24  59  43  3  18  36  2  53  22  50  37  45  55  57  21  58  12  19  41  30  9  8  56  1  4  47  14  10  16  46  40  44  17  34  31  26  38  39  60  11  49  42  28  51  27  25  15  7  20  52  23  32  6  48  33  13  29  54  35
   5  28  47  7  27  17  22  50  36  43  9  26  48  37  12  55  3  29  16  53  4  59  1  30  46  38  42  40  41  10  56  33  14  54  34  44  39  11  25  18  52  35  13  24  49  6  58  32  45  8  57  2  60  31  15  23  19  21  20  51
   5  30  58  43  14  23  16  35  27  40  57  37  39  51  1  6  36  33  15  29  52  7  42  8  48  44  20  59  49  50  56  31  3  18  47  38  45  26  34  21  4  24  22  10  60  55  25  28  46  32  9  54  19  53  13  17  41  2  12  11
   5  31  58  18  14  38  16  26  27  21  57  24  39  10  1  55  36  28  15  32  52  54  42  53  48  17  20  2  49  11  56  30  3  43  47  23  45  35  34  40  4  37  22  51  60  6  25  33  46  29  9  7  19  8  13  44  41  59  12  50
   5  33  47  54  27  44  22  11  36  18  9  35  48  24  12  6  3  32  16  8  4  2  1  31  46  23  42  21  41  51  56  28  14  7  34  17  39  50  25  43  52  26  13  37  49  55  58  29  45  53  57  59  60  30  15  38  19  40  20  10
   5  34  59  3  43  28  46  32  53  12  20  57  25  15  37  1  48  22  39  41  40  49  38  26  21  54  47  44  60  6  36  30  14  17  24  51  56  8  19  10  11  9  52  18  31  7  45  55  27  50  42  23  2  16  58  13  33  29  4  35
   5  36  11  7  27  42  24  38  17  58  50  13  45  55  33  9  22  48  31  29  30  21  32  44  49  16  23  26  10  4  34  40  56  53  46  19  14  2  51  60  59  1  18  52  39  3  25  15  43  20  28  47  8  54  12  57  37  41  6  35
   5  37  42  18  60  17  16  33  49  21  9  30  39  8  47  55  41  35  15  50  4  54  58  51  48  38  25  2  27  29  56  24  19  43  1  44  45  28  12  40  52  31  22  53  14  6  20  26  46  11  57  7  3  10  13  23  36  59  34  32
   5  42  47  19  39  24  18  56  29  16  20  1  45  55  21  33  4  6  7  53  60  57  14  38  13  22  11  32  40  58  28  10  2  41  52  43  8  44  27  30  23  37  36  34  3  51  25  15  31  50  46  59  26  48  54  9  49  17  12  35
   5  46  11  27  7  52  34  8  17  48  20  33  25  15  13  49  12  58  51  29  40  1  2  14  9  6  23  56  60  54  24  30  26  53  36  39  44  32  31  10  59  21  28  42  19  43  45  55  3  50  18  47  38  4  22  37  57  41  16  35
   5  50  12  59  41  44  13  8  19  7  9  29  46  33  25  6  60  51  22  37  4  40  34  35  45  23  47  43  3  30  56  11  49  2  20  17  48  53  42  54  52  32  15  28  36  55  1  10  39  24  57  21  27  26  16  38  14  18  58  31
   5  51  20  21  19  23  15  31  60  2  57  8  45  32  58  6  49  24  13  35  52  18  25  11  39  44  34  54  14  33  56  10  41  40  42  38  46  30  1  59  4  53  16  29  3  55  12  37  48  26  9  43  36  50  22  17  27  7  47  28
   5  52  47  39  19  34  28  26  29  6  50  21  25  15  1  13  54  16  27  53  10  37  44  8  33  12  11  2  30  48  18  60  32  41  42  3  38  14  7  40  23  57  46  24  43  31  45  55  51  20  36  59  56  58  4  49  9  17  22  35
   5  54  59  43  3  48  6  32  53  52  20  37  45  55  57  21  28  42  19  41  60  9  38  26  1  34  47  44  40  46  16  10  14  17  4  31  56  8  39  30  11  49  12  58  51  27  25  15  7  50  22  23  2  36  18  33  13  29  24  35
   6  3  32  16  8  4  2  1  31  46  23  42  21  41  51  56  28  14  7  34  17  39  50  25  43  52  26  13  37  49  55  58  29  45  53  57  59  60  30  15  38  19  40  20  10  5  33  47  54  27  44  22  11  36  18  9  35  48  24  12
   6  7  12  8  28  13  55  9  18  29  21  14  46  56  34  10  53  19  32  30  1  22  3  15  50  47  24  57  41  35  5  11  27  54  17  20  45  33  52  31  60  2  49  23  40  4  26  16  44  51  59  48  39  25  43  58  38  42  37  36
   6  13  48  20  40  55  49  27  30  47  51  2  46  56  22  34  35  37  8  54  31  58  45  9  14  53  12  3  11  29  59  41  33  42  23  44  39  15  28  1  24  38  7  5  4  52  26  16  32  21  17  60  57  19  25  10  50  18  43  36
   6  14  53  22  31  52  40  12  28  45  44  1  43  19  24  56  29  27  2  25  38  48  51  58  54  4  50  15  35  41  55  47  8  39  30  9  21  49  33  16  17  60  18  42  37  5  32  34  59  36  23  13  10  3  7  57  11  46  26  20
   6  17  12  28  8  23  5  39  18  19  51  34  26  16  14  50  43  29  52  30  11  2  33  45  10  37  24  27  31  25  55  1  57  54  7  40  15  3  32  41  60  22  59  13  20  44  46  56  4  21  49  48  9  35  53  38  58  42  47  36
   6  19  24  32  52  37  43  45  42  5  21  50  46  56  10  58  17  55  44  18  1  34  27  3  38  59  60  9  41  23  53  11  39  30  29  8  33  57  4  31  48  14  25  47  28  40  26  16  20  51  35  12  15  13  7  22  2  54  49  36
   6  19  50  16  10  52  2  47  37  46  44  58  21  36  53  56  35  60  7  12  38  39  32  20  43  4  33  13  31  27  55  42  11  45  51  9  59  14  24  15  17  3  40  25  8  5  26  1  54  49  23  22  29  41  18  57  28  48  30  34
   6  20  26  46  11  57  7  3  10  13  23  36  59  34  32  5  37  42  18  60  17  16  33  49  21  9  30  39  8  47  55  41  35  15  50  4  54  58  51  48  38  25  2  27  29  56  24  19  43  1  44  45  28  12  40  52  31  22  53  14
   6  23  48  40  20  5  59  57  30  37  21  22  26  16  2  14  25  47  28  54  41  38  15  39  34  43  12  33  1  19  49  31  3  42  13  4  9  45  8  11  24  58  17  55  44  32  46  56  52  51  7  60  27  29  35  50  10  18  53  36
   6  27  30  13  28  4  18  20  29  39  23  12  54  60  26  56  8  36  40  58  17  46  24  47  59  52  51  16  11  19  55  34  31  48  33  57  43  41  32  22  38  49  7  1  35  5  53  25  21  3  44  15  37  14  2  9  10  45  50  42
   6  29  24  52  32  47  53  15  42  55  51  10  26  16  50  38  7  5  4  18  11  14  57  33  58  49  60  39  31  13  43  1  9  30  19  28  3  27  44  41  48  34  35  37  8  20  46  56  40  21  25  12  45  23  17  2  22  54  59  36
   6  34  30  48  28  57  18  41  29  22  23  49  54  1  26  5  8  25  40  3  17  15  24  14  59  9  51  45  11  42  55  27  31  13  33  4  43  20  32  39  38  12  7  60  35  56  53  36  21  58  44  46  37  47  2  52  10  16  50  19
   6  37  12  8  28  43  25  39  18  59  51  14  46  56  34  10  23  49  32  30  31  22  33  45  50  17  24  27  11  5  35  41  57  54  47  20  15  3  52  1  60  2  19  53  40  4  26  16  44  21  29  48  9  55  13  58  38  42  7  36
   6  41  26  15  11  4  7  58  10  48  23  25  59  27  32  56  37  19  18  1  17  45  33  12  21  52  30  22  8  14  55  20  35  46  50  57  54  3  51  13  38  36  2  34  29  5  24  42  43  60  44  16  28  49  40  9  31  39  53  47
   6  42  50  45  10  9  2  14  37  15  44  3  21  25  53  5  35  1  7  49  38  22  32  41  43  57  33  48  31  34  55  19  11  16  51  52  59  47  24  46  17  58  40  36  8  56  26  60  54  12  23  39  29  20  18  4  28  13  30  27
   6  43  48  20  40  25  19  57  30  17  21  2  46  56  22  34  5  7  8  54  1  58  15  39  14  23  12  33  41  59  29  11  3  42  53  44  9  45  28  31  24  38  37  35  4  52  26  16  32  51  47  60  27  49  55  10  50  18  13  36
   6  47  12  28  8  53  35  9  18  49  21  34  26  16  14  50  13  59  52  30  41  2  3  15  10  7  24  57  1  55  25  31  27  54  37  40  45  33  32  11  60  22  29  43  20  44  46  56  4  51  19  48  39  5  23  38  58  42  17  36
   6  47  53  39  31  9  40  49  28  16  44  60  43  42  24  5  29  34  2  36  38  13  51  3  54  57  50  46  35  20  55  14  8  22  30  52  21  12  33  45  17  1  18  19  37  56  32  27  59  25  23  48  10  58  7  4  11  15  26  41
   6  49  24  32  52  7  13  15  42  35  51  50  46  56  10  58  47  25  44  18  31  34  57  33  38  29  60  39  11  53  23  41  9  30  59  8  3  27  4  1  48  14  55  17  28  40  26  16  20  21  5  12  45  43  37  22  2  54  19  36
   6  53  48  40  20  35  29  27  30  7  51  22  26  16  2  14  55  17  28  54  11  38  45  9  34  13  12  3  31  49  19  1  33  42  43  4  39  15  8  41  24  58  47  25  44  32  46  56  52  21  37  60  57  59  5  50  10  18  23  36
   6  58  32  45  8  57  2  60  31  15  23  19  21  20  51  5  28  47  7  27  17  22  50  36  43  9  26  48  37  12  55  3  29  16  53  4  59  1  30  46  38  42  40  41  10  56  33  14  54  34  44  39  11  25  18  52  35  13  24  49
   6  59  24  52  32  17  23  45  42  25  21  10  26  16  50  38  37  35  4  18  41  14  27  3  58  19  60  9  1  43  13  31  39  30  49  28  33  57  44  11  48  34  5  7  8  20  46  56  40  51  55  12  15  53  47  2  22  54  29  36
   7  8  13  9  29  14  56  10  19  30  22  15  47  57  35  11  54  20  33  31  2  23  4  16  51  48  25  58  42  36  6  12  28  55  18  21  46  34  53  32  1  3  50  24  41  5  27  17  45  52  60  49  40  26  44  59  39  43  38  37
   7  9  29  46  33  25  6  60  51  22  37  4  40  34  35  45  23  47  43  3  30  56  11  49  2  20  17  48  53  42  54  52  32  15  28  36  55  1  10  39  24  57  21  27  26  16  38  14  18  58  31  5  50  12  59  41  44  13  8  19
   7  14  28  56  51  41  21  42  23  46  31  1  2  4  8  16  32  3  6  12  24  48  35  9  18  36  11  22  44  27  54  47  33  5  10  20  40  19  38  15  30  60  59  57  53  45  29  58  55  49  37  13  26  52  43  25  50  39  17  34
   7  14  41  28  51  19  1  56  27  39  58  38  24  2  20  49  60  54  6  15  21  53  25  13  23  48  9  4  37  40  31  35  52  57  32  45  29  12  10  30  3  42  44  43  36  50  47  26  16  46  5  33  22  18  55  8  34  11  59  17
   7  14  49  21  41  56  50  28  31  48  52  3  47  57  23  35  36  38  9  55  32  59  46  10  15  54  13  4  12  30  60  42  34  43  24  45  40  16  29  2  25  39  8  6  5  53  27  17  33  22  18  1  58  20  26  11  51  19  44  37
   7  18  13  29  9  24  6  40  19  20  52  35  27  17  15  51  44  30  53  31  12  3  34  46  11  38  25  28  32  26  56  2  58  55  8  41  16  4  33  42  1  23  60  14  21  45  47  57  5  22  50  49  10  36  54  39  59  43  48  37
   7  19  8  13  44  41  59  12  50  5  31  58  18  14  38  16  26  27  21  57  24  39  10  1  55  36  28  15  32  52  54  42  53  48  17  20  2  49  11  56  30  3  43  47  23  45  35  34  40  4  37  22  51  60  6  25  33  46  29  9
   7  20  25  33  53  38  44  46  43  6  22  51  47  57  11  59  18  56  45  19  2  35  28  4  39  60  1  10  42  24  54  12  40  31  30  9  34  58  5  32  49  15  26  48  29  41  27  17  21  52  36  13  16  14  8  23  3  55  50  37
   7  24  49  41  21  6  60  58  31  38  22  23  27  17  3  15  26  48  29  55  42  39  16  40  35  44  13  34  2  20  50  32  4  43  14  5  10  46  9  12  25  59  18  56  45  33  47  57  53  52  8  1  28  30  36  51  11  19  54  37
   7  27  17  22  50  36  43  9  26  48  37  12  55  3  29  16  53  4  59  1  30  46  38  42  40  41  10  56  33  14  54  34  44  39  11  25  18  52  35  13  24  49  6  58  32  45  8  57  2  60  31  15  23  19  21  20  51  5  28  47
   7  34  17  39  50  25  43  52  26  13  37  49  55  58  29  45  53  57  59  60  30  15  38  19  40  20  10  5  33  47  54  27  44  22  11  36  18  9  35  48  24  12  6  3  32  16  8  4  2  1  31  46  23  42  21  41  51  56  28  14
   7  38  13  9  29  44  26  40  19  60  52  15  47  57  35  11  24  50  33  31  32  23  34  46  51  18  25  28  12  6  36  42  58  55  48  21  16  4  53  2  1  3  20  54  41  5  27  17  45  22  30  49  10  56  14  59  39  43  8  37
   7  44  49  21  41  26  20  58  31  18  22  3  47  57  23  35  6  8  9  55  2  59  16  40  15  24  13  34  42  60  30  12  4  43  54  45  10  46  29  32  25  39  38  36  5  53  27  17  33  52  48  1  28  50  56  11  51  19  14  37
   7  47  28  5  51  20  21  19  23  15  31  60  2  57  8  45  32  58  6  49  24  13  35  52  18  25  11  39  44  34  54  14  33  56  10  41  40  42  38  46  30  1  59  4  53  16  29  3  55  12  37  48  26  9  43  36  50  22  17  27
   7  48  13  29  9  54  36  10  19  50  22  35  27  17  15  51  14  60  53  31  42  3  4  16  11  8  25  58  2  56  26  32  28  55  38  41  46  34  33  12  1  23  30  44  21  45  47  57  5  52  20  49  40  6  24  39  59  43  18  37
   7  50  25  33  53  8  14  16  43  36  52  51  47  57  11  59  48  26  45  19  32  35  58  34  39  30  1  40  12  54  24  42  10  31  60  9  4  28  5  2  49  15  56  18  29  41  27  17  21  22  6  13  46  44  38  23  3  55  20  37
   7  52  29  15  33  36  6  1  51  39  37  57  40  27  35  16  23  14  43  58  30  5  11  12  2  41  17  13  53  19  54  9  32  46  28  25  55  60  10  22  24  4  21  34  26  45  38  47  18  3  31  56  50  49  59  20  44  48  8  42
   8  13  44  41  59  12  50  5  31  58  18  14  38  16  26  27  21  57  24  39  10  1  55  36  28  15  32  52  54  42  53  48  17  20  2  49  11  56  30  3  43  47  23  45  35  34  40  4  37  22  51  60  6  25  33  46  29  9  7  19
   8  14  55  20  35  46  50  57  54  3  51  13  38  36  2  34  29  5  24  42  43  60  44  16  28  49  40  9  31  39  53  47  6  41  26  15  11  4  7  58  10  48  23  25  59  27  32  56  37  19  18  1  17  45  33  12  21  52  30  22
   8  15  50  22  42  57  51  29  32  49  53  4  48  58  24  36  37  39  10  56  33  60  47  11  16  55  14  5  13  31  1  43  35  44  25  46  41  17  30  3  26  40  9  7  6  54  28  18  34  23  19  2  59  21  27  12  52  20  45  38
   8  19  7  9  29  46  33  25  6  60  51  22  37  4  40  34  35  45  23  47  43  3  30  56  11  49  2  20  17  48  53  42  54  52  32  15  28  36  55  1  10  39  24  57  21  27  26  16  38  14  18  58  31  5  50  12  59  41  44  13
   8  21  26  34  54  39  45  47  44  7  23  52  48  58  12  60  19  57  46  20  3  36  29  5  40  1  2  11  43  25  55  13  41  32  31  10  35  59  6  33  50  16  27  49  30  42  28  18  22  53  37  14  17  15  9  24  4  56  51  38
   8  22  30  52  21  12  33  45  17  1  18  19  37  56  32  27  59  25  23  48  10  58  7  4  11  15  26  41  6  47  53  39  31  9  40  49  28  16  44  60  43  42  24  5  29  34  2  36  38  13  51  3  54  57  50  46  35  20  55  14
   8  27  2  46  6  21  39  5  56  25  53  40  48  58  60  24  1  15  22  44  33  12  11  59  4  7  50  17  13  19  49  43  47  20  37  34  29  41  42  3  14  52  45  31  54  30  28  18  10  23  55  26  35  9  51  36  16  32  57  38
   8  39  30  9  21  49  33  16  17  60  18  42  37  5  32  34  59  36  23  13  10  3  7  57  11  46  26  20  6  14  53  22  31  52  40  12  28  45  44  1  43  19  24  56  29  27  2  25  38  48  51  58  54  4  50  15  35  41  55  47
   8  42  7  52  29  15  33  36  6  1  51  39  37  57  40  27  35  16  23  14  43  58  30  5  11  12  2  41  17  13  53  19  54  9  32  46  28  25  55  60  10  22  24  4  21  34  26  45  38  47  18  3  31  56  50  49  59  20  44  48
   8  45  50  22  42  27  21  59  32  19  23  4  48  58  24  36  7  9  10  56  3  60  17  41  16  25  14  35  43  1  31  13  5  44  55  46  11  47  30  33  26  40  39  37  6  54  28  18  34  53  49  2  29  51  57  12  52  20  15  38
   8  47  55  41  35  15  50  4  54  58  51  48  38  25  2  27  29  56  24  19  43  1  44  45  28  12  40  52  31  22  53  14  6  20  26  46  11  57  7  3  10  13  23  36  59  34  32  5  37  42  18  60  17  16  33  49  21  9  30  39
   8  48  44  20  59  49  50  56  31  3  18  47  38  45  26  34  21  4  24  22  10  60  55  25  28  46  32  9  54  19  53  13  17  41  2  12  11  5  30  58  43  14  23  16  35  27  40  57  37  39  51  1  6  36  33  15  29  52  7  42
   8  51  26  34  54  9  15  17  44  37  53  52  48  58  12  60  49  27  46  20  33  36  59  35  40  31  2  41  13  55  25  43  11  32  1  10  5  29  6  3  50  16  57  19  30  42  28  18  22  23  7  14  47  45  39  24  4  56  21  38
   8  57  2  46  6  51  9  35  56  55  23  40  48  58  60  24  31  45  22  44  3  12  41  29  4  37  50  47  43  49  19  13  17  20  7  34  59  11  42  33  14  52  15  1  54  30  28  18  10  53  25  26  5  39  21  36  16  32  27  38
   9  2  14  37  15  44  3  21  25  53  5  35  1  7  49  38  22  32  41  43  57  33  48  31  34  55  19  11  16  51  52  59  47  24  46  17  58  40  36  8  56  26  60  54  12  23  39  29  20  18  4  28  13  30  27  6  42  50  45  10
   9  2  27  55  35  20  26  48  45  28  24  13  29  19  53  41  40  38  7  21  44  17  30  6  1  22  3  12  4  46  16  34  42  33  52  31  36  60  47  14  51  37  8  10  11  23  49  59  43  54  58  15  18  56  50  5  25  57  32  39
   9  8  3  7  47  2  20  6  57  46  54  1  29  19  41  5  22  56  43  45  14  53  12  60  25  28  51  18  34  40  10  4  48  21  58  55  30  42  23  44  15  13  26  52  35  11  49  59  31  24  16  27  36  50  32  17  37  33  38  39
   9  18  36  11  22  44  27  54  47  33  5  10  20  40  19  38  15  30  60  59  57  53  45  29  58  55  49  37  13  26  52  43  25  50  39  17  34  7  14  28  56  51  41  21  42  23  46  31  1  2  4  8  16  32  3  6  12  24  48  35
   9  22  27  35  55  40  46  48  45  8  24  53  49  59  13  1  20  58  47  21  4  37  30  6  41  2  3  12  44  26  56  14  42  33  32  11  36  60  7  34  51  17  28  50  31  43  29  19  23  54  38  15  18  16  10  25  5  57  52  39
   9  26  48  37  12  55  3  29  16  53  4  59  1  30  46  38  42  40  41  10  56  33  14  54  34  44  39  11  25  18  52  35  13  24  49  6  58  32  45  8  57  2  60  31  15  23  19  21  20  51  5  28  47  7  27  17  22  50  36  43
   9  28  3  47  7  22  40  6  57  26  54  41  49  59  1  25  2  16  23  45  34  13  12  60  5  8  51  18  14  20  50  44  48  21  38  35  30  42  43  4  15  53  46  32  55  31  29  19  11  24  56  27  36  10  52  37  17  33  58  39
   9  32  27  55  35  50  56  18  45  58  54  13  29  19  53  41  10  8  7  21  14  17  60  36  1  52  3  42  34  16  46  4  12  33  22  31  6  30  47  44  51  37  38  40  11  23  49  59  43  24  28  15  48  26  20  5  25  57  2  39
   9  35  48  24  12  6  3  32  16  8  4  2  1  31  46  23  42  21  41  51  56  28  14  7  34  17  39  50  25  43  52  26  13  37  49  55  58  29  45  53  57  59  60  30  15  38  19  40  20  10  5  33  47  54  27  44  22  11  36  18
   9  38  3  7  47  32  50  36  57  16  24  1  29  19  41  5  52  26  43  45  44  53  42  30  25  58  51  48  4  10  40  34  18  21  28  55  60  12  23  14  15  13  56  22  35  11  49  59  31  54  46  27  6  20  2  17  37  33  8  39
   9  43  36  50  22  17  27  7  47  28  5  51  20  21  19  23  15  31  60  2  57  8  45  32  58  6  49  24  13  35  52  18  25  11  39  44  34  54  14  33  56  10  41  40  42  38  46  30  1  59  4  53  16  29  3  55  12  37  48  26
   9  52  27  35  55  10  16  18  45  38  54  53  49  59  13  1  50  28  47  21  34  37  60  36  41  32  3  42  14  56  26  44  12  33  2  11  6  30  7  4  51  17  58  20  31  43  29  19  23  24  8  15  48  46  40  25  5  57  22  39
   9  58  3  47  7  52  10  36  57  56  24  41  49  59  1  25  32  46  23  45  4  13  42  30  5  38  51  48  44  50  20  14  18  21  8  35  60  12  43  34  15  53  16  2  55  31  29  19  11  54  26  27  6  40  22  37  17  33  28  39
   9  59  14  24  15  17  3  40  25  8  5  26  1  54  49  23  22  29  41  18  57  28  48  30  34  6  19  50  16  10  52  2  47  37  46  44  58  21  36  53  56  35  60  7  12  38  39  32  20  43  4  33  13  31  27  55  42  11  45  51
   10  3  7  57  11  46  26  20  6  14  53  22  31  52  40  12  28  45  44  1  43  19  24  56  29  27  2  25  38  48  51  58  54  4  50  15  35  41  55  47  8  39  30  9  21  49  33  16  17  60  18  42  37  5  32  34  59  36  23  13
   10  3  28  56  36  21  27  49  46  29  25  14  30  20  54  42  41  39  8  22  45  18  31  7  2  23  4  13  5  47  17  35  43  34  53  32  37  1  48  15  52  38  9  11  12  24  50  60  44  55  59  16  19  57  51  6  26  58  33  40
   10  9  2  14  37  15  44  3  21  25  53  5  35  1  7  49  38  22  32  41  43  57  33  48  31  34  55  19  11  16  51  52  59  47  24  46  17  58  40  36  8  56  26  60  54  12  23  39  29  20  18  4  28  13  30  27  6  42  50  45
   10  9  4  8  48  3  21  7  58  47  55  2  30  20  42  6  23  57  44  46  15  54  13  1  26  29  52  19  35  41  11  5  49  22  59  56  31  43  24  45  16  14  27  53  36  12  50  60  32  25  17  28  37  51  33  18  38  34  39  40
   10  11  16  12  32  17  59  13  22  33  25  18  50  60  38  14  57  23  36  34  5  26  7  19  54  51  28  1  45  39  9  15  31  58  21  24  49  37  56  35  4  6  53  27  44  8  30  20  48  55  3  52  43  29  47  2  42  46  41  40
   10  21  16  32  12  27  9  43  22  23  55  38  30  20  18  54  47  33  56  34  15  6  37  49  14  41  28  31  35  29  59  5  1  58  11  44  19  7  36  45  4  26  3  17  24  48  50  60  8  25  53  52  13  39  57  42  2  46  51  40
   10  23  28  36  56  41  47  49  46  9  25  54  50  60  14  2  21  59  48  22  5  38  31  7  42  3  4  13  45  27  57  15  43  34  33  12  37  1  8  35  52  18  29  51  32  44  30  20  24  55  39  16  19  17  11  26  6  58  53  40
   10  29  4  48  8  23  41  7  58  27  55  42  50  60  2  26  3  17  24  46  35  14  13  1  6  9  52  19  15  21  51  45  49  22  39  36  31  43  44  5  16  54  47  33  56  32  30  20  12  25  57  28  37  11  53  38  18  34  59  40
   10  33  28  56  36  51  57  19  46  59  55  14  30  20  54  42  11  9  8  22  15  18  1  37  2  53  4  43  35  17  47  5  13  34  23  32  7  31  48  45  52  38  39  41  12  24  50  60  44  25  29  16  49  27  21  6  26  58  3  40
   10  39  4  8  48  33  51  37  58  17  25  2  30  20  42  6  53  27  44  46  45  54  43  31  26  59  52  49  5  11  41  35  19  22  29  56  1  13  24  15  16  14  57  23  36  12  50  60  32  55  47  28  7  21  3  18  38  34  9  40
   10  41  16  12  32  47  29  43  22  3  55  18  50  60  38  14  27  53  36  34  35  26  37  49  54  21  28  31  15  9  39  45  1  58  51  24  19  7  56  5  4  6  23  57  44  8  30  20  48  25  33  52  13  59  17  2  42  46  11  40
   10  51  16  32  12  57  39  13  22  53  25  38  30  20  18  54  17  3  56  34  45  6  7  19  14  11  28  1  5  59  29  35  31  58  41  44  49  37  36  15  4  26  33  47  24  48  50  60  8  55  23  52  43  9  27  42  2  46  21  40
   10  52  2  47  37  46  44  58  21  36  53  56  35  60  7  12  38  39  32  20  43  4  33  13  31  27  55  42  11  45  51  9  59  14  24  15  17  3  40  25  8  5  26  1  54  49  23  22  29  41  18  57  28  48  30  34  6  19  50  16
   10  53  28  36  56  11  17  19  46  39  55  54  50  60  14  2  51  29  48  22  35  38  1  37  42  33  4  43  15  57  27  45  13  34  3  12  7  31  8  5  52  18  59  21  32  44  30  20  24  25  9  16  49  47  41  26  6  58  23  40
   10  58  7  4  11  15  26  41  6  47  53  39  31  9  40  49  28  16  44  60  43  42  24  5  29  34  2  36  38  13  51  3  54  57  50  46  35  20  55  14  8  22  30  52  21  12  33  45  17  1  18  19  37  56  32  27  59  25  23  48
   10  59  4  48  8  53  11  37  58  57  25  42  50  60  2  26  33  47  24  46  5  14  43  31  6  39  52  49  45  51  21  15  19  22  9  36  1  13  44  35  16  54  17  3  56  32  30  20  12  55  27  28  7  41  23  38  18  34  29  40
   11  4  7  58  10  48  23  25  59  27  32  56  37  19  18  1  17  45  33  12  21  52  30  22  8  14  55  20  35  46  50  57  54  3  51  13  38  36  2  34  29  5  24  42  43  60  44  16  28  49  40  9  31  39  53  47  6  41  26  15
   11  5  30  58  43  14  23  16  35  27  40  57  37  39  51  1  6  36  33  15  29  52  7  42  8  48  44  20  59  49  50  56  31  3  18  47  38  45  26  34  21  4  24  22  10  60  55  25  28  46  32  9  54  19  53  13  17  41  2  12
   11  10  5  9  49  4  22  8  59  48  56  3  31  21  43  7  24  58  45  47  16  55  14  2  27  30  53  20  36  42  12  6  50  23  60  57  32  44  25  46  17  15  28  54  37  13  51  1  33  26  18  29  38  52  34  19  39  35  40  41
   11  16  51  52  59  47  24  46  17  58  40  36  8  56  26  60  54  12  23  39  29  20  18  4  28  13  30  27  6  42  50  45  10  9  2  14  37  15  44  3  21  25  53  5  35  1  7  49  38  22  32  41  43  57  33  48  31  34  55  19
   11  19  55  34  31  48  33  57  43  41  32  22  38  49  7  1  35  5  53  25  21  3  44  15  37  14  2  9  10  45  50  42  6  27  30  13  28  4  18  20  29  39  23  12  54  60  26  56  8  36  40  58  17  46  24  47  59  52  51  16
   11  22  17  33  13  28  10  44  23  24  56  39  31  21  19  55  48  34  57  35  16  7  38  50  15  42  29  32  36  30  60  6  2  59  12  45  20  8  37  46  5  27  4  18  25  49  51  1  9  26  54  53  14  40  58  43  3  47  52  41
   11  22  44  27  54  47  33  5  10  20  40  19  38  15  30  60  59  57  53  45  29  58  55  49  37  13  26  52  43  25  50  39  17  34  7  14  28  56  51  41  21  42  23  46  31  1  2  4  8  16  32  3  6  12  24  48  35  9  18  36
   11  24  29  37  57  42  48  50  47  10  26  55  51  1  15  3  22  60  49  23  6  39  32  8  43  4  5  14  46  28  58  16  44  35  34  13  38  2  9  36  53  19  30  52  33  45  31  21  25  56  40  17  20  18  12  27  7  59  54  41
   11  25  18  52  35  13  24  49  6  58  32  45  8  57  2  60  31  15  23  19  21  20  51  5  28  47  7  27  17  22  50  36  43  9  26  48  37  12  55  3  29  16  53  4  59  1  30  46  38  42  40  41  10  56  33  14  54  34  44  39
   11  28  53  45  25  10  4  2  35  42  26  27  31  21  7  19  30  52  33  59  46  43  20  44  39  48  17  38  6  24  54  36  8  47  18  9  14  50  13  16  29  3  22  60  49  37  51  1  57  56  12  5  32  34  40  55  15  23  58  41
   11  36  18  9  35  48  24  12  6  3  32  16  8  4  2  1  31  46  23  42  21  41  51  56  28  14  7  34  17  39  50  25  43  52  26  13  37  49  55  58  29  45  53  57  59  60  30  15  38  19  40  20  10  5  33  47  54  27  44  22
   11  39  44  34  54  14  33  56  10  41  40  42  38  46  30  1  59  4  53  16  29  3  55  12  37  48  26  9  43  36  50  22  17  27  7  47  28  5  51  20  21  19  23  15  31  60  2  57  8  45  32  58  6  49  24  13  35  52  18  25
   11  40  5  9  49  34  52  38  59  18  26  3  31  21  43  7  54  28  45  47  46  55  44  32  27  60  53  50  6  12  42  36  20  23  30  57  2  14  25  16  17  15  58  24  37  13  51  1  33  56  48  29  8  22  4  19  39  35  10  41
   11  42  55  27  31  13  33  4  43  20  32  39  38  12  7  60  35  56  53  36  21  58  44  46  37  47  2  52  10  16  50  19  6  34  30  48  28  57  18  41  29  22  23  49  54  1  26  5  8  25  40  3  17  15  24  14  59  9  51  45
   11  45  51  9  59  14  24  15  17  3  40  25  8  5  26  1  54  49  23  22  29  41  18  57  28  48  30  34  6  19  50  16  10  52  2  47  37  46  44  58  21  36  53  56  35  60  7  12  38  39  32  20  43  4  33  13  31  27  55  42
   11  52  17  33  13  58  40  14  23  54  26  39  31  21  19  55  18  4  57  35  46  7  8  20  15  12  29  2  6  60  30  36  32  59  42  45  50  38  37  16  5  27  34  48  25  49  51  1  9  56  24  53  44  10  28  43  3  47  22  41
   11  54  29  37  57  12  18  20  47  40  56  55  51  1  15  3  52  30  49  23  36  39  2  38  43  34  5  44  16  58  28  46  14  35  4  13  8  32  9  6  53  19  60  22  33  45  31  21  25  26  10  17  50  48  42  27  7  59  24  41
   11  56  30  3  43  47  23  45  35  34  40  4  37  22  51  60  6  25  33  46  29  9  7  19  8  13  44  41  59  12  50  5  31  58  18  14  38  16  26  27  21  57  24  39  10  1  55  36  28  15  32  52  54  42  53  48  17  20  2  49
   11  57  7  3  10  13  23  36  59  34  32  5  37  42  18  60  17  16  33  49  21  9  30  39  8  47  55  41  35  15  50  4  54  58  51  48  38  25  2  27  29  56  24  19  43  1  44  45  28  12  40  52  31  22  53  14  6  20  26  46
   11  58  53  45  25  40  34  32  35  12  56  27  31  21  7  19  60  22  33  59  16  43  50  14  39  18  17  8  36  54  24  6  38  47  48  9  44  20  13  46  29  3  52  30  49  37  51  1  57  26  42  5  2  4  10  55  15  23  28  41
   12  23  18  34  14  29  11  45  24  25  57  40  32  22  20  56  49  35  58  36  17  8  39  51  16  43  30  33  37  31  1  7  3  60  13  46  21  9  38  47  6  28  5  19  26  50  52  2  10  27  55  54  15  41  59  44  4  48  53  42
   12  29  54  46  26  11  5  3  36  43  27  28  32  22  8  20  31  53  34  60  47  44  21  45  40  49  18  39  7  25  55  37  9  48  19  10  15  51  14  17  30  4  23  1  50  38  52  2  58  57  13  6  33  35  41  56  16  24  59  42
   12  53  18  34  14  59  41  15  24  55  27  40  32  22  20  56  19  5  58  36  47  8  9  21  16  13  30  3  7  1  31  37  33  60  43  46  51  39  38  17  6  28  35  49  26  50  52  2  10  57  25  54  45  11  29  44  4  48  23  42
   12  59  54  46  26  41  35  33  36  13  57  28  32  22  8  20  1  23  34  60  17  44  51  15  40  19  18  9  37  55  25  7  39  48  49  10  45  21  14  47  30  4  53  31  50  38  52  2  58  27  43  6  3  5  11  56  16  24  29  42
   13  14  19  15  35  20  2  16  25  36  28  21  53  3  41  17  60  26  39  37  8  29  10  22  57  54  31  4  48  42  12  18  34  1  24  27  52  40  59  38  7  9  56  30  47  11  33  23  51  58  6  55  46  32  50  5  45  49  44  43
   13  20  55  27  47  2  56  34  37  54  58  9  53  3  29  41  42  44  15  1  38  5  52  16  21  60  19  10  18  36  6  48  40  49  30  51  46  22  35  8  31  45  14  12  11  59  33  23  39  28  24  7  4  26  32  17  57  25  50  43
   13  44  19  15  35  50  32  46  25  6  58  21  53  3  41  17  30  56  39  37  38  29  40  52  57  24  31  34  18  12  42  48  4  1  54  27  22  10  59  8  7  9  26  60  47  11  33  23  51  28  36  55  16  2  20  5  45  49  14  43
   13  50  55  27  47  32  26  4  37  24  28  9  53  3  29  41  12  14  15  1  8  5  22  46  21  30  19  40  48  6  36  18  10  49  60  51  16  52  35  38  31  45  44  42  11  59  33  23  39  58  54  7  34  56  2  17  57  25  20  43
   14  13  8  12  52  7  25  11  2  51  59  6  34  24  46  10  27  1  48  50  19  58  17  5  30  33  56  23  39  45  15  9  53  26  3  60  35  47  28  49  20  18  31  57  40  16  54  4  36  29  21  32  41  55  37  22  42  38  43  44
   14  15  20  16  36  21  3  17  26  37  29  22  54  4  42  18  1  27  40  38  9  30  11  23  58  55  32  5  49  43  13  19  35  2  25  28  53  41  60  39  8  10  57  31  48  12  34  24  52  59  7  56  47  33  51  6  46  50  45  44
   14  21  56  28  48  3  57  35  38  55  59  10  54  4  30  42  43  45  16  2  39  6  53  17  22  1  20  11  19  37  7  49  41  50  31  52  47  23  36  9  32  46  15  13  12  60  34  24  40  29  25  8  5  27  33  18  58  26  51  44
   14  43  8  12  52  37  55  41  2  21  29  6  34  24  46  10  57  31  48  50  49  58  47  35  30  3  56  53  9  15  45  39  23  26  33  60  5  17  28  19  20  18  1  27  40  16  54  4  36  59  51  32  11  25  7  22  42  38  13  44
   14  45  20  16  36  51  33  47  26  7  59  22  54  4  42  18  31  57  40  38  39  30  41  53  58  25  32  35  19  13  43  49  5  2  55  28  23  11  60  9  8  10  27  1  48  12  34  24  52  29  37  56  17  3  21  6  46  50  15  44
   14  51  56  28  48  33  27  5  38  25  29  10  54  4  30  42  13  15  16  2  9  6  23  47  22  31  20  41  49  7  37  19  11  50  1  52  17  53  36  39  32  46  45  43  12  60  34  24  40  59  55  8  35  57  3  18  58  26  21  44
