   1  3  9  27  38  28  41  37  25  32  10  30  4  12  36  22  23  26  35  19  14  42  40  34  16  5  15  2  6  18  11  33  13  39  31  7  21  20  17  8  24  29
   1  4  12  7  24  15  8  10  23  27  37  18  17  11  35  13  41  26  42  30  19  40  9  21  5  20  34  14  32  38  39  16  6  2  31  29  36  3  28  33  25  22
   1  4  26  7  38  29  36  10  9  41  37  32  3  39  21  13  27  12  14  2  19  40  23  35  33  6  34  42  18  24  11  16  20  30  31  15  8  17  28  5  25  22
   1  5  25  39  23  29  16  37  13  22  24  34  41  33  36  8  40  28  11  12  17  42  38  18  4  20  14  27  6  30  21  19  9  2  10  7  35  3  15  32  31  26
   1  10  6  19  42  15  8  28  11  9  25  24  35  17  5  37  23  20  12  18  13  34  39  33  41  2  16  26  38  14  3  4  30  32  7  29  36  21  40  27  31  22
   1  10  20  19  14  29  36  28  39  23  25  38  21  3  33  37  9  6  26  32  13  34  11  5  27  30  16  12  24  42  17  4  2  18  7  15  8  35  40  41  31  22
   1  12  15  8  10  34  21  37  14  39  38  26  11  3  36  2  24  30  16  20  25  42  31  28  35  33  9  22  6  29  4  5  17  32  40  7  41  19  13  27  23  18
   1  16  42  31  18  15  8  4  41  33  13  30  11  23  17  19  5  14  24  6  7  28  27  3  35  26  40  38  2  32  9  34  12  20  25  29  36  39  10  21  37  22
   1  18  23  27  13  19  41  7  40  32  17  5  4  29  6  22  9  33  35  28  31  42  25  20  16  30  24  2  36  3  11  26  38  39  14  37  21  34  10  8  15  12
   1  19  17  22  31  30  11  37  15  27  40  29  35  20  36  39  10  18  41  5  9  42  24  26  21  12  13  32  6  28  16  3  14  8  23  7  4  33  25  2  38  34
   1  28  10  22  14  5  11  7  24  27  25  12  35  34  6  39  17  3  41  30  23  42  15  33  21  29  38  32  36  19  16  18  31  8  9  37  4  26  40  2  13  20
   1  30  40  39  9  12  16  7  38  22  15  20  41  26  6  8  25  19  11  29  10  42  13  3  4  34  31  27  36  5  21  28  23  2  17  37  35  18  24  32  14  33
   1  39  10  4  27  33  38  36  12  3  37  9  21  23  34  20  42  24  32  16  13  40  14  18  35  28  5  26  41  31  30  19  6  15  25  8  11  7  2  22  29  17
   2  5  13  8  25  16  9  11  24  28  38  19  18  12  36  14  42  27  1  31  20  41  10  22  6  21  35  15  33  39  40  17  7  3  32  30  37  4  29  34  26  23
   2  5  27  8  39  30  37  11  10  42  38  33  4  40  22  14  28  13  15  3  20  41  24  36  34  7  35  1  19  25  12  17  21  31  32  16  9  18  29  6  26  23
   2  6  18  11  33  13  39  31  7  21  20  17  8  24  29  1  3  9  27  38  28  41  37  25  32  10  30  4  12  36  22  23  26  35  19  14  42  40  34  16  5  15
   2  9  19  21  30  6  27  14  20  4  18  38  42  17  12  11  28  40  8  36  33  41  34  24  22  13  37  16  29  23  39  25  5  1  26  31  32  15  3  35  7  10
   2  10  7  35  3  15  32  31  26  1  5  25  39  23  29  16  37  13  22  24  34  41  33  36  8  40  28  11  12  17  42  38  18  4  20  14  27  6  30  21  19  9
   2  11  7  20  1  16  9  29  12  10  26  25  36  18  6  38  24  21  13  19  14  35  40  34  42  3  17  27  39  15  4  5  31  33  8  30  37  22  41  28  32  23
   2  11  21  20  15  30  37  29  40  24  26  39  22  4  34  38  10  7  27  33  14  35  12  6  28  31  17  13  25  1  18  5  3  19  8  16  9  36  41  42  32  23
   2  13  20  1  28  10  22  14  5  11  7  24  27  25  12  35  34  6  39  17  3  41  30  23  42  15  33  21  29  38  32  36  19  16  18  31  8  9  37  4  26  40
   2  15  5  16  34  40  42  14  19  35  26  23  22  36  12  4  30  10  32  25  37  41  28  38  27  9  3  1  29  24  8  17  20  21  7  31  39  13  33  11  18  6
   2  17  1  32  19  16  9  5  42  34  14  31  12  24  18  20  6  15  25  7  8  29  28  4  36  27  41  39  3  33  10  35  13  21  26  30  37  40  11  22  38  23
   2  17  15  32  33  30  37  5  28  6  14  3  40  10  4  20  34  1  39  21  8  29  42  18  22  13  41  25  31  19  24  35  27  7  26  16  9  12  11  36  38  23
   2  17  37  35  18  24  32  14  33  1  30  40  39  9  12  16  7  38  22  15  20  41  26  6  8  25  19  11  29  10  42  13  3  4  34  31  27  36  5  21  28  23
   2  23  28  21  5  36  27  31  34  4  3  13  42  10  29  11  19  25  8  6  26  41  20  15  22  38  7  16  12  9  39  40  30  1  33  14  32  24  18  35  37  17
   2  24  30  16  20  25  42  31  28  35  33  9  22  6  29  4  5  17  32  40  7  41  19  13  27  23  18  1  12  15  8  10  34  21  37  14  39  38  26  11  3  36
   2  25  33  4  7  23  8  14  3  16  28  6  32  13  12  21  26  24  42  9  5  41  18  10  39  36  20  35  29  40  27  15  37  11  30  31  22  17  19  1  34  38
   2  29  3  14  27  30  37  41  4  12  32  15  34  22  28  26  40  31  21  39  38  17  18  42  10  19  5  7  1  13  36  11  33  25  20  16  9  6  35  24  8  23
   2  29  31  14  13  16  9  41  18  40  32  1  6  36  42  26  12  3  7  25  38  17  4  28  24  33  5  21  15  27  22  11  19  39  20  30  37  34  35  10  8  23
   2  35  25  26  31  16  9  17  6  22  20  7  24  42  12  8  36  39  19  13  32  11  34  40  18  15  29  33  21  3  28  41  1  27  38  30  37  10  5  4  14  23
   2  35  39  26  3  30  37  17  34  36  20  21  10  28  40  8  22  25  33  27  32  11  6  12  4  1  29  19  7  31  42  41  15  13  38  16  9  24  5  18  14  23
   2  36  3  11  26  38  39  14  37  21  34  10  8  15  12  1  18  23  27  13  19  41  7  40  32  17  5  4  29  6  22  9  33  35  28  31  42  25  20  16  30  24
   2  38  34  1  19  17  22  31  30  11  37  15  27  40  29  35  20  36  39  10  18  41  5  9  42  24  26  21  12  13  32  6  28  16  3  14  8  23  7  4  33  25
   2  40  26  4  37  9  8  31  18  16  19  36  32  38  29  21  33  15  42  23  30  41  3  17  39  6  34  35  12  25  27  24  7  11  5  14  22  10  28  1  20  13
   2  41  19  38  7  16  9  35  36  4  8  13  42  6  24  32  18  33  31  1  26  5  22  10  12  39  11  3  27  21  34  29  25  15  14  30  37  28  17  40  20  23
   2  41  33  38  21  30  37  35  22  18  8  27  28  34  10  32  4  19  3  15  26  5  36  24  40  25  11  31  13  7  6  29  39  1  14  16  9  42  17  12  20  23
   3  6  14  9  26  17  10  12  25  29  39  20  19  13  37  15  1  28  2  32  21  42  11  23  7  22  36  16  34  40  41  18  8  4  33  31  38  5  30  35  27  24
   3  6  28  9  40  31  38  12  11  1  39  34  5  41  23  15  29  14  16  4  21  42  25  37  35  8  36  2  20  26  13  18  22  32  33  17  10  19  30  7  27  24
   3  6  29  34  36  27  13  30  2  40  14  41  39  22  19  31  4  28  18  7  8  1  12  21  20  26  42  24  37  15  25  33  17  35  23  10  5  9  16  38  32  11
   3  7  13  15  6  9  29  23  32  8  34  5  17  36  24  22  4  14  28  35  27  12  1  18  19  30  10  39  25  40  21  11  16  37  33  41  38  31  26  42  2  20
   3  11  26  38  39  14  37  21  34  10  8  15  12  1  18  23  27  13  19  41  7  40  32  17  5  4  29  6  22  9  33  35  28  31  42  25  20  16  30  24  2  36
   3  12  8  21  2  17  10  30  13  11  27  26  37  19  7  39  25  22  14  20  15  36  41  35  1  4  18  28  40  16  5  6  32  34  9  31  38  23  42  29  33  24
   3  12  22  21  16  31  38  30  41  25  27  40  23  5  35  39  11  8  28  34  15  36  13  7  29  32  18  14  26  2  19  6  4  20  9  17  10  37  42  1  33  24
   3  14  8  23  7  4  33  25  2  38  34  1  19  17  22  31  30  11  37  15  27  40  29  35  20  36  39  10  18  41  5  9  42  24  26  21  12  13  32  6  28  16
   3  15  32  31  26  1  5  25  39  23  29  16  37  13  22  24  34  41  33  36  8  40  28  11  12  17  42  38  18  4  20  14  27  6  30  21  19  9  2  10  7  35
   3  16  28  6  32  13  12  21  26  24  42  9  5  41  18  10  39  36  20  35  29  40  27  15  37  11  30  31  22  17  19  1  34  38  2  25  33  4  7  23  8  14
   3  18  2  33  20  17  10  6  1  35  15  32  13  25  19  21  7  16  26  8  9  30  29  5  37  28  42  40  4  34  11  36  14  22  27  31  38  41  12  23  39  24
   3  18  16  33  34  31  38  6  29  7  15  4  41  11  5  21  35  2  40  22  9  30  1  19  23  14  42  26  32  20  25  36  28  8  27  17  10  13  12  37  39  24
   3  30  4  15  28  31  38  42  5  13  33  16  35  23  29  27  41  32  22  40  39  18  19  1  11  20  6  8  2  14  37  12  34  26  21  17  10  7  36  25  9  24
   3  30  32  15  14  17  10  42  19  41  33  2  7  37  1  27  13  4  8  26  39  18  5  29  25  34  6  22  16  28  23  12  20  40  21  31  38  35  36  11  9  24
   3  35  7  10  2  9  19  21  30  6  27  14  20  4  18  38  42  17  12  11  28  40  8  36  33  41  34  24  22  13  37  16  29  23  39  25  5  1  26  31  32  15
   3  36  2  24  30  16  20  25  42  31  28  35  33  9  22  6  29  4  5  17  32  40  7  41  19  13  27  23  18  1  12  15  8  10  34  21  37  14  39  38  26  11
   3  36  26  27  32  17  10  18  7  23  21  8  25  1  13  9  37  40  20  14  33  12  35  41  19  16  30  34  22  4  29  42  2  28  39  31  38  11  6  5  15  24
   3  36  40  27  4  31  38  18  35  37  21  22  11  29  41  9  23  26  34  28  33  12  7  13  5  2  30  20  8  32  1  42  16  14  39  17  10  25  6  19  15  24
   3  41  30  23  42  15  33  21  29  38  32  36  19  16  18  31  8  9  37  4  26  40  2  13  20  1  28  10  22  14  5  11  7  24  27  25  12  35  34  6  39  17
   4  3  13  42  10  29  11  19  25  8  6  26  41  20  15  22  38  7  16  12  9  39  40  30  1  33  14  32  24  18  35  37  17  2  23  28  21  5  36  27  31  34
   4  5  17  32  40  7  41  19  13  27  23  18  1  12  15  8  10  34  21  37  14  39  38  26  11  3  36  2  24  30  16  20  25  42  31  28  35  33  9  22  6  29
   4  7  15  10  27  18  11  13  26  30  40  21  20  14  38  16  2  29  3  33  22  1  12  24  8  23  37  17  35  41  42  19  9  5  34  32  39  6  31  36  28  25
   4  7  23  8  14  3  16  28  6  32  13  12  21  26  24  42  9  5  41  18  10  39  36  20  35  29  40  27  15  37  11  30  31  22  17  19  1  34  38  2  25  33
   4  7  29  10  41  32  39  13  12  2  40  35  6  42  24  16  30  15  17  5  22  1  26  38  36  9  37  3  21  27  14  19  23  33  34  18  11  20  31  8  28  25
   4  12  36  22  23  26  35  19  14  42  40  34  16  5  15  2  6  18  11  33  13  39  31  7  21  20  17  8  24  29  1  3  9  27  38  28  41  37  25  32  10  30
   4  13  9  22  3  18  11  31  14  12  28  27  38  20  8  40  26  23  15  21  16  37  42  36  2  5  19  29  41  17  6  7  33  35  10  32  39  24  1  30  34  25
   4  19  3  34  21  18  11  7  2  36  16  33  14  26  20  22  8  17  27  9  10  31  30  6  38  29  1  41  5  35  12  37  15  23  28  32  39  42  13  24  40  25
   4  19  17  34  35  32  39  7  30  8  16  5  42  12  6  22  36  3  41  23  10  31  2  20  24  15  1  27  33  21  26  37  29  9  28  18  11  14  13  38  40  25
   4  26  40  2  13  20  1  28  10  22  14  5  11  7  24  27  25  12  35  34  6  39  17  3  41  30  23  42  15  33  21  29  38  32  36  19  16  18  31  8  9  37
   4  29  6  22  9  33  35  28  31  42  25  20  16  30  24  2  36  3  11  26  38  39  14  37  21  34  10  8  15  12  1  18  23  27  13  19  41  7  40  32  17  5
   4  30  10  32  25  37  41  28  38  27  9  3  1  29  24  8  17  20  21  7  31  39  13  33  11  18  6  2  15  5  16  34  40  42  14  19  35  26  23  22  36  12
   4  31  5  16  29  32  39  1  6  14  34  17  36  24  30  28  42  33  23  41  40  19  20  2  12  21  7  9  3  15  38  13  35  27  22  18  11  8  37  26  10  25
   4  31  33  16  15  18  11  1  20  42  34  3  8  38  2  28  14  5  9  27  40  19  6  30  26  35  7  23  17  29  24  13  21  41  22  32  39  36  37  12  10  25
   4  33  25  2  38  34  1  19  17  22  31  30  11  37  15  27  40  29  35  20  36  39  10  18  41  5  9  42  24  26  21  12  13  32  6  28  16  3  14  8  23  7
   4  37  9  8  31  18  16  19  36  32  38  29  21  33  15  42  23  30  41  3  17  39  6  34  35  12  25  27  24  7  11  5  14  22  10  28  1  20  13  2  40  26
   4  37  27  28  33  18  11  19  8  24  22  9  26  2  14  10  38  41  21  15  34  13  36  42  20  17  31  35  23  5  30  1  3  29  40  32  39  12  7  6  16  25
   4  37  41  28  5  32  39  19  36  38  22  23  12  30  42  10  24  27  35  29  34  13  8  14  6  3  31  21  9  33  2  1  17  15  40  18  11  26  7  20  16  25
   5  2  36  41  24  33  40  38  25  21  11  30  31  37  13  35  7  22  6  18  29  8  39  27  1  28  14  34  16  10  9  32  42  4  17  19  12  3  20  15  23  26
   5  4  29  6  22  9  33  35  28  31  42  25  20  16  30  24  2  36  3  11  26  38  39  14  37  21  34  10  8  15  12  1  18  23  27  13  19  41  7  40  32  17
   5  8  16  11  28  19  12  14  27  31  41  22  21  15  39  17  3  30  4  34  23  2  13  25  9  24  38  18  36  42  1  20  10  6  35  33  40  7  32  37  29  26
   5  8  30  11  42  33  40  14  13  3  41  36  7  1  25  17  31  16  18  6  23  2  27  39  37  10  38  4  22  28  15  20  24  34  35  19  12  21  32  9  29  26
   5  14  10  23  4  19  12  32  15  13  29  28  39  21  9  41  27  24  16  22  17  38  1  37  3  6  20  30  42  18  7  8  34  36  11  33  40  25  2  31  35  26
   5  14  22  10  28  1  20  13  2  40  26  4  37  9  8  31  18  16  19  36  32  38  29  21  33  15  42  23  30  41  3  17  39  6  34  35  12  25  27  24  7  11
   5  14  24  23  18  33  40  32  1  27  29  42  25  7  37  41  13  10  30  36  17  38  15  9  31  34  20  16  28  4  21  8  6  22  11  19  12  39  2  3  35  26
   5  16  34  40  42  14  19  35  26  23  22  36  12  4  30  10  32  25  37  41  28  38  27  9  3  1  29  24  8  17  20  21  7  31  39  13  33  11  18  6  2  15
   5  20  18  35  36  33  40  8  31  9  17  6  1  13  7  23  37  4  42  24  11  32  3  21  25  16  2  28  34  22  27  38  30  10  29  19  12  15  14  39  41  26
   5  21  28  23  2  17  37  35  18  24  32  14  33  1  30  40  39  9  12  16  7  38  22  15  20  41  26  6  8  25  19  11  29  10  42  13  3  4  34  31  27  36
   5  32  6  17  30  33  40  2  7  15  35  18  37  25  31  29  1  34  24  42  41  20  21  3  13  22  8  10  4  16  39  14  36  28  23  19  12  9  38  27  11  26
   5  32  34  17  16  19  12  2  21  1  35  4  9  39  3  29  15  6  10  28  41  20  7  31  27  36  8  24  18  30  25  14  22  42  23  33  40  37  38  13  11  26
   5  36  27  31  34  4  3  13  42  10  29  11  19  25  8  6  26  41  20  15  22  38  7  16  12  9  39  40  30  1  33  14  32  24  18  35  37  17  2  23  28  21
   5  38  28  29  34  19  12  20  9  25  23  10  27  3  15  11  39  42  22  16  35  14  37  1  21  18  32  36  24  6  31  2  4  30  41  33  40  13  8  7  17  26
   6  2  15  5  16  34  40  42  14  19  35  26  23  22  36  12  4  30  10  32  25  37  41  28  38  27  9  3  1  29  24  8  17  20  21  7  31  39  13  33  11  18
   6  8  25  19  11  29  10  42  13  3  4  34  31  27  36  5  21  28  23  2  17  37  35  18  24  32  14  33  1  30  40  39  9  12  16  7  38  22  15  20  41  26
   6  9  17  12  29  20  13  15  28  32  42  23  22  16  40  18  4  31  5  35  24  3  14  26  10  25  39  19  37  1  2  21  11  7  36  34  41  8  33  38  30  27
   6  15  11  24  5  20  13  33  16  14  30  29  40  22  10  42  28  25  17  23  18  39  2  38  4  7  21  31  1  19  8  9  35  37  12  34  41  26  3  32  36  27
   6  15  25  24  19  34  41  33  2  28  30  1  26  8  38  42  14  11  31  37  18  39  16  10  32  35  21  17  29  5  22  9  7  23  12  20  13  40  3  4  36  27
   6  22  9  33  35  28  31  42  25  20  16  30  24  2  36  3  11  26  38  39  14  37  21  34  10  8  15  12  1  18  23  27  13  19  41  7  40  32  17  5  4  29
   6  26  41  20  15  22  38  7  16  12  9  39  40  30  1  33  14  32  24  18  35  37  17  2  23  28  21  5  36  27  31  34  4  3  13  42  10  29  11  19  25  8
   6  27  14  20  4  18  38  42  17  12  11  28  40  8  36  33  41  34  24  22  13  37  16  29  23  39  25  5  1  26  31  32  15  3  35  7  10  2  9  19  21  30
   6  28  16  3  14  8  23  7  4  33  25  2  38  34  1  19  17  22  31  30  11  37  15  27  40  29  35  20  36  39  10  18  41  5  9  42  24  26  21  12  13  32
   6  29  4  5  17  32  40  7  41  19  13  27  23  18  1  12  15  8  10  34  21  37  14  39  38  26  11  3  36  2  24  30  16  20  25  42  31  28  35  33  9  22
   6  30  21  19  9  2  10  7  35  3  15  32  31  26  1  5  25  39  23  29  16  37  13  22  24  34  41  33  36  8  40  28  11  12  17  42  38  18  4  20  14  27
   6  32  13  12  21  26  24  42  9  5  41  18  10  39  36  20  35  29  40  27  15  37  11  30  31  22  17  19  1  34  38  2  25  33  4  7  23  8  14  3  16  28
   6  33  7  18  31  34  41  3  8  16  36  19  38  26  32  30  2  35  25  1  42  21  22  4  14  23  9  11  5  17  40  15  37  29  24  20  13  10  39  28  12  27
   6  33  35  18  17  20  13  3  22  2  36  5  10  40  4  30  16  7  11  29  42  21  8  32  28  37  9  25  19  31  26  15  23  1  24  34  41  38  39  14  12  27
   6  39  17  3  41  30  23  42  15  33  21  29  38  32  36  19  16  18  31  8  9  37  4  26  40  2  13  20  1  28  10  22  14  5  11  7  24  27  25  12  35  34
   6  39  29  30  35  20  13  21  10  26  24  11  28  4  16  12  40  1  23  17  36  15  38  2  22  19  33  37  25  7  32  3  5  31  42  34  41  14  9  8  18  27
   7  4  33  25  2  38  34  1  19  17  22  31  30  11  37  15  27  40  29  35  20  36  39  10  18  41  5  9  42  24  26  21  12  13  32  6  28  16  3  14  8  23
   7  10  2  9  19  21  30  6  27  14  20  4  18  38  42  17  12  11  28  40  8  36  33  41  34  24  22  13  37  16  29  23  39  25  5  1  26  31  32  15  3  35
   7  10  32  13  2  35  42  16  15  5  1  38  9  3  27  19  33  18  20  8  25  4  29  41  39  12  40  6  24  30  17  22  26  36  37  21  14  23  34  11  31  28
   7  11  5  14  22  10  28  1  20  13  2  40  26  4  37  9  8  31  18  16  19  36  32  38  29  21  33  15  42  23  30  41  3  17  39  6  34  35  12  25  27  24
   7  16  26  25  20  35  42  34  3  29  31  2  27  9  39  1  15  12  32  38  19  40  17  11  33  36  22  18  30  6  23  10  8  24  13  21  14  41  4  5  37  28
   7  21  20  17  8  24  29  1  3  9  27  38  28  41  37  25  32  10  30  4  12  36  22  23  26  35  19  14  42  40  34  16  5  15  2  6  18  11  33  13  39  31
   7  31  39  13  33  11  18  6  2  15  5  16  34  40  42  14  19  35  26  23  22  36  12  4  30  10  32  25  37  41  28  38  27  9  3  1  29  24  8  17  20  21
   7  35  3  15  32  31  26  1  5  25  39  23  29  16  37  13  22  24  34  41  33  36  8  40  28  11  12  17  42  38  18  4  20  14  27  6  30  21  19  9  2  10
   8  9  37  4  26  40  2  13  20  1  28  10  22  14  5  11  7  24  27  25  12  35  34  6  39  17  3  41  30  23  42  15  33  21  29  38  32  36  19  16  18  31
   8  14  3  16  28  6  32  13  12  21  26  24  42  9  5  41  18  10  39  36  20  35  29  40  27  15  37  11  30  31  22  17  19  1  34  38  2  25  33  4  7  23
   8  23  7  4  33  25  2  38  34  1  19  17  22  31  30  11  37  15  27  40  29  35  20  36  39  10  18  41  5  9  42  24  26  21  12  13  32  6  28  16  3  14
   8  31  18  16  19  36  32  38  29  21  33  15  42  23  30  41  3  17  39  6  34  35  12  25  27  24  7  11  5  14  22  10  28  1  20  13  2  40  26  4  37  9
   9  2  10  7  35  3  15  32  31  26  1  5  25  39  23  29  16  37  13  22  24  34  41  33  36  8  40  28  11  12  17  42  38  18  4  20  14  27  6  30  21  19
   9  12  20  15  32  23  16  18  31  35  3  26  25  19  1  21  7  34  8  38  27  6  17  29  13  28  42  22  40  4  5  24  14  10  39  37  2  11  36  41  33  30
   9  12  34  15  4  37  2  18  17  7  3  40  11  5  29  21  35  20  22  10  27  6  31  1  41  14  42  8  26  32  19  24  28  38  39  23  16  25  36  13  33  30
   9  18  14  27  8  23  16  36  19  17  33  32  1  25  13  3  31  28  20  26  21  42  5  41  7  10  24  34  4  22  11  12  38  40  15  37  2  29  6  35  39  30
   9  24  8  39  26  23  16  12  7  41  21  38  19  31  25  27  13  22  32  14  15  36  35  11  1  34  6  4  10  40  17  42  20  28  33  37  2  5  18  29  3  30
   10  13  35  16  5  38  3  19  18  8  4  41  12  6  30  22  36  21  23  11  28  7  32  2  42  15  1  9  27  33  20  25  29  39  40  24  17  26  37  14  34  31
   10  19  15  28  9  24  17  37  20  18  34  33  2  26  14  4  32  29  21  27  22  1  6  42  8  11  25  35  5  23  12  13  39  41  16  38  3  30  7  36  40  31
   10  19  29  28  23  38  3  37  6  32  34  5  30  12  42  4  18  15  35  41  22  1  20  14  36  39  25  21  33  9  26  13  11  27  16  24  17  2  7  8  40  31
   10  25  9  40  27  24  17  13  8  42  22  39  20  32  26  28  14  23  33  15  16  37  36  12  2  35  7  5  11  41  18  1  21  29  34  38  3  6  19  30  4  31
   10  25  23  40  41  38  3  13  36  14  22  11  6  18  12  28  42  9  5  29  16  37  8  26  30  21  7  33  39  27  32  1  35  15  34  24  17  20  19  2  4  31
   10  32  25  37  41  28  38  27  9  3  1  29  24  8  17  20  21  7  31  39  13  33  11  18  6  2  15  5  16  34  40  42  14  19  35  26  23  22  36  12  4  30
   11  2  34  35  40  25  18  26  15  31  29  16  33  9  21  17  3  6  28  22  41  20  1  7  27  24  38  42  30  12  37  8  10  36  5  39  4  19  14  13  23  32
   11  8  28  5  16  25  18  2  3  13  17  22  9  15  33  41  27  42  40  10  35  14  31  19  21  6  20  12  36  30  1  38  34  24  23  39  4  37  26  7  29  32
